ROS/FK009A_CTD028_20130823.ros
* Sea-Bird SBE 9 Data File:
* FileName = C:\Falkor-Data-2013\FK009A\CTD\FK009A_CTD028_20130823.hex
* Software Version Seasave V 7.21f
* Temperature SN = 5483
* Conductivity SN = 3916
* Number of Bytes Per Scan = 41
* Number of Voltage Words = 4
* Number of Scans Averaged by the Deck Unit = 1
* NMEA Latitude = 48 14.70 N
* NMEA Longitude = 125 01.21 W
* NMEA UTC (Time) = Aug 23 2013 19:59:51
* NMEA baud rate = 4800
** Ship: RV Falkor
** Station: RD04
** Operator: CPeazy
# nquan = 27
# nvalues = 686                                   
# units = specified
# name 0 = timeQ: Time, NMEA [seconds]
# name 1 = depSM: Depth [salt water, m]
# name 2 = prDM: Pressure, Digiquartz [db]
# name 3 = c0S/m: Conductivity [S/m]
# name 4 = c1S/m: Conductivity, 2 [S/m]
# name 5 = sal00: Salinity, Practical [PSU]
# name 6 = sal11: Salinity, Practical, 2 [PSU]
# name 7 = t090C: Temperature [ITS-90, deg C]
# name 8 = t190C: Temperature, 2 [ITS-90, deg C]
# name 9 = potemp090C: Potential Temperature [ITS-90, deg C]
# name 10 = potemp190C: Potential Temperature, 2 [ITS-90, deg C]
# name 11 = v2: Voltage 2
# name 12 = v3: Voltage 3
# name 13 = v0: Voltage 0
# name 14 = CStarTr0: Beam Transmission, WET Labs C-Star [%]
# name 15 = CStarAt0: Beam Attenuation, WET Labs C-Star [1/m]
# name 16 = v5: Voltage 5
# name 17 = sbeox0PS: Oxygen, SBE 43 [% saturation]
# name 18 = sbeox0ML/L: Oxygen, SBE 43 [ml/l]
# name 19 = sbeox0Mm/Kg: Oxygen, SBE 43 [umol/Kg]
# name 20 = sigma-é00: Density [sigma-theta, Kg/m^3]
# name 21 = sigma-é11: Density, 2 [sigma-theta, Kg/m^3]
# name 22 = svCM: Sound Velocity [Chen-Millero, m/s]
# name 23 = modError: Modulo Error Count
# name 24 = scan: Scan Count
# name 25 = nbf: Bottles Fired
# name 26 = flag:  0.000e+00
# interval = seconds: 0.0416667
# start_time = Aug 23 2013 19:59:51 [NMEA time, first data scan]
# bad_flag = -9.990e-29
*END*
[from data line 376]
  430605247    101.364    102.250   3.419085   3.418930    33.8399    33.8386     6.9049     6.9044     6.8956     6.8952     0.0000     0.0000     0.0781    98.7538     0.0005     4.6093   29.86031    2.03578     88.569    26.5191    26.5182    1478.51          3      49322          8  0.000e+00
  430605247    101.414    102.300   3.419105   3.418963    33.8399    33.8382     6.9050     6.9053     6.8958     6.8960     0.0000     0.0000     0.0794    98.7538     0.0005     4.6093   29.82967    2.03368     88.478    26.5191    26.5177    1478.51          3      49323          8  0.000e+00
  430605247    101.364    102.250   3.419065   3.418988    33.8397    33.8383     6.9049     6.9054     6.8956     6.8962     0.0000     0.0000     0.0794    98.7538     0.0005     4.6093   29.87933    2.03708     88.626    26.5189    26.5178    1478.51          3      49324          8  0.000e+00
  430605247    101.414    102.300   3.419072   3.418969    33.8397    33.8387     6.9049     6.9048     6.8956     6.8955     0.0000     0.0000     0.0781    98.7538     0.0005     4.6093   30.00955    2.04595     89.012    26.5190    26.5182    1478.51          3      49325          8  0.000e+00
  430605247    101.414    102.300   3.419085   3.418943    33.8400    33.8386     6.9047     6.9046     6.8955     6.8953     0.0000     0.0000     0.0781    98.7800     0.0005     4.6105   30.02962    2.04733     89.071    26.5192    26.5181    1478.51          3      49326          8  0.000e+00
  430605247    101.414    102.300   3.419085   3.418930    33.8399    33.8390     6.9049     6.9040     6.8956     6.8948     0.0000     0.0000     0.0769    98.7538     0.0005     4.6093   30.05017    2.04872     89.132    26.5191    26.5185    1478.51          3      49327          8  0.000e+00
  430605247    101.458    102.344   3.419125   3.418905    33.8399    33.8389     6.9053     6.9038     6.8961     6.8946     0.0000     0.0000     0.0781    98.7538     0.0005     4.6093   30.07136    2.05015     89.194    26.5190    26.5185    1478.52          3      49328          8  0.000e+00
  430605247    101.414    102.300   3.419165   3.418911    33.8400    33.8392     6.9056     6.9037     6.8964     6.8944     0.0000     0.0000     0.0781    98.7538     0.0005     4.6093   30.14745    2.05532     89.419    26.5191    26.5187    1478.52          3      49329          8  0.000e+00
  430605247    101.458    102.344   3.419178   3.418834    33.8400    33.8384     6.9058     6.9035     6.8965     6.8942     0.0000     0.0000     0.0781    98.7538     0.0005     4.6093   30.18039    2.05755     89.516    26.5190    26.5182    1478.52          3      49330          8  0.000e+00
  430605247    101.458    102.344   3.419178   3.418840    33.8396    33.8389     6.9061     6.9031     6.8969     6.8939     0.0000     0.0000     0.0769    98.7277     0.0005     4.6081   30.21316    2.05978     89.613    26.5188    26.5185    1478.52          3      49331          8  0.000e+00
  430605247    101.458    102.344   3.419151   3.418814    33.8395    33.8390     6.9060     6.9027     6.8967     6.8935     0.0000     0.0000     0.0781    98.7015     0.0005     4.6068   30.24595    2.06202     89.711    26.5187    26.5187    1478.52          3      49332          8  0.000e+00
  430605247    101.508    102.395   3.419191   3.418827    33.8399    33.8390     6.9060     6.9028     6.8967     6.8936     0.0000     0.0000     0.0781    98.6753     0.0005     4.6056   30.19973    2.05887     89.574    26.5190    26.5187    1478.52          3      49333          8  0.000e+00
  430605247    101.508    102.395   3.419184   3.418782    33.8395    33.8386     6.9063     6.9027     6.8970     6.8935     0.0000     0.0000     0.0781    98.6753     0.0005     4.6056   30.20852    2.05945     89.599    26.5186    26.5184    1478.52          3      49334          8  0.000e+00
  430605247    101.508    102.395   3.419198   3.418795    33.8397    33.8386     6.9063     6.9028     6.8970     6.8936     0.0000     0.0000     0.0781    98.6753     0.0005     4.6056   30.21733    2.06005     89.625    26.5188    26.5184    1478.52          3      49335          8  0.000e+00
  430605247    101.508    102.395   3.419158   3.418814    33.8394    33.8385     6.9061     6.9032     6.8969     6.8939     0.0000     0.0000     0.0781    98.6753     0.0005     4.6056   30.23838    2.06150     89.688    26.5186    26.5183    1478.52          3      49336          8  0.000e+00
  430605247    101.545    102.432   3.419118   3.418834    33.8396    33.8389     6.9055     6.9030     6.8962     6.8938     0.0000     0.0000     0.0781    98.6753     0.0005     4.6056   30.24785    2.06217     89.717    26.5188    26.5185    1478.52          3      49337          8  0.000e+00
  430605418     70.543     71.154   3.430336   3.430114    33.7814    33.7812     7.1055     7.1033     7.0990     7.0968     0.0000     0.0000     0.0781    99.2509     0.0003     4.6325   35.62197    2.41836    105.221    26.4453    26.4454    1478.71          4      53436          9  0.000e+00
  430605418     70.518     71.129   3.430402   3.430101    33.7818    33.7808     7.1059     7.1035     7.0993     7.0970     0.0000     0.0000     0.0781    99.2509     0.0003     4.6325   35.61032    2.41755    105.186    26.4456    26.4451    1478.71          4      53437          9  0.000e+00
  430605418     70.493     71.103   3.430396   3.430114    33.7813    33.7812     7.1063     7.1033     7.0998     7.0968     0.0000     0.0000     0.0794    99.2509     0.0003     4.6325   35.67715    2.42206    105.383    26.4451    26.4454    1478.71          4      53438          9  0.000e+00
  430605418     70.587     71.198   3.430369   3.430120    33.7806    33.7812     7.1067     7.1033     7.1001     7.0968     0.0000     0.0000     0.0781    99.2509     0.0003     4.6325   35.61107    2.41757    105.187    26.4445    26.4455    1478.71          4      53439          9  0.000e+00
  430605418     70.493     71.103   3.430402   3.430101    33.7812    33.7809     7.1065     7.1034     7.1000     7.0969     0.0000     0.0000     0.0781    99.2509     0.0003     4.6325   35.61113    2.41757    105.187    26.4450    26.4452    1478.71          4      53440          9  0.000e+00
  430605419     70.518     71.129   3.430402   3.430114    33.7810    33.7809     7.1067     7.1036     7.1001     7.0971     0.0000     0.0000     0.0781    99.2509     0.0003     4.6325   35.60020    2.41683    105.155    26.4448    26.4451    1478.71          4      53441          9  0.000e+00
  430605419     70.543     71.154   3.430422   3.430120    33.7808    33.7810     7.1071     7.1035     7.1006     7.0970     0.0000     0.0000     0.0794    99.2509     0.0003     4.6325   35.60124    2.41687    105.157    26.4446    26.4452    1478.71          4      53442          9  0.000e+00
  430605419     70.543     71.154   3.430442   3.430120    33.7808    33.7808     7.1073     7.1037     7.1008     7.0972     0.0000     0.0000     0.0781    99.2247     0.0003     4.6313   35.66916    2.42148    105.357    26.4446    26.4451    1478.71          4      53443          9  0.000e+00
  430605419     70.493     71.103   3.430482   3.430139    33.7811    33.7810     7.1075     7.1037     7.1009     7.0972     0.0000     0.0000     0.0781    99.2247     0.0003     4.6313   35.60339    2.41700    105.162    26.4448    26.4452    1478.71          4      53444          9  0.000e+00
  430605419     70.562     71.173   3.430416   3.430152    33.7804    33.7810     7.1075     7.1039     7.1009     7.0974     0.0000     0.0000     0.0781    99.2509     0.0003     4.6325   35.59315    2.41631    105.132    26.4442    26.4452    1478.71          4      53445          9  0.000e+00
  430605419     70.543     71.154   3.430416   3.430107    33.7802    33.7807     7.1076     7.1037     7.1011     7.0972     0.0000     0.0000     0.0781    99.2509     0.0003     4.6325   35.59450    2.41640    105.136    26.4441    26.4449    1478.71          4      53446          9  0.000e+00
  430605419     70.543     71.154   3.430449   3.430114    33.7801    33.7808     7.1081     7.1037     7.1016     7.0972     0.0000     0.0000     0.0781    99.2509     0.0003     4.6325   35.65088    2.42020    105.302    26.4439    26.4450    1478.72          4      53447          9  0.000e+00
  430605419     70.562     71.173   3.430475   3.430120    33.7804    33.7809     7.1081     7.1036     7.1016     7.0971     0.0000     0.0000     0.0794    99.2509     0.0003     4.6325   35.58544    2.41575    105.108    26.4441    26.4452    1478.72          4      53448          9  0.000e+00
  430605419     70.543     71.154   3.430508   3.430146    33.7805    33.7809     7.1084     7.1039     7.1019     7.0974     0.0000     0.0000     0.0794    99.2770     0.0003     4.6337   35.57478    2.41501    105.076    26.4441    26.4451    1478.72          4      53449          9  0.000e+00
  430605419     70.543     71.154   3.430502   3.430152    33.7804    33.7805     7.1084     7.1044     7.1019     7.0979     0.0000     0.0000     0.0781    99.2770     0.0003     4.6337   35.56423    2.41430    105.045    26.4441    26.4447    1478.72          4      53450          9  0.000e+00
  430605419     70.587     71.198   3.430502   3.430152    33.7797    33.7803     7.1091     7.1046     7.1025     7.0980     0.0000     0.0000     0.0781    99.2770     0.0003     4.6337   35.63232    2.41889    105.245    26.4435    26.4446    1478.72          4      53451          9  0.000e+00
  430605419     70.562     71.173   3.430515   3.430126    33.7801    33.7799     7.1089     7.1047     7.1024     7.0982     0.0000     0.0000     0.0781    99.2770     0.0003     4.6337   35.64516    2.41977    105.283    26.4437    26.4442    1478.72          4      53452          9  0.000e+00
  430605419     70.543     71.154   3.430462   3.430139    33.7798    33.7805     7.1086     7.1043     7.1021     7.0978     0.0000     0.0000     0.0781    99.2770     0.0003     4.6337   35.65804    2.42067    105.322    26.4436    26.4447    1478.72          4      53453          9  0.000e+00
  430605419     70.587     71.198   3.430482   3.430133    33.7805    33.7801     7.1081     7.1046     7.1016     7.0980     0.0000     0.0000     0.0757    99.2770     0.0003     4.6337   35.65924    2.42076    105.326    26.4442    26.4444    1478.72          4      53454          9  0.000e+00
  430605419     70.587     71.198   3.430469   3.430120    33.7805    33.7800     7.1080     7.1046     7.1014     7.0980     0.0000     0.0000     0.0769    99.2770     0.0003     4.6337   35.65973    2.42080    105.328    26.4442    26.4443    1478.72          4      53455          9  0.000e+00
  430605419     70.605     71.217   3.430422   3.430165    33.7801    33.7808     7.1078     7.1043     7.1013     7.0977     0.0000     0.0000     0.0769    99.2770     0.0003     4.6337   35.65982    2.42083    105.329    26.4440    26.4449    1478.72          4      53456          9  0.000e+00
  430605419     70.587     71.198   3.430422   3.430114    33.7806    33.7806     7.1073     7.1039     7.1008     7.0974     0.0000     0.0000     0.0769    99.2770     0.0003     4.6337   35.65929    2.42081    105.328    26.4444    26.4448    1478.71          4      53457          9  0.000e+00
  430605419     70.637     71.248   3.430416   3.430114    33.7807    33.7807     7.1071     7.1037     7.1006     7.0972     0.0000     0.0000     0.0769    99.2770     0.0003     4.6337   35.65857    2.42077    105.326    26.4445    26.4450    1478.72          4      53458          9  0.000e+00
  430605419     70.637     71.248   3.430422   3.430120    33.7807    33.7811     7.1071     7.1034     7.1006     7.0969     0.0000     0.0000     0.0769    99.2770     0.0003     4.6337   35.66912    2.42148    105.357    26.4445    26.4453    1478.72          4      53459          9  0.000e+00
  430605419     70.655     71.267   3.430449   3.430101    33.7812    33.7805     7.1070     7.1037     7.1005     7.0972     0.0000     0.0000     0.0757    99.2770     0.0003     4.6337   35.66778    2.42139    105.353    26.4449    26.4448    1478.72          4      53460          9  0.000e+00
  430605419     70.637     71.248   3.430422   3.430133    33.7810    33.7808     7.1068     7.1039     7.1003     7.0974     0.0000     0.0000     0.0757    99.2770     0.0003     4.6337   35.61128    2.41757    105.187    26.4448    26.4450    1478.71          4      53461          9  0.000e+00
  430605419     70.680     71.292   3.430402   3.430172    33.7810    33.7808     7.1067     7.1043     7.1001     7.0977     0.0000     0.0000     0.0757    99.2770     0.0003     4.6337   35.67703    2.42204    105.382    26.4448    26.4450    1478.71          4      53462          9  0.000e+00
  430605419     70.680     71.292   3.430442   3.430165    33.7812    33.7796     7.1068     7.1054     7.1003     7.0989     0.0000     0.0000     0.0769    99.2770     0.0003     4.6337   35.55459    2.41372    105.019    26.4450    26.4438    1478.72          4      53463          9  0.000e+00
  430605419     70.655     71.267   3.430402   3.430197    33.7810    33.7800     7.1067     7.1053     7.1001     7.0988     0.0000     0.0000     0.0757    99.2770     0.0003     4.6337   35.47648    2.40843    104.789    26.4448    26.4442    1478.71          4      53464          9  0.000e+00
  430605420     70.724     71.336   3.430416   3.430165    33.7809    33.7800     7.1068     7.1050     7.1003     7.0985     0.0000     0.0000     0.0769    99.2770     0.0003     4.6337   35.44321    2.40616    104.691    26.4447    26.4442    1478.72          4      53465          9  0.000e+00
  430605420     70.724     71.336   3.430416   3.430178    33.7809    33.7805     7.1068     7.1046     7.1003     7.0980     0.0000     0.0000     0.0757    99.2770     0.0003     4.6337   35.41059    2.40395    104.594    26.4447    26.4447    1478.72          4      53466          9  0.000e+00
  430605420     70.680     71.292   3.430402   3.430159    33.7810    33.7804     7.1067     7.1046     7.1001     7.0980     0.0000     0.0000     0.0769    99.2770     0.0003     4.6337   35.39073    2.40261    104.536    26.4448    26.4446    1478.71          4      53467          9  0.000e+00
  430605420     70.793     71.406   3.430442   3.430223    33.7809    33.7805     7.1071     7.1051     7.1006     7.0986     0.0000     0.0000     0.0769    99.2509     0.0003     4.6325   35.29450    2.39605    104.251    26.4446    26.4446    1478.72          4      53468          9  0.000e+00
  430605420     70.724     71.336   3.430475   3.430249    33.7805    33.7804     7.1080     7.1055     7.1014     7.0990     0.0000     0.0000     0.0769    99.1985     0.0003     4.6300   35.32034    2.39777    104.325    26.4442    26.4445    1478.72          4      53469          9  0.000e+00
  430605420     70.774     71.387   3.430509   3.430223    33.7808    33.7796     7.1080     7.1060     7.1014     7.0995     0.0000     0.0000     0.0769    99.1724     0.0003     4.6288   35.30474    2.39670    104.279    26.4445    26.4438    1478.72          4      53470          9  0.000e+00
  430605420     70.774     71.387   3.430509   3.430256    33.7802    33.7797     7.1086     7.1063     7.1020     7.0998     0.0000     0.0000     0.0757    99.1724     0.0003     4.6288   35.27832    2.39488    104.200    26.4439    26.4438    1478.72          4      53471          9  0.000e+00
  430605420     70.793     71.406   3.430542   3.430275    33.7802    33.7789     7.1089     7.1073     7.1024     7.1007     0.0000     0.0000     0.0769    99.1724     0.0003     4.6288   35.25297    2.39314    104.124    26.4439    26.4431    1478.72          4      53472          9  0.000e+00
