ROS/FK009A_CTD019_20130822.ros
* Sea-Bird SBE 9 Data File:
* FileName = C:\Falkor-Data-2013\FK009A\CTD\FK009A_CTD019_20130822.hex
* Software Version Seasave V 7.21f
* Temperature SN = 5483
* Conductivity SN = 3916
* Number of Bytes Per Scan = 41
* Number of Voltage Words = 4
* Number of Scans Averaged by the Deck Unit = 1
* NMEA Latitude = 48 00.28 N
* NMEA Longitude = 125 21.83 W
* NMEA UTC (Time) = Aug 22 2013 00:31:45
* NMEA baud rate = 4800
** Ship: RV Falkor
** Station: RD01
** Operator: CP
# nquan = 27
# nvalues = 196                                   
# units = specified
# name 0 = timeQ: Time, NMEA [seconds]
# name 1 = depSM: Depth [salt water, m]
# name 2 = prDM: Pressure, Digiquartz [db]
# name 3 = c0S/m: Conductivity [S/m]
# name 4 = c1S/m: Conductivity, 2 [S/m]
# name 5 = sal00: Salinity, Practical [PSU]
# name 6 = sal11: Salinity, Practical, 2 [PSU]
# name 7 = t090C: Temperature [ITS-90, deg C]
# name 8 = t190C: Temperature, 2 [ITS-90, deg C]
# name 9 = potemp090C: Potential Temperature [ITS-90, deg C]
# name 10 = potemp190C: Potential Temperature, 2 [ITS-90, deg C]
# name 11 = v2: Voltage 2
# name 12 = v3: Voltage 3
# name 13 = v0: Voltage 0
# name 14 = CStarTr0: Beam Transmission, WET Labs C-Star [%]
# name 15 = CStarAt0: Beam Attenuation, WET Labs C-Star [1/m]
# name 16 = v5: Voltage 5
# name 17 = sbeox0PS: Oxygen, SBE 43 [% saturation]
# name 18 = sbeox0ML/L: Oxygen, SBE 43 [ml/l]
# name 19 = sbeox0Mm/Kg: Oxygen, SBE 43 [umol/Kg]
# name 20 = sigma-é00: Density [sigma-theta, Kg/m^3]
# name 21 = sigma-é11: Density, 2 [sigma-theta, Kg/m^3]
# name 22 = svCM: Sound Velocity [Chen-Millero, m/s]
# name 23 = modError: Modulo Error Count
# name 24 = scan: Scan Count
# name 25 = nbf: Bottles Fired
# name 26 = flag:  0.000e+00
# interval = seconds: 0.0416667
# start_time = Aug 22 2013 00:31:46 [NMEA time, first data scan]
# bad_flag = -9.990e-29
*END*
  430447773    623.214    629.443   3.266035   3.265903    34.2307    34.2302     4.5352     4.5342     4.4870     4.4860     0.0000     0.0000     0.0794    98.8061     0.0005     4.6117    4.27600    0.30741     13.366    27.1226    27.1224    1478.18          0      25625          1  0.000e+00
  430447773    623.120    629.348   3.266080   3.265884    34.2308    34.2300     4.5357     4.5342     4.4875     4.4860     0.0000     0.0000     0.0794    98.8061     0.0005     4.6117    4.26810    0.30683     13.341    27.1227    27.1222    1478.18          0      25626          1  0.000e+00
  430447773    623.176    629.405   3.266074   3.265897    34.2302    34.2300     4.5362     4.5344     4.4880     4.4862     0.0000     0.0000     0.0781    98.8061     0.0005     4.6117    4.33564    0.31169     13.552    27.1221    27.1222    1478.18          0      25627          1  0.000e+00
  430447773    623.075    629.303   3.266126   3.265903    34.2310    34.2299     4.5360     4.5345     4.4878     4.4863     0.0000     0.0000     0.0794    98.8061     0.0005     4.6117    4.26742    0.30678     13.339    27.1228    27.1221    1478.18          0      25628          1  0.000e+00
  430447773    623.126    629.354   3.266113   3.265948    34.2306    34.2295     4.5362     4.5354     4.4880     4.4872     0.0000     0.0000     0.0781    98.8061     0.0005     4.6117    4.18361    0.30076     13.077    27.1225    27.1217    1478.18          0      25629          1  0.000e+00
  430447773    623.075    629.303   3.266113   3.265967    34.2308    34.2295     4.5360     4.5356     4.4878     4.4875     0.0000     0.0000     0.0781    98.8061     0.0005     4.6117    4.17640    0.30024     13.055    27.1227    27.1217    1478.18          0      25630          1  0.000e+00
  430447773    623.075    629.303   3.266119   3.265967    34.2309    34.2295     4.5360     4.5356     4.4878     4.4875     0.0000     0.0000     0.0794    98.8323     0.0005     4.6129    4.22954    0.30406     13.221    27.1227    27.1217    1478.18          0      25631          1  0.000e+00
  430447773    622.987    629.214   3.266145   3.265967    34.2310    34.2294     4.5363     4.5358     4.4881     4.4876     0.0000     0.0000     0.0794    98.8585     0.0005     4.6142    3.99691    0.28733     12.493    27.1228    27.1216    1478.18          0      25632          1  0.000e+00
  430447773    623.075    629.303   3.266132   3.266011    34.2306    34.2297     4.5365     4.5360     4.4883     4.4878     0.0000     0.0000     0.0781    98.8585     0.0005     4.6142    4.32210    0.31071     13.510    27.1224    27.1217    1478.18          0      25633          1  0.000e+00
  430447773    622.987    629.214   3.266145   3.266024    34.2306    34.2298     4.5366     4.5361     4.4885     4.4879     0.0000     0.0000     0.0781    98.8585     0.0005     4.6142    4.34752    0.31254     13.589    27.1224    27.1218    1478.18          0      25634          1  0.000e+00
  430447773    622.981    629.208   3.266197   3.266024    34.2308    34.2295     4.5371     4.5364     4.4889     4.4882     0.0000     0.0000     0.0781    98.8585     0.0005     4.6142    4.37169    0.31427     13.665    27.1225    27.1215    1478.18          0      25635          1  0.000e+00
  430447773    622.981    629.208   3.266191   3.266049    34.2302    34.2296     4.5376     4.5366     4.4894     4.4884     0.0000     0.0000     0.0781    98.8585     0.0005     4.6142    4.41087    0.31709     13.787    27.1220    27.1216    1478.19          0      25636          1  0.000e+00
  430447773    622.943    629.170   3.266204   3.266055    34.2304    34.2295     4.5376     4.5367     4.4894     4.4885     0.0000     0.0000     0.0781    98.8585     0.0005     4.6142    4.52474    0.32527     14.143    27.1221    27.1216    1478.18          0      25637          1  0.000e+00
  430447773    622.937    629.163   3.266210   3.266055    34.2303    34.2294     4.5378     4.5368     4.4896     4.4886     0.0000     0.0000     0.0781    98.8585     0.0005     4.6142    4.50230    0.32366     14.073    27.1220    27.1215    1478.19          0      25638          1  0.000e+00
  430447774    622.893    629.119   3.266236   3.266100    34.2306    34.2294     4.5378     4.5374     4.4896     4.4892     0.0000     0.0000     0.0769    98.8585     0.0005     4.6142    4.52252    0.32511     14.136    27.1223    27.1214    1478.19          0      25639          1  0.000e+00
  430447774    622.937    629.163   3.266223   3.266112    34.2304    34.2299     4.5378     4.5370     4.4896     4.4889     0.0000     0.0000     0.0781    98.8585     0.0005     4.6142    4.54150    0.32647     14.195    27.1222    27.1218    1478.19          0      25640          1  0.000e+00
  430447774    622.843    629.068   3.266236   3.266093    34.2303    34.2294     4.5380     4.5374     4.4899     4.4892     0.0000     0.0000     0.0769    98.8585     0.0005     4.6142    4.63441    0.33315     14.486    27.1221    27.1214    1478.19          0      25641          1  0.000e+00
  430447774    622.893    629.119   3.266223   3.266106    34.2302    34.2295     4.5380     4.5373     4.4898     4.4891     0.0000     0.0000     0.0781    98.8585     0.0005     4.6142    4.60678    0.33116     14.399    27.1219    27.1215    1478.19          0      25642          1  0.000e+00
  430447774    622.843    629.068   3.266236   3.266093    34.2298    34.2292     4.5385     4.5375     4.4904     4.4893     0.0000     0.0000     0.0769    98.8585     0.0005     4.6142    4.24505    0.30516     13.268    27.1216    27.1212    1478.19          0      25643          1  0.000e+00
  430447774    622.843    629.068   3.266262   3.266087    34.2303    34.2290     4.5384     4.5377     4.4902     4.4895     0.0000     0.0000     0.0781    98.8585     0.0005     4.6142    4.33434    0.31158     13.548    27.1220    27.1210    1478.19          0      25644          1  0.000e+00
  430447774    622.799    629.023   3.266249   3.266106    34.2302    34.2290     4.5384     4.5378     4.4902     4.4897     0.0000     0.0000     0.0781    98.8585     0.0005     4.6142    4.30492    0.30946     13.456    27.1219    27.1210    1478.19          0      25645          1  0.000e+00
  430447774    622.843    629.068   3.266288   3.266112    34.2306    34.2293     4.5384     4.5376     4.4902     4.4894     0.0000     0.0000     0.0781    98.8585     0.0005     4.6142    4.35156    0.31281     13.601    27.1222    27.1213    1478.19          0      25646          1  0.000e+00
  430447774    622.799    629.023   3.266262   3.266138    34.2301    34.2296     4.5385     4.5377     4.4904     4.4895     0.0000     0.0000     0.0769    98.8585     0.0005     4.6142    4.41381    0.31729     13.796    27.1218    27.1215    1478.19          0      25647          1  0.000e+00
  430447774    622.792    629.017   3.266262   3.266169    34.2304    34.2296     4.5383     4.5380     4.4901     4.4898     0.0000     0.0000     0.0781    98.8585     0.0005     4.6142    4.41577    0.31743     13.802    27.1221    27.1215    1478.19          0      25648          1  0.000e+00
  430447774    622.748    628.972   3.266249   3.266157    34.2298    34.2295     4.5387     4.5380     4.4905     4.4898     0.0000     0.0000     0.0769    98.8585     0.0005     4.6142    4.32538    0.31093     13.520    27.1216    27.1214    1478.19          0      25649          1  0.000e+00
  430447774    622.799    629.023   3.266262   3.266144    34.2301    34.2294     4.5385     4.5379     4.4904     4.4897     0.0000     0.0000     0.0769    98.8323     0.0005     4.6129    4.38573    0.31527     13.708    27.1218    27.1213    1478.19          0      25650          1  0.000e+00
  430447774    622.748    628.972   3.266249   3.266144    34.2300    34.2292     4.5385     4.5382     4.4904     4.4900     0.0000     0.0000     0.0781    98.7277     0.0005     4.6081    4.32669    0.31103     13.524    27.1217    27.1211    1478.19          0      25651          1  0.000e+00
  430447774    622.754    628.979   3.266288   3.266144    34.2302    34.2293     4.5388     4.5380     4.4906     4.4898     0.0000     0.0000     0.0781    98.6753     0.0005     4.6056    4.31167    0.30994     13.477    27.1218    27.1213    1478.19          0      25652          1  0.000e+00
  430447774    622.748    628.972   3.266301   3.266125    34.2304    34.2293     4.5387     4.5378     4.4905     4.4897     0.0000     0.0000     0.0781    98.6753     0.0005     4.6056    4.29665    0.30886     13.430    27.1221    27.1212    1478.19          0      25653          1  0.000e+00
  430447774    622.698    628.921   3.266301   3.266138    34.2304    34.2293     4.5388     4.5380     4.4906     4.4898     0.0000     0.0000     0.0781    98.6753     0.0005     4.6056    4.28160    0.30778     13.383    27.1220    27.1212    1478.19          0      25654          1  0.000e+00
  430447774    622.754    628.979   3.266282   3.266125    34.2298    34.2293     4.5391     4.5378     4.4910     4.4896     0.0000     0.0000     0.0781    98.6753     0.0005     4.6056    4.19126    0.30129     13.100    27.1215    27.1213    1478.19          0      25655          1  0.000e+00
  430447774    622.698    628.921   3.266295   3.266093    34.2301    34.2291     4.5390     4.5377     4.4909     4.4895     0.0000     0.0000     0.0781    98.6753     0.0005     4.6056    4.14486    0.29795     12.955    27.1217    27.1211    1478.19          0      25656          1  0.000e+00
  430447774    622.704    628.928   3.266301   3.266106    34.2304    34.2294     4.5388     4.5375     4.4906     4.4894     0.0000     0.0000     0.0769    98.6753     0.0005     4.6056    4.11483    0.29579     12.861    27.1220    27.1214    1478.19          0      25657          1  0.000e+00
  430447774    622.748    628.972   3.266308   3.266112    34.2304    34.2295     4.5388     4.5375     4.4906     4.4893     0.0000     0.0000     0.0781    98.6753     0.0005     4.6056    4.16080    0.29910     13.005    27.1220    27.1214    1478.19          0      25658          1  0.000e+00
  430447774    622.698    628.921   3.266301   3.266138    34.2308    34.2298     4.5384     4.5375     4.4902     4.4893     0.0000     0.0000     0.0781    98.6753     0.0005     4.6056    4.14707    0.29811     12.962    27.1224    27.1217    1478.18          0      25659          1  0.000e+00
  430447774    622.704    628.928   3.266282   3.266119    34.2306    34.2294     4.5384     4.5377     4.4902     4.4895     0.0000     0.0000     0.0781    98.6753     0.0005     4.6056    4.20870    0.30254     13.155    27.1222    27.1213    1478.18          0      25660          1  0.000e+00
  430447774    622.698    628.921   3.266295   3.266138    34.2304    34.2296     4.5387     4.5377     4.4905     4.4895     0.0000     0.0000     0.0781    98.6753     0.0005     4.6056    4.15099    0.29839     12.974    27.1220    27.1215    1478.19          0      25661          1  0.000e+00
  430447774    622.704    628.928   3.266282   3.266119    34.2304    34.2294     4.5385     4.5377     4.4904     4.4895     0.0000     0.0000     0.0769    98.6753     0.0005     4.6056    4.15361    0.29858     12.983    27.1221    27.1213    1478.18          0      25662          1  0.000e+00
  430447775    622.748    628.972   3.266334   3.266112    34.2308    34.2294     4.5387     4.5376     4.4905     4.4895     0.0000     0.0012     0.0794    98.6753     0.0005     4.6056    4.15690    0.29882     12.993    27.1224    27.1213    1478.19          0      25663          1  0.000e+00
  430447775    622.698    628.921   3.266275   3.266112    34.2303    34.2293     4.5385     4.5377     4.4904     4.4895     0.0000     0.0000     0.0806    98.6753     0.0005     4.6056    4.16079    0.29910     13.005    27.1220    27.1213    1478.18          0      25664          1  0.000e+00
  430447775    622.704    628.928   3.266262   3.266112    34.2303    34.2293     4.5384     4.5377     4.4903     4.4895     0.0000     0.0000     0.0806    98.6753     0.0005     4.6056    4.16537    0.29943     13.019    27.1220    27.1213    1478.18          0      25665          1  0.000e+00
  430447775    622.748    628.972   3.266230   3.266138    34.2300    34.2296     4.5384     4.5377     4.4902     4.4895     0.0000     0.0000     0.0806    98.6753     0.0005     4.6056    4.17062    0.29981     13.036    27.1217    27.1215    1478.18          0      25666          1  0.000e+00
  430447775    622.755    628.979   3.266275   3.266125    34.2300    34.2292     4.5388     4.5379     4.4906     4.4897     0.0000     0.0000     0.0794    98.6753     0.0005     4.6056    4.16017    0.29905     13.003    27.1217    27.1212    1478.19          0      25667          1  0.000e+00
  430447775    622.698    628.921   3.266282   3.266138    34.2301    34.2291     4.5388     4.5382     4.4906     4.4900     0.0000     0.0000     0.0794    98.6753     0.0005     4.6056    4.14969    0.29830     12.970    27.1218    27.1211    1478.19          0      25668          1  0.000e+00
  430447775    622.748    628.972   3.266314   3.266144    34.2306    34.2295     4.5387     4.5378     4.4905     4.4897     0.0000     0.0000     0.0794    98.6753     0.0005     4.6056    4.15560    0.29873     12.989    27.1222    27.1214    1478.19          0      25669          1  0.000e+00
  430447775    622.799    629.023   3.266314   3.266119    34.2305    34.2292     4.5388     4.5378     4.4906     4.4897     0.0000     0.0000     0.0794    98.6753     0.0005     4.6056    4.23750    0.30461     13.245    27.1221    27.1212    1478.19          0      25670          1  0.000e+00
  430447775    622.748    628.972   3.266308   3.266138    34.2305    34.2296     4.5387     4.5377     4.4905     4.4895     0.0000     0.0000     0.0806    98.7277     0.0005     4.6081    4.24336    0.30503     13.263    27.1221    27.1215    1478.19          0      25671          1  0.000e+00
  430447775    622.799    629.023   3.266301   3.266144    34.2306    34.2295     4.5385     4.5378     4.4904     4.4896     0.0000     0.0000     0.0794    98.7538     0.0005     4.6093    4.17327    0.30000     13.044    27.1222    27.1214    1478.19          0      25672          1  0.000e+00
  430447775    622.792    629.017   3.266262   3.266144    34.2303    34.2293     4.5384     4.5380     4.4902     4.4898     0.0000     0.0000     0.0794    98.7800     0.0005     4.6105    4.16282    0.29925     13.011    27.1220    27.1212    1478.19          0      25673          1  0.000e+00
  430448476    217.612    219.570   3.400541   3.400347    33.9744    33.9732     6.5035     6.5025     6.4841     6.4831     0.0000     0.0000     0.0781    99.4863     0.0002     4.6435   18.95350    1.30305     56.682    26.6800    26.6792    1479.04          1      42503          2  0.000e+00
  430448476    217.612    219.570   3.400508   3.400354    33.9738    33.9734     6.5037     6.5024     6.4843     6.4830     0.0000     0.0000     0.0781    99.4863     0.0002     4.6435   18.94779    1.30266     56.665    26.6795    26.6794    1479.04          1      42504          2  0.000e+00
  430448476    217.562    219.520   3.400528   3.400315    33.9740    33.9730     6.5038     6.5024     6.4844     6.4830     0.0000     0.0000     0.0781    99.4863     0.0002     4.6435   18.94196    1.30225     56.647    26.6797    26.6791    1479.04          1      42505          2  0.000e+00
  430448476    217.518    219.476   3.400535   3.400321    33.9742    33.9730     6.5036     6.5025     6.4842     6.4831     0.0000     0.0000     0.0794    99.4863     0.0002     4.6435   18.93615    1.30186     56.630    26.6799    26.6791    1479.04          1      42506          2  0.000e+00
