ROS/FK009A_CTD038_20130827.ros
* Sea-Bird SBE 9 Data File:
* FileName = C:\Falkor-Data-2013\FK009A\CTD\FK009A_CTD038_20130827.hex
* Software Version Seasave V 7.21f
* Temperature SN = 5483
* Conductivity SN = 3916
* Number of Bytes Per Scan = 41
* Number of Voltage Words = 4
* Number of Scans Averaged by the Deck Unit = 1
* NMEA Latitude = 48 21.13 N
* NMEA Longitude = 125 18.85 W
* NMEA UTC (Time) = Aug 27 2013 20:17:29
* NMEA baud rate = 4800
** Ship: RV Falkor
** Station: NN03
** Operator: CP
# nquan = 27
# nvalues = 392                                   
# units = specified
# name 0 = timeQ: Time, NMEA [seconds]
# name 1 = depSM: Depth [salt water, m]
# name 2 = prDM: Pressure, Digiquartz [db]
# name 3 = c0S/m: Conductivity [S/m]
# name 4 = c1S/m: Conductivity, 2 [S/m]
# name 5 = sal00: Salinity, Practical [PSU]
# name 6 = sal11: Salinity, Practical, 2 [PSU]
# name 7 = t090C: Temperature [ITS-90, deg C]
# name 8 = t190C: Temperature, 2 [ITS-90, deg C]
# name 9 = potemp090C: Potential Temperature [ITS-90, deg C]
# name 10 = potemp190C: Potential Temperature, 2 [ITS-90, deg C]
# name 11 = v2: Voltage 2
# name 12 = v3: Voltage 3
# name 13 = v0: Voltage 0
# name 14 = CStarTr0: Beam Transmission, WET Labs C-Star [%]
# name 15 = CStarAt0: Beam Attenuation, WET Labs C-Star [1/m]
# name 16 = v5: Voltage 5
# name 17 = sbeox0PS: Oxygen, SBE 43 [% saturation]
# name 18 = sbeox0ML/L: Oxygen, SBE 43 [ml/l]
# name 19 = sbeox0Mm/Kg: Oxygen, SBE 43 [umol/Kg]
# name 20 = sigma-é00: Density [sigma-theta, Kg/m^3]
# name 21 = sigma-é11: Density, 2 [sigma-theta, Kg/m^3]
# name 22 = svCM: Sound Velocity [Chen-Millero, m/s]
# name 23 = modError: Modulo Error Count
# name 24 = scan: Scan Count
# name 25 = nbf: Bottles Fired
# name 26 = flag:  0.000e+00
# interval = seconds: 0.0416667
# start_time = Jan 01 2000 20:17:29 [NMEA time, first data scan]
# bad_flag = -9.990e-29
*END*
[from data line 269]
  430950939     31.178     31.445   3.417236   3.417187    33.3727    33.3690     7.3991     7.4024     7.3962     7.3994     0.0000     0.0000     0.0855    98.4661     0.0006     4.5958   30.21683    2.04316     88.928    26.0824    26.0791    1478.68          0      26147          6  0.000e+00
  430950939     31.184     31.451   3.417203   3.417200    33.3731    33.3684     7.3983     7.4032     7.3954     7.4003     0.0000     0.0000     0.0855    98.4661     0.0006     4.5958   30.27622    2.04721     89.104    26.0829    26.0785    1478.68          0      26148          6  0.000e+00
  430950939     31.134     31.401   3.417196   3.417239    33.3729    33.3682     7.3984     7.4039     7.3955     7.4009     0.0000     0.0000     0.0855    98.4661     0.0006     4.5958   30.28022    2.04748     89.116    26.0827    26.0782    1478.68          0      26149          6  0.000e+00
  430950939     31.134     31.401   3.417223   3.417258    33.3728    33.3680     7.3989     7.4043     7.3960     7.4014     0.0000     0.0000     0.0855    98.4661     0.0006     4.5958   30.21807    2.04325     88.932    26.0825    26.0780    1478.68          0      26150          6  0.000e+00
  430950939     31.090     31.357   3.417249   3.417303    33.3738    33.3672     7.3981     7.4056     7.3952     7.4027     0.0000     0.0000     0.0855    98.4661     0.0006     4.5958   30.27633    2.04722     89.105    26.0834    26.0772    1478.68          0      26151          6  0.000e+00
  430950939     30.997     31.262   3.417295   3.417368    33.3732    33.3670     7.3994     7.4066     7.3965     7.4037     0.0000     0.0000     0.0855    98.4661     0.0006     4.5958   30.29084    2.04815     89.145    26.0827    26.0769    1478.68          0      26152          6  0.000e+00
  430950939     30.997     31.262   3.417361   3.417361    33.3717    33.3664     7.4016     7.4072     7.3987     7.4043     0.0000     0.0000     0.0855    98.4661     0.0006     4.5958   30.29398    2.04827     89.151    26.0813    26.0763    1478.69          0      26153          6  0.000e+00
  430950939     30.997     31.262   3.417428   3.417374    33.3706    33.3661     7.4036     7.4076     7.4007     7.4047     0.0000     0.0000     0.0855    98.4922     0.0006     4.5971   30.29668    2.04838     89.156    26.0801    26.0761    1478.69          0      26154          6  0.000e+00
  430950939     30.947     31.212   3.417441   3.417381    33.3697    33.3665     7.4046     7.4073     7.4017     7.4044     0.0000     0.0012     0.0855    98.4661     0.0006     4.5958   30.23291    2.04403     88.966    26.0793    26.0764    1478.69          0      26155          6  0.000e+00
  430950939     30.903     31.168   3.417441   3.417361    33.3694    33.3669     7.4050     7.4067     7.4021     7.4038     0.0000     0.0000     0.0855    98.4661     0.0006     4.5958   30.22385    2.04341     88.939    26.0790    26.0768    1478.69          0      26156          6  0.000e+00
  430950939     30.860     31.124   3.417421   3.417323    33.3691    33.3668     7.4051     7.4064     7.4022     7.4035     0.0000     0.0000     0.0855    98.4661     0.0006     4.5958   30.21481    2.04279     88.912    26.0787    26.0767    1478.69          0      26157          6  0.000e+00
  430950939     30.860     31.124   3.417408   3.417342    33.3689    33.3667     7.4052     7.4067     7.4023     7.4038     0.0000     0.0000     0.0842    98.4661     0.0006     4.5958   30.28346    2.04744     89.114    26.0786    26.0766    1478.69          0      26158          6  0.000e+00
  430950939     30.810     31.074   3.417454   3.417355    33.3692    33.3656     7.4054     7.4080     7.4025     7.4051     0.0000     0.0000     0.0842    98.4661     0.0006     4.5958   30.21973    2.04311     88.926    26.0787    26.0756    1478.69          0      26159          6  0.000e+00
  430950939     30.722     30.986   3.417514   3.417393    33.3687    33.3652     7.4066     7.4089     7.4037     7.4060     0.0000     0.0000     0.0842    98.4661     0.0006     4.5958   30.21046    2.04244     88.897    26.0782    26.0752    1478.70          0      26160          6  0.000e+00
  430950939     30.722     30.986   3.417560   3.417464    33.3680    33.3653     7.4079     7.4096     7.4050     7.4067     0.0000     0.0000     0.0842    98.4922     0.0006     4.5971   30.18986    2.04099     88.834    26.0775    26.0751    1478.70          0      26161          6  0.000e+00
  430950939     30.673     30.935   3.417586   3.417458    33.3673    33.3645     7.4090     7.4104     7.4061     7.4075     0.0000     0.0000     0.0855    98.4661     0.0006     4.5958   30.18028    2.04031     88.804    26.0768    26.0744    1478.70          0      26162          6  0.000e+00
  430950939     30.629     30.891   3.417613   3.417509    33.3671    33.3646     7.4095     7.4109     7.4066     7.4080     0.0000     0.0000     0.0842    98.4661     0.0006     4.5958   30.18242    2.04043     88.810    26.0765    26.0744    1478.70          0      26163          6  0.000e+00
  430950939     30.629     30.891   3.417653   3.417535    33.3662    33.3646     7.4109     7.4112     7.4080     7.4083     0.0000     0.0000     0.0842    98.4661     0.0006     4.5958   30.18515    2.04056     88.815    26.0756    26.0743    1478.71          0      26164          6  0.000e+00
  430950940     30.579     30.841   3.417705   3.417541    33.3656    33.3647     7.4120     7.4112     7.4092     7.4083     0.0000     0.0000     0.0842    98.4922     0.0006     4.5971   30.18816    2.04072     88.822    26.0750    26.0744    1478.71          0      26165          6  0.000e+00
  430950940     30.542     30.803   3.417719   3.417554    33.3653    33.3651     7.4126     7.4109     7.4097     7.4080     0.0000     0.0000     0.0855    98.4922     0.0006     4.5971   30.24590    2.04460     88.991    26.0747    26.0748    1478.71          0      26166          6  0.000e+00
  430950940     30.492     30.753   3.417772   3.417567    33.3650    33.3647     7.4135     7.4115     7.4106     7.4087     0.0000     0.0000     0.0855    98.5184     0.0006     4.5983   30.18261    2.04028     88.804    26.0743    26.0744    1478.71          0      26167          6  0.000e+00
  430950940     30.442     30.703   3.417758   3.417541    33.3647    33.3643     7.4137     7.4117     7.4108     7.4088     0.0000     0.0000     0.0842    98.5184     0.0006     4.5983   30.17401    2.03970     88.778    26.0740    26.0740    1478.71          0      26168          6  0.000e+00
  430950940     30.398     30.659   3.417818   3.417587    33.3651    33.3645     7.4140     7.4120     7.4111     7.4091     0.0000     0.0000     0.0855    98.4922     0.0006     4.5971   30.15378    2.03831     88.718    26.0743    26.0741    1478.71          0      26169          6  0.000e+00
  430950940     30.355     30.615   3.417798   3.417580    33.3650    33.3646     7.4139     7.4118     7.4110     7.4090     0.0000     0.0000     0.0855    98.5184     0.0006     4.5983   30.14475    2.03771     88.691    26.0743    26.0742    1478.71          0      26170          6  0.000e+00
  430950940     30.355     30.615   3.417805   3.417541    33.3643    33.3642     7.4146     7.4118     7.4118     7.4090     0.0000     0.0000     0.0842    98.5184     0.0006     4.5983   30.13585    2.03708     88.664    26.0737    26.0739    1478.72          0      26171          6  0.000e+00
  430951025     20.527     20.702   3.422833   3.422893    33.2935    33.2906     7.5499     7.5535     7.5479     7.5516     0.0000     0.0000     0.0855    98.7277     0.0005     4.6081   31.56203    2.12791     92.624    25.9988    25.9960    1478.98          0      28219          7  0.000e+00
  430951025     20.527     20.702   3.422800   3.422842    33.2934    33.2911     7.5496     7.5525     7.5476     7.5506     0.0000     0.0000     0.0855    98.7277     0.0005     4.6081   31.63000    2.13250     92.824    25.9988    25.9965    1478.98          0      28220          7  0.000e+00
  430951025     20.527     20.702   3.422733   3.422796    33.2935    33.2920     7.5488     7.5510     7.5468     7.5490     0.0000     0.0000     0.0855    98.7277     0.0005     4.6081   31.57870    2.12908     92.675    25.9989    25.9975    1478.98          0      28221          7  0.000e+00
  430951025     20.439     20.614   3.422773   3.422745    33.2944    33.2923     7.5483     7.5502     7.5464     7.5482     0.0000     0.0000     0.0855    98.7277     0.0005     4.6081   31.57144    2.12861     92.655    25.9997    25.9978    1478.98          0      28222          7  0.000e+00
  430951025     20.577     20.752   3.422753   3.422732    33.2950    33.2924     7.5474     7.5498     7.5454     7.5479     0.0000     0.0000     0.0855    98.7277     0.0005     4.6081   31.56603    2.12828     92.640    26.0004    25.9980    1478.98          0      28223          7  0.000e+00
  430951025     20.483     20.658   3.422674   3.422706    33.2945    33.2932     7.5470     7.5487     7.5451     7.5468     0.0000     0.0000     0.0855    98.7277     0.0005     4.6081   31.56058    2.12793     92.625    26.0000    25.9988    1478.97          0      28224          7  0.000e+00
  430951025     20.577     20.752   3.422634   3.422648    33.2951    33.2929     7.5459     7.5484     7.5440     7.5464     0.0000     0.0000     0.0855    98.7277     0.0005     4.6081   31.56840    2.12851     92.650    26.0006    25.9985    1478.97          0      28225          7  0.000e+00
  430951025     20.527     20.702   3.422575   3.422680    33.2960    33.2934     7.5443     7.5483     7.5424     7.5463     0.0000     0.0000     0.0855    98.7015     0.0005     4.6068   31.51138    2.12473     92.485    26.0016    25.9989    1478.97          0      28226          7  0.000e+00
  430951025     20.564     20.740   3.422522   3.422674    33.2992    33.2934     7.5404     7.5481     7.5384     7.5462     0.0000     0.0000     0.0855    98.7277     0.0005     4.6081   31.51123    2.12486     92.491    26.0046    25.9990    1478.96          0      28227          7  0.000e+00
  430951025     20.527     20.702   3.422402   3.422713    33.2995    33.2936     7.5387     7.5484     7.5368     7.5464     0.0000     0.0000     0.0867    98.7277     0.0005     4.6081   31.57818    2.12945     92.691    26.0051    25.9991    1478.95          0      28228          7  0.000e+00
  430951026     20.577     20.752   3.422349   3.422680    33.2989    33.2937     7.5387     7.5480     7.5368     7.5460     0.0000     0.0000     0.0867    98.7277     0.0005     4.6081   31.51504    2.12520     92.506    26.0046    25.9992    1478.95          0      28229          7  0.000e+00
  430951026     20.527     20.702   3.422402   3.422622    33.2991    33.2934     7.5392     7.5476     7.5373     7.5456     0.0000     0.0000     0.0855    98.7277     0.0005     4.6081   31.50743    2.12466     92.483    26.0047    25.9991    1478.95          0      28230          7  0.000e+00
  430951026     20.577     20.752   3.422402   3.422603    33.2971    33.2939     7.5413     7.5468     7.5393     7.5449     0.0000     0.0000     0.0855    98.7277     0.0005     4.6081   31.56719    2.12862     92.655    26.0028    25.9995    1478.96          0      28231          7  0.000e+00
  430951026     20.577     20.752   3.422416   3.422584    33.2964    33.2945     7.5421     7.5460     7.5401     7.5441     0.0000     0.0000     0.0855    98.7277     0.0005     4.6081   31.57317    2.12899     92.671    26.0022    26.0001    1478.96          0      28232          7  0.000e+00
  430951026     20.577     20.752   3.422429   3.422597    33.2975    33.2939     7.5411     7.5467     7.5392     7.5448     0.0000     0.0000     0.0855    98.7277     0.0005     4.6081   31.58014    2.12950     92.693    26.0032    25.9996    1478.96          0      28233          7  0.000e+00
  430951026     20.577     20.752   3.422469   3.422558    33.2979    33.2936     7.5412     7.5467     7.5392     7.5447     0.0000     0.0000     0.0855    98.7277     0.0005     4.6081   31.65364    2.13444     92.908    26.0035    25.9993    1478.96          0      28234          7  0.000e+00
  430951026     20.577     20.752   3.422422   3.422519    33.2976    33.2934     7.5410     7.5464     7.5390     7.5445     0.0000     0.0000     0.0867    98.7277     0.0005     4.6081   31.60740    2.13134     92.773    26.0033    25.9992    1478.96          0      28235          7  0.000e+00
  430951026     20.577     20.752   3.422376   3.422513    33.2978    33.2943     7.5402     7.5454     7.5382     7.5435     0.0000     0.0000     0.0855    98.7277     0.0005     4.6081   31.61668    2.13200     92.802    26.0036    26.0000    1478.95          0      28236          7  0.000e+00
  430951026     20.577     20.752   3.422356   3.422468    33.2979    33.2946     7.5398     7.5446     7.5379     7.5426     0.0000     0.0000     0.0855    98.7277     0.0005     4.6081   31.57276    2.12905     92.674    26.0037    26.0004    1478.95          0      28237          7  0.000e+00
  430951026     20.620     20.796   3.422316   3.422403    33.2979    33.2943     7.5394     7.5442     7.5374     7.5422     0.0000     0.0000     0.0855    98.7277     0.0005     4.6081   31.57388    2.12915     92.678    26.0038    26.0002    1478.95          0      28238          7  0.000e+00
  430951026     20.577     20.752   3.422343   3.422249    33.2984    33.2953     7.5392     7.5414     7.5373     7.5395     0.0000     0.0000     0.0855    98.7277     0.0005     4.6081   31.64167    2.13373     92.877    26.0042    26.0014    1478.95          0      28239          7  0.000e+00
  430951026     20.577     20.752   3.422296   3.422087    33.2984    33.2976     7.5387     7.5371     7.5368     7.5352     0.0000     0.0000     0.0855    98.7277     0.0005     4.6081   31.57881    2.12951     92.694    26.0042    26.0038    1478.95          0      28240          7  0.000e+00
  430951026     20.620     20.796   3.422277   3.421933    33.2981    33.2993     7.5388     7.5336     7.5368     7.5317     0.0000     0.0000     0.0855    98.7277     0.0005     4.6081   31.58314    2.12980     92.706    26.0040    26.0057    1478.95          0      28241          7  0.000e+00
  430951026     20.577     20.752   3.422290   3.421823    33.2986    33.3003     7.5384     7.5314     7.5365     7.5294     0.0000     0.0000     0.0855    98.7277     0.0005     4.6081   31.58853    2.13018     92.723    26.0044    26.0068    1478.95          0      28242          7  0.000e+00
  430951026     20.577     20.752   3.422257   3.421823    33.2981    33.3011     7.5386     7.5306     7.5366     7.5286     0.0000     0.0000     0.0855    98.7277     0.0005     4.6081   31.59545    2.13064     92.743    26.0040    26.0075    1478.95          0      28243          7  0.000e+00
  430951026     20.577     20.752   3.422283   3.421784    33.2987    33.3014     7.5383     7.5298     7.5363     7.5278     0.0000     0.0000     0.0855    98.7277     0.0005     4.6081   31.59223    2.13043     92.734    26.0045    26.0079    1478.95          0      28244          7  0.000e+00
  430951026     20.620     20.796   3.422257   3.421772    33.2982    33.3019     7.5384     7.5291     7.5365     7.5272     0.0000     0.0000     0.0855    98.7277     0.0005     4.6081   31.59009    2.13029     92.727    26.0041    26.0083    1478.95          0      28245          7  0.000e+00
  430951026     20.577     20.752   3.422257   3.421752    33.2979    33.3018     7.5387     7.5290     7.5368     7.5271     0.0000     0.0000     0.0855    98.7277     0.0005     4.6081   31.58851    2.13017     92.722    26.0039    26.0083    1478.95          0      28246          7  0.000e+00
