ROS/FK009A_CTD025_20130822.ros
* Sea-Bird SBE 9 Data File:
* FileName = C:\Falkor-Data-2013\FK009A\CTD\FK009A_CTD025_20130822.hex
* Software Version Seasave V 7.21f
* Temperature SN = 5483
* Conductivity SN = 3916
* Number of Bytes Per Scan = 41
* Number of Voltage Words = 4
* Number of Scans Averaged by the Deck Unit = 1
* NMEA Latitude = 48 47.95 N
* NMEA Longitude = 125 15.93 W
* NMEA UTC (Time) = Aug 22 2013 20:02:54
* NMEA baud rate = 4800
** Ship: RV Falkor
** Station: MB16
** Operator: Nathan Cunningham
# nquan = 27
# nvalues = 196                                   
# units = specified
# name 0 = timeQ: Time, NMEA [seconds]
# name 1 = depSM: Depth [salt water, m]
# name 2 = prDM: Pressure, Digiquartz [db]
# name 3 = c0S/m: Conductivity [S/m]
# name 4 = c1S/m: Conductivity, 2 [S/m]
# name 5 = sal00: Salinity, Practical [PSU]
# name 6 = sal11: Salinity, Practical, 2 [PSU]
# name 7 = t090C: Temperature [ITS-90, deg C]
# name 8 = t190C: Temperature, 2 [ITS-90, deg C]
# name 9 = potemp090C: Potential Temperature [ITS-90, deg C]
# name 10 = potemp190C: Potential Temperature, 2 [ITS-90, deg C]
# name 11 = v2: Voltage 2
# name 12 = v3: Voltage 3
# name 13 = v0: Voltage 0
# name 14 = CStarTr0: Beam Transmission, WET Labs C-Star [%]
# name 15 = CStarAt0: Beam Attenuation, WET Labs C-Star [1/m]
# name 16 = v5: Voltage 5
# name 17 = sbeox0PS: Oxygen, SBE 43 [% saturation]
# name 18 = sbeox0ML/L: Oxygen, SBE 43 [ml/l]
# name 19 = sbeox0Mm/Kg: Oxygen, SBE 43 [umol/Kg]
# name 20 = sigma-é00: Density [sigma-theta, Kg/m^3]
# name 21 = sigma-é11: Density, 2 [sigma-theta, Kg/m^3]
# name 22 = svCM: Sound Velocity [Chen-Millero, m/s]
# name 23 = modError: Modulo Error Count
# name 24 = scan: Scan Count
# name 25 = nbf: Bottles Fired
# name 26 = flag:  0.000e+00
# interval = seconds: 0.0416667
# start_time = Aug 22 2013 20:02:54 [NMEA time, first data scan]
# bad_flag = -9.990e-29
*END*
[from data line 162]
  430517908     34.277     34.573   3.477868   3.477667    32.1918    32.1894     9.3530     9.3533     9.3494     9.3496     0.0000     0.0000     0.1258    96.3733     0.0015     4.4982   51.95364    3.38813    147.643    24.8651    24.8633    1484.62          1      22413          4  0.000e+00
  430517908     34.184     34.478   3.477881   3.477660    32.1904    32.1903     9.3547     9.3523     9.3510     9.3487     0.0000     0.0000     0.1245    96.3733     0.0015     4.4982   51.88433    3.38351    147.442    24.8638    24.8641    1484.63          1      22414          4  0.000e+00
  430517908     34.227     34.522   3.477901   3.477679    32.1901    32.1906     9.3553     9.3522     9.3517     9.3486     0.0000     0.0000     0.1245    96.3733     0.0015     4.4982   51.86968    3.38252    147.398    24.8634    24.8643    1484.63          1      22415          4  0.000e+00
  430517908     34.184     34.478   3.477888   3.477667    32.1898    32.1907     9.3555     9.3520     9.3519     9.3484     0.0000     0.0000     0.1245    96.3733     0.0015     4.4982   51.86427    3.38216    147.383    24.8632    24.8644    1484.63          1      22416          4  0.000e+00
  430517908     34.227     34.522   3.477914   3.477660    32.1901    32.1910     9.3555     9.3516     9.3518     9.3479     0.0000     0.0000     0.1245    96.3733     0.0015     4.4982   51.84840    3.38112    147.337    24.8634    24.8647    1484.63          1      22417          4  0.000e+00
  430517908     34.184     34.478   3.477941   3.477660    32.1899    32.1912     9.3560     9.3514     9.3523     9.3477     0.0000     0.0000     0.1245    96.3733     0.0015     4.4982   51.84169    3.38065    147.317    24.8632    24.8649    1484.63          1      22418          4  0.000e+00
  430517908     34.227     34.522   3.477921   3.477660    32.1898    32.1920     9.3558     9.3504     9.3522     9.3468     0.0000     0.0000     0.1245    96.3733     0.0015     4.4982   51.82455    3.37954    147.269    24.8632    24.8657    1484.63          1      22419          4  0.000e+00
  430517908     34.184     34.478   3.477934   3.477634    32.1901    32.1916     9.3557     9.3506     9.3520     9.3469     0.0000     0.0000     0.1245    96.3733     0.0015     4.4982   51.80597    3.37834    147.216    24.8634    24.8654    1484.63          1      22420          4  0.000e+00
  430517908     34.184     34.478   3.477954   3.477602    32.1905    32.1917     9.3555     9.3501     9.3518     9.3464     0.0000     0.0000     0.1258    96.4517     0.0014     4.5018   51.79747    3.37779    147.192    24.8638    24.8656    1484.63          1      22421          4  0.000e+00
  430517909     34.184     34.478   3.477901   3.477615    32.1902    32.1921     9.3552     9.3498     9.3515     9.3462     0.0000     0.0000     0.1245    96.5302     0.0014     4.5055   51.77792    3.37654    147.138    24.8636    24.8659    1484.63          1      22422          4  0.000e+00
  430517909     34.140     34.434   3.477881   3.477647    32.1899    32.1925     9.3553     9.3497     9.3517     9.3461     0.0000     0.0000     0.1245    96.5302     0.0014     4.5055   51.75719    3.37519    147.079    24.8633    24.8662    1484.63          1      22423          4  0.000e+00
  430517909     34.184     34.478   3.477901   3.477634    32.1904    32.1920     9.3550     9.3501     9.3514     9.3465     0.0000     0.0000     0.1245    96.5302     0.0014     4.5055   51.72559    3.37314    146.990    24.8637    24.8658    1484.63          1      22424          4  0.000e+00
  430517909     34.184     34.478   3.477934   3.477647    32.1904    32.1921     9.3553     9.3502     9.3517     9.3466     0.0000     0.0000     0.1258    96.5041     0.0014     4.5043   51.71365    3.37234    146.955    24.8637    24.8658    1484.63          1      22425          4  0.000e+00
  430517909     34.184     34.478   3.477888   3.477634    32.1899    32.1917     9.3554     9.3504     9.3517     9.3468     0.0000     0.0000     0.1245    96.5041     0.0014     4.5043   51.64721    3.36801    146.766    24.8633    24.8655    1484.63          1      22426          4  0.000e+00
  430517909     34.184     34.478   3.477901   3.477628    32.1901    32.1915     9.3553     9.3506     9.3517     9.3469     0.0000     0.0000     0.1245    96.5041     0.0014     4.5043   51.63572    3.36726    146.734    24.8635    24.8654    1484.63          1      22427          4  0.000e+00
  430517909     34.140     34.434   3.477888   3.477647    32.1907    32.1910     9.3545     9.3514     9.3509     9.3478     0.0000     0.0000     0.1245    96.5041     0.0014     4.5043   51.62441    3.36657    146.703    24.8640    24.8648    1484.62          1      22428          4  0.000e+00
  430517909     34.227     34.522   3.477881   3.477660    32.1909    32.1909     9.3542     9.3517     9.3505     9.3480     0.0000     0.0000     0.1245    96.5302     0.0014     4.5055   51.62501    3.36663    146.706    24.8643    24.8647    1484.62          1      22429          4  0.000e+00
  430517909     34.184     34.478   3.477894   3.477660    32.1910    32.1903     9.3542     9.3523     9.3506     9.3487     0.0000     0.0000     0.1245    96.5302     0.0014     4.5055   51.67968    3.37019    146.861    24.8643    24.8641    1484.62          1      22430          4  0.000e+00
  430517909     34.184     34.478   3.477908   3.477679    32.1912    32.1900     9.3542     9.3529     9.3505     9.3492     0.0000     0.0000     0.1245    96.5302     0.0014     4.5055   51.68010    3.37022    146.862    24.8645    24.8638    1484.62          1      22431          4  0.000e+00
  430517909     34.184     34.478   3.477934   3.477666    32.1904    32.1898     9.3554     9.3530     9.3517     9.3494     0.0000     0.0000     0.1258    96.5302     0.0014     4.5055   51.68046    3.37017    146.860    24.8637    24.8636    1484.63          1      22432          4  0.000e+00
  430517909     34.184     34.478   3.477948   3.477679    32.1897    32.1902     9.3563     9.3527     9.3526     9.3491     0.0000     0.0000     0.1245    96.5041     0.0014     4.5043   51.68083    3.37014    146.859    24.8630    24.8639    1484.63          1      22433          4  0.000e+00
  430517909     34.184     34.478   3.477894   3.477692    32.1910    32.1903     9.3542     9.3527     9.3506     9.3490     0.0000     0.0000     0.1245    96.5041     0.0014     4.5043   51.68138    3.37030    146.866    24.8643    24.8641    1484.62          1      22434          4  0.000e+00
  430517909     34.227     34.522   3.477801   3.477712    32.1941    32.1903     9.3497     9.3529     9.3460     9.3492     0.0000     0.0000     0.1245    96.5302     0.0014     4.5055   51.68236    3.37063    146.880    24.8675    24.8640    1484.61          1      22435          4  0.000e+00
  430517909     34.184     34.478   3.477714   3.477718    32.1979    32.1903     9.3446     9.3530     9.3409     9.3494     0.0000     0.0000     0.1245    96.5041     0.0014     4.5043   51.68279    3.37096    146.894    24.8712    24.8640    1484.60          1      22436          4  0.000e+00
  430517909     34.227     34.522   3.477694   3.477699    32.2001    32.1897     9.3419     9.3535     9.3382     9.3498     0.0000     0.0000     0.1270    96.5302     0.0014     4.5055   51.61892    3.36695    146.719    24.8734    24.8634    1484.59          1      22437          4  0.000e+00
  430517909     34.227     34.522   3.477694   3.477686    32.1993    32.1892     9.3427     9.3539     9.3390     9.3502     0.0000     0.0000     0.1306    96.5041     0.0014     4.5043   51.66361    3.36982    146.844    24.8727    24.8630    1484.59          1      22438          4  0.000e+00
  430517909     34.227     34.522   3.477654   3.477705    32.1994    32.1890     9.3421     9.3543     9.3385     9.3506     0.0000     0.0000     0.1319    96.5302     0.0014     4.5055   51.65342    3.36919    146.816    24.8728    24.8628    1484.59          1      22439          4  0.000e+00
  430517909     34.227     34.522   3.477681   3.477738    32.2002    32.1889     9.3416     9.3548     9.3379     9.3511     0.0000     0.0000     0.1319    96.5041     0.0014     4.5043   51.58871    3.36500    146.634    24.8735    24.8626    1484.59          1      22440          4  0.000e+00
  430517909     34.227     34.522   3.477648   3.477725    32.2005    32.1886     9.3408     9.3550     9.3372     9.3513     0.0000     0.0000     0.1306    96.5564     0.0014     4.5067   51.64370    3.36863    146.792    24.8739    24.8624    1484.59          1      22441          4  0.000e+00
  430517909     34.277     34.573   3.477655   3.477738    32.2012    32.1888     9.3401     9.3548     9.3364     9.3511     0.0000     0.0000     0.1306    96.6087     0.0014     4.5092   51.57975    3.36450    146.612    24.8746    24.8626    1484.59          1      22442          4  0.000e+00
  430517909     34.227     34.522   3.477621   3.477770    32.2009    32.1895     9.3401     9.3545     9.3364     9.3508     0.0000     0.0000     0.1306    96.6349     0.0014     4.5104   51.57006    3.36388    146.585    24.8744    24.8631    1484.58          1      22443          4  0.000e+00
  430517909     34.321     34.617   3.477648   3.477712    32.2010    32.1890     9.3403     9.3543     9.3366     9.3506     0.0000     0.0000     0.1319    96.6349     0.0014     4.5104   51.56172    3.36332    146.560    24.8744    24.8628    1484.59          1      22444          4  0.000e+00
  430517909     34.277     34.573   3.477641   3.477731    32.2008    32.1892     9.3404     9.3543     9.3368     9.3506     0.0000     0.0000     0.1306    96.6349     0.0014     4.5104   51.56355    3.36343    146.565    24.8742    24.8629    1484.59          1      22445          4  0.000e+00
  430517910     34.277     34.573   3.477635   3.477725    32.2004    32.1895     9.3408     9.3540     9.3372     9.3503     0.0000     0.0000     0.1306    96.6087     0.0014     4.5092   51.55586    3.36291    146.542    24.8738    24.8632    1484.59          1      22446          4  0.000e+00
