ROS/FK009A_CTD013_20130820.ros
* Sea-Bird SBE 9 Data File:
* FileName = C:\Falkor-Data-2013\FK009A\CTD\FK009A_CTD013_20130820.hex
* Software Version Seasave V 7.21f
* Temperature SN = 5483
* Conductivity SN = 3916
* Number of Bytes Per Scan = 41
* Number of Voltage Words = 4
* Number of Scans Averaged by the Deck Unit = 1
* NMEA Latitude = 48 18.94 N
* NMEA Longitude = 126 26.67 W
* NMEA UTC (Time) = Aug 20 2013 18:24:28
* NMEA baud rate = 4800
** Ship: RV Falkor
** Station: LC11
** Operator: CP
# nquan = 27
# nvalues = 833                                   
# units = specified
# name 0 = timeQ: Time, NMEA [seconds]
# name 1 = depSM: Depth [salt water, m]
# name 2 = prDM: Pressure, Digiquartz [db]
# name 3 = c0S/m: Conductivity [S/m]
# name 4 = c1S/m: Conductivity, 2 [S/m]
# name 5 = sal00: Salinity, Practical [PSU]
# name 6 = sal11: Salinity, Practical, 2 [PSU]
# name 7 = t090C: Temperature [ITS-90, deg C]
# name 8 = t190C: Temperature, 2 [ITS-90, deg C]
# name 9 = potemp090C: Potential Temperature [ITS-90, deg C]
# name 10 = potemp190C: Potential Temperature, 2 [ITS-90, deg C]
# name 11 = v2: Voltage 2
# name 12 = v3: Voltage 3
# name 13 = v0: Voltage 0
# name 14 = CStarTr0: Beam Transmission, WET Labs C-Star [%]
# name 15 = CStarAt0: Beam Attenuation, WET Labs C-Star [1/m]
# name 16 = v5: Voltage 5
# name 17 = sbeox0PS: Oxygen, SBE 43 [% saturation]
# name 18 = sbeox0ML/L: Oxygen, SBE 43 [ml/l]
# name 19 = sbeox0Mm/Kg: Oxygen, SBE 43 [umol/Kg]
# name 20 = sigma-é00: Density [sigma-theta, Kg/m^3]
# name 21 = sigma-é11: Density, 2 [sigma-theta, Kg/m^3]
# name 22 = svCM: Sound Velocity [Chen-Millero, m/s]
# name 23 = modError: Modulo Error Count
# name 24 = scan: Scan Count
# name 25 = nbf: Bottles Fired
# name 26 = flag:  0.000e+00
# interval = seconds: 0.0416667
# start_time = Aug 20 2013 18:24:29 [NMEA time, first data scan]
# bad_flag = -9.990e-29
*END*
[from data line 806]
  430344577      4.571      4.610   4.076068   4.075286    31.9842    31.9828    16.2795    16.2727    16.2787    16.2719     1.4042     1.5153     0.0916    96.6610     0.0014     4.5116   95.06716    5.37511    234.571    23.3664    23.3669    1507.25          0     151402         17  0.000e+00
  430344577      4.552      4.591   4.076068   4.075272    31.9842    31.9827    16.2794    16.2727    16.2787    16.2719     1.4042     1.5140     0.0916    96.6610     0.0014     4.5116   95.00212    5.37144    234.411    23.3664    23.3668    1507.25          0     151403         17  0.000e+00
  430344577      4.614      4.654   4.076068   4.075245    31.9841    31.9827    16.2795    16.2723    16.2787    16.2716     1.4042     1.5140     0.0916    96.6610     0.0014     4.5116   94.99220    5.37087    234.386    23.3664    23.3669    1507.25          0     151404         17  0.000e+00
  430344577      4.639      4.679   4.076011   4.075127    31.9838    31.9827    16.2792    16.2710    16.2785    16.2702     1.4054     1.5153     0.0916    96.6610     0.0014     4.5116   94.98183    5.37032    234.362    23.3662    23.3672    1507.25          0     151405         17  0.000e+00
  430344577      4.614      4.654   4.075933   4.074989    31.9838    31.9822    16.2784    16.2701    16.2777    16.2694     1.4054     1.5140     0.0916    96.6610     0.0014     4.5116   94.97847    5.37022    234.358    23.3663    23.3670    1507.25          0     151406         17  0.000e+00
  430344577      4.639      4.679   4.075891   4.074954    31.9836    31.9828    16.2782    16.2689    16.2775    16.2682     1.4054     1.5153     0.0916    96.6610     0.0014     4.5116   94.97602    5.37011    234.353    23.3662    23.3678    1507.25          0     151407         17  0.000e+00
  430344577      4.614      4.654   4.075905   4.074954    31.9841    31.9828    16.2778    16.2690    16.2771    16.2683     1.4054     1.5140     0.0916    96.6610     0.0014     4.5116   95.03475    5.37346    234.499    23.3667    23.3677    1507.25          0     151408         17  0.000e+00
  430344577      4.689      4.729   4.075919   4.075037    31.9841    31.9827    16.2779    16.2700    16.2772    16.2692     1.4054     1.5153     0.0916    96.6610     0.0014     4.5116   95.04051    5.37377    234.513    23.3667    23.3674    1507.25          0     151409         17  0.000e+00
  430344577      4.664      4.704   4.075891   4.075058    31.9837    31.9828    16.2781    16.2701    16.2773    16.2694     1.4042     1.5140     0.0916    96.6610     0.0014     4.5116   94.97600    5.37012    234.354    23.3664    23.3675    1507.25          0     151410         17  0.000e+00
  430344577      4.689      4.729   4.075883   4.075058    31.9837    31.9828    16.2779    16.2701    16.2772    16.2694     1.4042     1.5165     0.0916    96.6610     0.0014     4.5116   94.96625    5.36958    234.330    23.3664    23.3674    1507.25          0     151411         17  0.000e+00
  430344577      4.708      4.748   4.075883   4.075113    31.9836    31.9830    16.2781    16.2705    16.2773    16.2697     1.4042     1.5165     0.0916    96.6610     0.0014     4.5116   94.95642    5.36901    234.305    23.3663    23.3675    1507.25          0     151412         17  0.000e+00
  430344577      4.776      4.817   4.075905   4.075072    31.9839    31.9827    16.2779    16.2703    16.2772    16.2695     1.4054     1.5153     0.0916    96.6610     0.0014     4.5116   95.00865    5.37197    234.434    23.3665    23.3674    1507.25          0     151413         17  0.000e+00
  430344577      4.708      4.748   4.075862   4.075003    31.9837    31.9828    16.2777    16.2695    16.2770    16.2687     1.4054     1.5153     0.0916    96.6610     0.0014     4.5116   94.95092    5.36874    234.293    23.3664    23.3676    1507.25          0     151414         17  0.000e+00
  430344577      4.776      4.817   4.075848   4.074906    31.9835    31.9828    16.2778    16.2684    16.2770    16.2677     1.4042     1.5140     0.0916    96.6610     0.0014     4.5116   94.94930    5.36864    234.289    23.3663    23.3678    1507.25          0     151415         17  0.000e+00
  430344578      4.758      4.798   4.075656   4.074803    31.9835    31.9827    16.2757    16.2674    16.2749    16.2667     1.4042     1.5165     0.0916    96.6610     0.0014     4.5116   94.93929    5.36830    234.274    23.3668    23.3680    1507.24          0     151416         17  0.000e+00
  430344578      4.826      4.867   4.075522   4.074720    31.9836    31.9822    16.2741    16.2671    16.2733    16.2663     1.4042     1.5140     0.0916    96.6610     0.0014     4.5116   94.99180    5.37144    234.411    23.3672    23.3677    1507.24          0     151417         17  0.000e+00
  430344578      4.801      4.842   4.075415   4.074727    31.9835    31.9828    16.2730    16.2664    16.2723    16.2657     1.4042     1.5153     0.0928    96.6872     0.0013     4.5128   94.98874    5.37137    234.408    23.3674    23.3683    1507.24          0     151418         17  0.000e+00
  430344578      4.870      4.911   4.075330   4.074685    31.9834    31.9827    16.2722    16.2661    16.2714    16.2653     1.4042     1.5153     0.0928    96.6872     0.0013     4.5128   94.99411    5.37177    234.425    23.3675    23.3683    1507.23          0     151419         17  0.000e+00
  430344578      4.845      4.886   4.075288   4.074644    31.9833    31.9827    16.2719    16.2656    16.2711    16.2649     1.4042     1.5153     0.0928    96.6872     0.0013     4.5128   94.99838    5.37205    234.437    23.3675    23.3684    1507.23          0     151420         17  0.000e+00
  430344578      4.870      4.911   4.075302   4.074602    31.9835    31.9824    16.2718    16.2656    16.2711    16.2648     1.4042     1.5165     0.0928    96.6872     0.0013     4.5128   95.01086    5.37275    234.468    23.3676    23.3682    1507.23          0     151421         17  0.000e+00
  430344578      4.939      4.981   4.075288   4.074547    31.9839    31.9821    16.2712    16.2652    16.2704    16.2645     1.4042     1.5165     0.0928    96.6872     0.0013     4.5128   95.01654    5.37313    234.485    23.3681    23.3681    1507.23          0     151422         17  0.000e+00
  430344578      4.939      4.981   4.075252   4.074609    31.9834    31.9831    16.2713    16.2648    16.2706    16.2640     1.4054     1.5140     0.0928    96.6872     0.0013     4.5128   95.08289    5.37688    234.648    23.3677    23.3689    1507.23          0     151423         17  0.000e+00
  430344578      4.963      5.006   4.075245   4.074685    31.9837    31.9831    16.2708    16.2656    16.2701    16.2648     1.4042     1.5153     0.0928    96.7133     0.0013     4.5140   95.08744    5.37718    234.661    23.3680    23.3687    1507.23          0     151424         17  0.000e+00
  430344578      4.982      5.025   4.075295   4.074706    31.9843    31.9826    16.2707    16.2664    16.2699    16.2657     1.4042     1.5165     0.0928    96.6872     0.0013     4.5128   95.02984    5.37392    234.519    23.3685    23.3681    1507.23          0     151425         17  0.000e+00
  430344578      5.007      5.050   4.075444   4.074706    31.9847    31.9827    16.2718    16.2663    16.2710    16.2655     1.4042     1.5165     0.0928    96.6872     0.0013     4.5128   94.97234    5.37054    234.371    23.3685    23.3682    1507.24          0     151426         17  0.000e+00
  430344578      5.032      5.075   4.075515   4.074761    31.9848    31.9826    16.2724    16.2669    16.2716    16.2661     1.4054     1.5165     0.0928    96.6872     0.0013     4.5128   94.96929    5.37030    234.361    23.3685    23.3681    1507.24          0     151427         17  0.000e+00
  430344578      5.057      5.100   4.075770   4.074747    31.9860    31.9826    16.2737    16.2667    16.2729    16.2660     1.4054     1.5153     0.0928    96.6872     0.0013     4.5128   95.02803    5.37345    234.498    23.3691    23.3681    1507.25          0     151428         17  0.000e+00
