ROS/FK009A_CTD033_20130826.ros
* Sea-Bird SBE 9 Data File:
* FileName = C:\Falkor-Data-2013\FK009A\CTD\FK009A_CTD033_20130826.hex
* Software Version Seasave V 7.21f
* Temperature SN = 5483
* Conductivity SN = 3916
* Number of Bytes Per Scan = 41
* Number of Voltage Words = 4
* Number of Scans Averaged by the Deck Unit = 1
* NMEA Latitude = 48 47.60 N
* NMEA Longitude = 125 15.91 W
* NMEA UTC (Time) = Aug 26 2013 16:26:48
* NMEA baud rate = 4800
** Ship: RV Falkor
** Station: MB16
** Operator: Nathan Cunningham
# nquan = 27
# nvalues = 392                                   
# units = specified
# name 0 = timeQ: Time, NMEA [seconds]
# name 1 = depSM: Depth [salt water, m]
# name 2 = prDM: Pressure, Digiquartz [db]
# name 3 = c0S/m: Conductivity [S/m]
# name 4 = c1S/m: Conductivity, 2 [S/m]
# name 5 = sal00: Salinity, Practical [PSU]
# name 6 = sal11: Salinity, Practical, 2 [PSU]
# name 7 = t090C: Temperature [ITS-90, deg C]
# name 8 = t190C: Temperature, 2 [ITS-90, deg C]
# name 9 = potemp090C: Potential Temperature [ITS-90, deg C]
# name 10 = potemp190C: Potential Temperature, 2 [ITS-90, deg C]
# name 11 = v2: Voltage 2
# name 12 = v3: Voltage 3
# name 13 = v0: Voltage 0
# name 14 = CStarTr0: Beam Transmission, WET Labs C-Star [%]
# name 15 = CStarAt0: Beam Attenuation, WET Labs C-Star [1/m]
# name 16 = v5: Voltage 5
# name 17 = sbeox0PS: Oxygen, SBE 43 [% saturation]
# name 18 = sbeox0ML/L: Oxygen, SBE 43 [ml/l]
# name 19 = sbeox0Mm/Kg: Oxygen, SBE 43 [umol/Kg]
# name 20 = sigma-é00: Density [sigma-theta, Kg/m^3]
# name 21 = sigma-é11: Density, 2 [sigma-theta, Kg/m^3]
# name 22 = svCM: Sound Velocity [Chen-Millero, m/s]
# name 23 = modError: Modulo Error Count
# name 24 = scan: Scan Count
# name 25 = nbf: Bottles Fired
# name 26 = flag:  0.000e+00
# interval = seconds: 0.0416667
# start_time = Aug 26 2013 16:26:49 [NMEA time, first data scan]
# bad_flag = -9.990e-29
*END*
[from data line 269]
  430851051     20.923     21.103   3.508208   3.507336    32.0850    32.0898     9.8252     9.8099     9.8229     9.8076     0.0000     0.0000     0.3284    93.0771     0.0029     4.3443   59.88825    3.86789    168.575    24.7056    24.7118    1486.00          0      34611          6  0.000e+00
  430851051     20.923     21.103   3.508248   3.507297    32.0847    32.0908     9.8260     9.8083     9.8237     9.8060     0.0000     0.0000     0.3272    93.0771     0.0029     4.3443   59.88986    3.86793    168.577    24.7053    24.7129    1486.00          0      34612          6  0.000e+00
  430851051     20.967     21.147   3.508329   3.507264    32.0840    32.0912     9.8277     9.8074     9.8253     9.8051     0.0000     0.0000     0.3272    93.0771     0.0029     4.3443   59.89175    3.86793    168.577    24.7045    24.7134    1486.01          0      34613          6  0.000e+00
  430851051     20.967     21.147   3.508376   3.507277    32.0832    32.0915     9.8291     9.8073     9.8268     9.8050     0.0000     0.0000     0.3272    93.0771     0.0029     4.3443   60.02201    3.87624    168.940    24.7036    24.7136    1486.01          0      34614          6  0.000e+00
  430851051     20.967     21.147   3.508382   3.507238    32.0825    32.0912     9.8299     9.8071     9.8276     9.8048     0.0000     0.0000     0.3272    93.0771     0.0029     4.3443   60.04267    3.87753    168.996    24.7029    24.7134    1486.01          0      34615          6  0.000e+00
  430851051     20.967     21.147   3.508335   3.507264    32.0822    32.0915     9.8298     9.8071     9.8274     9.8048     0.0000     0.0000     0.3272    93.0771     0.0029     4.3443   60.06256    3.87883    169.053    24.7027    24.7136    1486.01          0      34616          6  0.000e+00
  430851051     21.010     21.191   3.508275   3.507284    32.0835    32.0911     9.8277     9.8078     9.8253     9.8055     0.0000     0.0000     0.3272    93.0771     0.0029     4.3443   60.08209    3.88024    169.114    24.7040    24.7132    1486.01          0      34617          6  0.000e+00
  430851051     21.060     21.241   3.508208   3.507381    32.0842    32.0905     9.8260     9.8095     9.8237     9.8072     0.0000     0.0000     0.3272    93.0771     0.0029     4.3443   60.03646    3.87741    168.990    24.7049    24.7125    1486.00          0      34618          6  0.000e+00
  430851051     20.967     21.147   3.508215   3.507453    32.0847    32.0891     9.8255     9.8120     9.8232     9.8096     0.0000     0.0000     0.3272    93.0771     0.0029     4.3443   60.04364    3.87790    169.012    24.7054    24.7110    1486.00          0      34619          6  0.000e+00
  430851051     21.060     21.241   3.508269   3.507524    32.0844    32.0880     9.8265     9.8139     9.8242     9.8116     0.0000     0.0000     0.3272    93.0771     0.0029     4.3443   60.11610    3.88251    169.213    24.7049    24.7098    1486.00          0      34620          6  0.000e+00
  430851051     21.010     21.191   3.508309   3.507602    32.0832    32.0884     9.8283     9.8144     9.8260     9.8121     0.0000     0.0000     0.3272    93.0771     0.0029     4.3443   60.13217    3.88343    169.253    24.7038    24.7100    1486.01          0      34621          6  0.000e+00
  430851051     21.060     21.241   3.508342   3.507628    32.0828    32.0878     9.8291     9.8154     9.8268     9.8130     0.0000     0.0000     0.3272    93.0771     0.0029     4.3443   60.08390    3.88025    169.114    24.7033    24.7094    1486.01          0      34622          6  0.000e+00
  430851051     21.060     21.241   3.508329   3.507726    32.0826    32.0872     9.8292     9.8171     9.8269     9.8148     0.0000     0.0000     0.3284    93.0771     0.0029     4.3443   60.15362    3.88475    169.310    24.7031    24.7087    1486.01          0      34623          6  0.000e+00
  430851051     21.060     21.241   3.508295   3.507778    32.0822    32.0875     9.8292     9.8174     9.8269     9.8151     0.0000     0.0000     0.3272    93.0771     0.0029     4.3443   60.16812    3.88569    169.352    24.7028    24.7089    1486.01          0      34624          6  0.000e+00
  430851051     21.060     21.241   3.508269   3.507791    32.0828    32.0864     9.8283     9.8188     9.8259     9.8164     0.0000     0.0000     0.3272    93.0771     0.0029     4.3443   60.18186    3.88665    169.393    24.7034    24.7078    1486.01          0      34625          6  0.000e+00
  430851051     21.060     21.241   3.508255   3.507791    32.0834    32.0871     9.8275     9.8180     9.8252     9.8157     0.0000     0.0000     0.3272    93.0771     0.0029     4.3443   60.19475    3.88753    169.432    24.7040    24.7085    1486.01          0      34626          6  0.000e+00
  430851051     21.060     21.241   3.508255   3.507791    32.0838    32.0881     9.8270     9.8168     9.8247     9.8145     0.0000     0.0000     0.3272    93.0771     0.0029     4.3443   60.20680    3.88834    169.467    24.7044    24.7094    1486.00          0      34627          6  0.000e+00
  430851051     21.060     21.241   3.508262   3.507772    32.0840    32.0871     9.8268     9.8178     9.8245     9.8155     0.0000     0.0000     0.3272    93.0509     0.0029     4.3431   60.15365    3.88492    169.317    24.7046    24.7084    1486.00          0      34628          6  0.000e+00
  430851051     21.104     21.285   3.508282   3.507804    32.0842    32.0822     9.8268     9.8236     9.8245     9.8213     0.0000     0.0000     0.3272    93.0509     0.0029     4.3431   60.15482    3.88499    169.321    24.7048    24.7037    1486.01          0      34629          6  0.000e+00
  430851051     21.060     21.241   3.508269   3.507752    32.0844    32.0802     9.8265     9.8253     9.8241     9.8229     0.0000     0.0000     0.3284    93.0509     0.0029     4.3431   60.21927    3.88918    169.503    24.7050    24.7019    1486.00          0      34630          6  0.000e+00
  430851051     21.048     21.228   3.508255   3.507700    32.0841    32.0846     9.8267     9.8198     9.8244     9.8174     0.0000     0.0000     0.3272    93.0509     0.0029     4.3431   60.22868    3.88977    169.529    24.7047    24.7062    1486.00          0      34631          6  0.000e+00
  430851052     21.060     21.241   3.508255   3.507596    32.0838    32.0867     9.8270     9.8162     9.8247     9.8139     0.0000     0.0000     0.3272    93.0509     0.0029     4.3431   60.22710    3.88965    169.524    24.7044    24.7085    1486.00          0      34632          6  0.000e+00
  430851052     21.104     21.285   3.508282   3.507498    32.0838    32.0880     9.8273     9.8136     9.8250     9.8113     0.0000     0.0000     0.3272    93.0509     0.0029     4.3431   60.23488    3.89013    169.545    24.7044    24.7099    1486.01          0      34633          6  0.000e+00
  430851052     21.010     21.191   3.508269   3.507472    32.0835    32.0890     9.8275     9.8123     9.8252     9.8100     0.0000     0.0000     0.3272    93.0509     0.0029     4.3431   60.24076    3.89050    169.561    24.7041    24.7108    1486.01          0      34634          6  0.000e+00
  430851052     21.060     21.241   3.508255   3.507544    32.0838    32.0888     9.8270     9.8133     9.8247     9.8110     0.0000     0.0000     0.3077    93.0509     0.0029     4.3431   60.24699    3.89094    169.580    24.7044    24.7105    1486.00          0      34635          6  0.000e+00
  430851197     10.629     10.720   3.613667   3.614130    31.5817    31.5731    11.6110    11.6263    11.6097    11.6250     0.0000     0.0000     1.0708    80.9127     0.0085     3.7766  107.00381    6.67108    290.946    24.0067    23.9973    1491.57          0      38113          7  0.000e+00
  430851197     10.698     10.790   3.613640   3.613853    31.5820    31.5769    11.6102    11.6186    11.6089    11.6173     0.0000     0.0000     1.0696    80.9127     0.0085     3.7766  106.97025    6.66908    290.859    24.0072    24.0017    1491.57          0      38114          7  0.000e+00
  430851197     10.605     10.695   3.613619   3.613821    31.5821    31.5789    11.6100    11.6160    11.6087    11.6147     0.0000     0.0000     1.0696    80.9127     0.0085     3.7766  106.93635    6.66700    290.768    24.0072    24.0036    1491.57          0      38115          7  0.000e+00
  430851197     10.629     10.720   3.613660   3.614018    31.5825    31.5794    11.6099    11.6176    11.6086    11.6163     0.0000     0.0000     1.0696    80.9127     0.0085     3.7766  106.90596    6.66510    290.685    24.0076    24.0038    1491.57          0      38116          7  0.000e+00
  430851197     10.648     10.739   3.613653   3.614249    31.5824    31.5772    11.6100    11.6229    11.6087    11.6216     0.0000     0.0000     1.0708    80.9127     0.0085     3.7766  106.87737    6.66331    290.607    24.0075    24.0011    1491.57          0      38117          7  0.000e+00
  430851197     10.648     10.739   3.613768   3.614598    31.5828    31.5767    11.6108    11.6274    11.6095    11.6261     0.0000     0.0000     1.0708    80.9127     0.0085     3.7766  106.85039    6.66149    290.527    24.0076    23.9999    1491.57          0      38118          7  0.000e+00
  430851197     10.605     10.695   3.614052   3.614795    31.5817    31.5762    11.6153    11.6303    11.6140    11.6289     0.0000     0.0000     1.0708    80.9127     0.0085     3.7766  106.82457    6.65929    290.432    24.0060    23.9990    1491.59          0      38119          7  0.000e+00
  430851197     10.629     10.720   3.614566   3.614993    31.5803    31.5763    11.6228    11.6324    11.6215    11.6311     0.0000     0.0000     1.0708    80.9127     0.0085     3.7766  106.73813    6.65290    290.154    24.0036    23.9987    1491.61          0      38120          7  0.000e+00
  430851197     10.648     10.739   3.615006   3.615098    31.5804    31.5759    11.6277    11.6340    11.6264    11.6327     0.0000     0.0000     1.0708    80.9127     0.0085     3.7766  106.71772    6.65094    290.068    24.0028    23.9981    1491.63          0      38121          7  0.000e+00
  430851197     10.555     10.645   3.615297   3.615164    31.5802    31.5758    11.6313    11.6350    11.6300    11.6337     0.0000     0.0000     1.0696    80.9127     0.0085     3.7766  106.69851    6.64924    289.995    24.0020    23.9978    1491.64          0      38122          7  0.000e+00
  430851197     10.629     10.720   3.615507   3.615203    31.5801    31.5763    11.6338    11.6348    11.6325    11.6335     0.0000     0.0000     1.0708    80.9127     0.0085     3.7766  106.62093    6.64406    289.769    24.0014    23.9982    1491.65          0      38123          7  0.000e+00
  430851197     10.555     10.645   3.615507   3.615282    31.5787    31.5766    11.6355    11.6353    11.6342    11.6340     0.0000     0.0000     1.0708    81.0697     0.0084     3.7839  106.59863    6.64248    289.700    24.0000    23.9984    1491.65          0      38124          7  0.000e+00
  430851197     10.605     10.695   3.615568   3.615309    31.5785    31.5765    11.6364    11.6358    11.6351    11.6345     0.0000     0.0000     1.0708    81.3313     0.0083     3.7961  106.64443    6.64522    289.820    23.9997    23.9982    1491.66          0      38125          7  0.000e+00
  430851197     10.542     10.632   3.615689   3.615381    31.5784    31.5762    11.6380    11.6370    11.6367    11.6357     0.0000     0.0000     1.0708    81.3836     0.0082     3.7985  106.63709    6.64455    289.791    23.9993    23.9978    1491.66          0      38126          7  0.000e+00
  430851197     10.555     10.645   3.615913   3.615427    31.5784    31.5757    11.6405    11.6381    11.6392    11.6368     0.0000     0.0000     1.0708    81.3836     0.0082     3.7985  106.63339    6.64396    289.765    23.9989    23.9972    1491.67          0      38127          7  0.000e+00
  430851197     10.555     10.645   3.616122   3.615730    31.5784    31.5769    11.6428    11.6401    11.6415    11.6388     0.0000     0.0000     1.0696    81.3836     0.0082     3.7985  106.63217    6.64355    289.748    23.9985    23.9978    1491.68          0      38128          7  0.000e+00
  430851197     10.586     10.676   3.616149   3.616165    31.5774    31.5780    11.6444    11.6438    11.6430    11.6425     0.0000     0.0000     1.0696    81.3836     0.0082     3.7985  106.63406    6.64350    289.745    23.9974    23.9979    1491.68          0      38129          7  0.000e+00
  430851197     10.467     10.557   3.616210   3.616349    31.5773    31.5769    11.6452    11.6473    11.6439    11.6460     0.0000     0.0000     1.0708    81.3574     0.0083     3.7973  106.62713    6.64295    289.722    23.9971    23.9964    1491.68          0      38130          7  0.000e+00
  430851197     10.555     10.645   3.616237   3.616323    31.5774    31.5753    11.6454    11.6488    11.6441    11.6475     0.0000     0.0000     1.0708    81.3836     0.0082     3.7985  106.63474    6.64340    289.741    23.9972    23.9950    1491.68          0      38131          7  0.000e+00
  430851197     10.467     10.557   3.616258   3.616211    31.5776    31.5741    11.6454    11.6489    11.6441    11.6476     0.0000     0.0000     1.0696    81.3836     0.0082     3.7985  106.64266    6.64388    289.762    23.9974    23.9940    1491.68          0      38132          7  0.000e+00
  430851197     10.542     10.632   3.616339   3.616198    31.5780    31.5740    11.6458    11.6489    11.6445    11.6476     0.0000     0.0000     1.0806    81.3574     0.0083     3.7973  106.65540    6.64460    289.793    23.9976    23.9939    1491.69          0      38133          7  0.000e+00
  430851197     10.467     10.557   3.616339   3.616139    31.5774    31.5735    11.6465    11.6488    11.6452    11.6475     0.0000     0.0000     1.1001    81.3836     0.0082     3.7985  106.66876    6.64535    289.827    23.9970    23.9936    1491.69          0      38134          7  0.000e+00
  430851197     10.467     10.557   3.616332   3.616040    31.5775    31.5722    11.6464    11.6492    11.6451    11.6480     0.0000     0.0000     1.1062    81.3836     0.0082     3.7985  106.68581    6.64643    289.874    23.9971    23.9924    1491.69          0      38135          7  0.000e+00
  430851198     10.449     10.538   3.616312   3.615875    31.5770    31.5703    11.6467    11.6496    11.6454    11.6483     0.0000     0.0000     1.1062    81.3574     0.0083     3.7973  106.70525    6.64762    289.926    23.9967    23.9909    1491.69          0      38136          7  0.000e+00
  430851198     10.467     10.557   3.616373   3.615585    31.5775    31.5674    11.6468    11.6497    11.6455    11.6484     0.0000     0.0000     1.1050    81.3836     0.0082     3.7985  106.79118    6.65293    290.157    23.9970    23.9886    1491.69          0      38137          7  0.000e+00
  430851198     10.374     10.463   3.616467   3.615210    31.5777    31.5636    11.6476    11.6499    11.6464    11.6486     0.0000     0.0000     1.1050    81.3836     0.0082     3.7985  106.81413    6.65423    290.214    23.9970    23.9857    1491.69          0      38138          7  0.000e+00
  430851198     10.449     10.538   3.616352   3.614999    31.5762    31.5615    11.6481    11.6499    11.6468    11.6486     0.0000     0.0000     1.1050    81.3574     0.0083     3.7973  106.84125    6.65592    290.288    23.9958    23.9840    1491.69          0      38139          7  0.000e+00
  430851198     10.418     10.507   3.616034   3.614979    31.5724    31.5613    11.6489    11.6499    11.6477    11.6486     0.0000     0.0000     1.1050    81.3836     0.0082     3.7985  106.94163    6.66222    290.563    23.9927    23.9839    1491.69          0      38140          7  0.000e+00
