ROS/FK009A_CTD007_20130820.ros
* Sea-Bird SBE 9 Data File:
* FileName = C:\Falkor-Data-2013\FK009A\CTD\FK009A_CTD007_20130820.hex
* Software Version Seasave V 7.21f
* Temperature SN = 5483
* Conductivity SN = 3916
* Number of Bytes Per Scan = 41
* Number of Voltage Words = 4
* Number of Scans Averaged by the Deck Unit = 1
* NMEA Latitude = 48 22.51 N
* NMEA Longitude = 125 56.25 W
* NMEA UTC (Time) = Aug 20 2013 01:53:03
* NMEA baud rate = 4800
** Ship:
** Station: BCC3
** Operator:
# nquan = 27
# nvalues = 637                                   
# units = specified
# name 0 = timeQ: Time, NMEA [seconds]
# name 1 = depSM: Depth [salt water, m]
# name 2 = prDM: Pressure, Digiquartz [db]
# name 3 = c0S/m: Conductivity [S/m]
# name 4 = c1S/m: Conductivity, 2 [S/m]
# name 5 = sal00: Salinity, Practical [PSU]
# name 6 = sal11: Salinity, Practical, 2 [PSU]
# name 7 = t090C: Temperature [ITS-90, deg C]
# name 8 = t190C: Temperature, 2 [ITS-90, deg C]
# name 9 = potemp090C: Potential Temperature [ITS-90, deg C]
# name 10 = potemp190C: Potential Temperature, 2 [ITS-90, deg C]
# name 11 = v2: Voltage 2
# name 12 = v3: Voltage 3
# name 13 = v0: Voltage 0
# name 14 = CStarTr0: Beam Transmission, WET Labs C-Star [%]
# name 15 = CStarAt0: Beam Attenuation, WET Labs C-Star [1/m]
# name 16 = v5: Voltage 5
# name 17 = sbeox0PS: Oxygen, SBE 43 [% saturation]
# name 18 = sbeox0ML/L: Oxygen, SBE 43 [ml/l]
# name 19 = sbeox0Mm/Kg: Oxygen, SBE 43 [umol/Kg]
# name 20 = sigma-é00: Density [sigma-theta, Kg/m^3]
# name 21 = sigma-é11: Density, 2 [sigma-theta, Kg/m^3]
# name 22 = svCM: Sound Velocity [Chen-Millero, m/s]
# name 23 = modError: Modulo Error Count
# name 24 = scan: Scan Count
# name 25 = nbf: Bottles Fired
# name 26 = flag:  0.000e+00
# interval = seconds: 0.0416667
# start_time = Aug 20 2013 01:53:03 [NMEA time, first data scan]
# bad_flag = -9.990e-29
*END*
[from data line 376]
  430281090    150.222    151.555   3.425580   3.425427    33.9299    33.9284     6.8616     6.8613     6.8479     6.8476     2.5140     0.8242     0.0781   100.1665    -0.0001     4.6752   28.28878    1.92941     83.935    26.5965    26.5954    1479.27          0      55358          8  0.000e+00
  430281090    150.223    151.555   3.425533   3.425414    33.9292    33.9284     6.8618     6.8612     6.8480     6.8475     2.5140     0.8230     0.0781   100.1665    -0.0001     4.6752   28.29127    1.92958     83.943    26.5959    26.5954    1479.27          0      55359          8  0.000e+00
  430281090    150.179    151.510   3.425553   3.425375    33.9296    33.9276     6.8615     6.8617     6.8478     6.8479     2.5140     0.8230     0.0781   100.1665    -0.0001     4.6752   28.22604    1.92514     83.749    26.5963    26.5946    1479.27          0      55360          8  0.000e+00
  430281090    150.173    151.504   3.425586   3.425427    33.9301    33.9284     6.8614     6.8613     6.8477     6.8476     2.5140     0.8230     0.0781   100.1665    -0.0001     4.6752   28.21706    1.92452     83.723    26.5967    26.5954    1479.27          0      55361          8  0.000e+00
  430281090    150.173    151.504   3.425500   3.425452    33.9293    33.9286     6.8613     6.8615     6.8475     6.8478     2.5140     0.8217     0.0781   100.1665    -0.0001     4.6752   28.20859    1.92396     83.698    26.5961    26.5955    1479.26          0      55362          8  0.000e+00
  430281090    150.135    151.466   3.425514   3.425459    33.9296    33.9287     6.8611     6.8615     6.8474     6.8478     2.5140     0.8230     0.0781   100.1665    -0.0001     4.6752   28.20049    1.92341     83.674    26.5964    26.5955    1479.26          0      55363          8  0.000e+00
  430281090    150.129    151.460   3.425553   3.425420    33.9299    33.9284     6.8613     6.8613     6.8475     6.8476     2.5140     0.8230     0.0794   100.1665    -0.0001     4.6752   28.26055    1.92750     83.852    26.5966    26.5953    1479.26          0      55364          8  0.000e+00
  430281090    150.129    151.460   3.425560   3.425401    33.9299    33.9282     6.8614     6.8613     6.8477     6.8476     2.5140     0.8230     0.0794   100.1665    -0.0001     4.6752   28.26503    1.92780     83.865    26.5965    26.5952    1479.26          0      55365          8  0.000e+00
  430281090    150.135    151.466   3.425560   3.425433    33.9298    33.9285     6.8614     6.8613     6.8477     6.8476     2.5140     0.8242     0.0781   100.1665    -0.0001     4.6752   28.26953    1.92811     83.878    26.5965    26.5955    1479.26          0      55366          8  0.000e+00
  430281090    150.079    151.410   3.425560   3.425407    33.9300    33.9281     6.8613     6.8615     6.8476     6.8478     2.5140     0.8242     0.0781   100.1665    -0.0001     4.6752   28.28628    1.92925     83.928    26.5966    26.5951    1479.26          0      55367          8  0.000e+00
  430281090    150.079    151.410   3.425540   3.425433    33.9296    33.9283     6.8614     6.8617     6.8477     6.8479     2.5140     0.8230     0.0794   100.1665    -0.0001     4.6752   28.30371    1.93044     83.980    26.5963    26.5952    1479.26          0      55368          8  0.000e+00
  430281091    150.091    151.422   3.425507   3.425452    33.9292    33.9285     6.8615     6.8617     6.8478     6.8479     2.5140     0.8230     0.0794   100.1665    -0.0001     4.6752   28.22921    1.92536     83.759    26.5959    26.5954    1479.26          0      55369          8  0.000e+00
  430281091    150.079    151.410   3.425547   3.425420    33.9296    33.9281     6.8616     6.8617     6.8479     6.8479     2.5140     0.8242     0.0794   100.1665    -0.0001     4.6752   28.22269    1.92491     83.739    26.5962    26.5951    1479.26          0      55370          8  0.000e+00
  430281091    150.035    151.366   3.425560   3.425446    33.9299    33.9284     6.8614     6.8617     6.8477     6.8479     2.5140     0.8242     0.0781   100.1665    -0.0001     4.6752   28.28412    1.92910     83.922    26.5965    26.5953    1479.26          0      55371          8  0.000e+00
  430281091    150.091    151.422   3.425540   3.425439    33.9295    33.9285     6.8616     6.8615     6.8479     6.8478     2.5140     0.8242     0.0781   100.1665    -0.0001     4.6752   28.27783    1.92867     83.903    26.5962    26.5954    1479.26          0      55372          8  0.000e+00
  430281091    150.035    151.366   3.425527   3.425439    33.9295    33.9285     6.8614     6.8615     6.8477     6.8478     2.5140     0.8230     0.0794   100.1665    -0.0001     4.6752   28.28312    1.92904     83.919    26.5962    26.5954    1479.26          0      55373          8  0.000e+00
  430281293    100.765    101.646   3.457229   3.456872    33.8808    33.8795     7.2885     7.2860     7.2790     7.2765     2.2454     0.8535     0.0781   100.4281    -0.0002     4.6874   38.81706    2.62256    114.100    26.4986    26.4978    1480.04          0      60225          9  0.000e+00
  430281293    100.902    101.785   3.457249   3.456852    33.8808    33.8794     7.2887     7.2857     7.2792     7.2762     2.2454     0.8547     0.0781   100.4281    -0.0002     4.6874   38.87244    2.62629    114.262    26.4986    26.4979    1480.04          0      60226          9  0.000e+00
  430281293    100.809    101.690   3.457255   3.456846    33.8807    33.8793     7.2890     7.2858     7.2795     7.2763     2.2454     0.8523     0.0769   100.4281    -0.0002     4.6874   38.87099    2.62618    114.257    26.4984    26.4977    1480.04          0      60227          9  0.000e+00
  430281293    100.902    101.785   3.457275   3.456865    33.8809    33.8792     7.2890     7.2861     7.2794     7.2766     2.2454     0.8523     0.0781   100.4281    -0.0002     4.6874   38.87002    2.62611    114.254    26.4985    26.4976    1480.04          0      60228          9  0.000e+00
  430281293    100.952    101.835   3.457295   3.456917    33.8809    33.8794     7.2891     7.2865     7.2796     7.2770     2.2454     0.8535     0.0781   100.4281    -0.0002     4.6874   38.80163    2.62148    114.053    26.4985    26.4977    1480.04          0      60229          9  0.000e+00
  430281293    100.952    101.835   3.457242   3.456885    33.8806    33.8787     7.2889     7.2869     7.2793     7.2773     2.2454     0.8523     0.0781   100.4281    -0.0002     4.6874   38.86692    2.62591    114.246    26.4983    26.4971    1480.04          0      60230          9  0.000e+00
  430281293    100.996    101.879   3.457222   3.456943    33.8807    33.8795     7.2885     7.2866     7.2790     7.2771     2.2454     0.8547     0.0781   100.4281    -0.0002     4.6874   38.81053    2.62212    114.081    26.4984    26.4978    1480.04          0      60231          9  0.000e+00
  430281293    101.040    101.923   3.457222   3.456969    33.8806    33.8791     7.2885     7.2873     7.2790     7.2777     2.2454     0.8547     0.0781   100.4281    -0.0002     4.6874   38.87651    2.62658    114.275    26.4984    26.4974    1480.04          0      60232          9  0.000e+00
  430281293    101.090    101.974   3.457235   3.456969    33.8808    33.8793     7.2885     7.2871     7.2790     7.2776     2.2454     0.8535     0.0781   100.4281    -0.0002     4.6874   38.87532    2.62649    114.271    26.4985    26.4975    1480.04          0      60233          9  0.000e+00
  430281293    101.133    102.018   3.457202   3.456969    33.8807    33.8792     7.2882     7.2872     7.2787     7.2776     2.2466     0.8535     0.0781   100.4281    -0.0002     4.6874   38.94036    2.63091    114.463    26.4985    26.4975    1480.04          0      60234          9  0.000e+00
  430281293    101.133    102.018   3.457195   3.456988    33.8806    33.8793     7.2882     7.2873     7.2787     7.2777     2.2454     0.8523     0.0781   100.4281    -0.0002     4.6874   38.94900    2.63149    114.489    26.4984    26.4975    1480.04          0      60235          9  0.000e+00
  430281293    101.177    102.062   3.457202   3.457001    33.8808    33.8799     7.2881     7.2868     7.2785     7.2773     2.2466     0.8547     0.0781   100.4281    -0.0002     4.6874   38.95692    2.63204    114.512    26.4986    26.4981    1480.04          0      60236          9  0.000e+00
  430281293    101.271    102.156   3.457195   3.457001    33.8805    33.8794     7.2882     7.2873     7.2787     7.2777     2.2454     0.8547     0.0781   100.4281    -0.0002     4.6874   38.89739    2.62801    114.337    26.4984    26.4976    1480.05          0      60237          9  0.000e+00
  430281293    101.227    102.112   3.457215   3.457001    33.8811    33.8795     7.2879     7.2871     7.2783     7.2776     2.2454     0.8535     0.0781   100.4281    -0.0002     4.6874   38.89190    2.62765    114.321    26.4989    26.4978    1480.04          0      60238          9  0.000e+00
  430281293    101.321    102.207   3.457202   3.456975    33.8806    33.8795     7.2882     7.2869     7.2787     7.2773     2.2454     0.8535     0.0781   100.4281    -0.0002     4.6874   38.88659    2.62728    114.305    26.4984    26.4977    1480.05          0      60239          9  0.000e+00
  430281293    101.358    102.245   3.457202   3.456988    33.8806    33.8796     7.2882     7.2868     7.2787     7.2772     2.2454     0.8547     0.0781   100.4281    -0.0002     4.6874   38.89254    2.62768    114.323    26.4984    26.4979    1480.05          0      60240          9  0.000e+00
  430281293    101.408    102.295   3.457242   3.457021    33.8807    33.8797     7.2885     7.2871     7.2789     7.2775     2.2454     0.8523     0.0781   100.4281    -0.0002     4.6874   38.89854    2.62807    114.340    26.4985    26.4979    1480.05          0      60241          9  0.000e+00
  430281293    101.408    102.295   3.457275   3.457027    33.8806    33.8794     7.2890     7.2874     7.2794     7.2779     2.2466     0.8535     0.0781   100.4281    -0.0002     4.6874   38.90427    2.62843    114.355    26.4983    26.4976    1480.05          0      60242          9  0.000e+00
  430281293    101.458    102.345   3.457309   3.457047    33.8811    33.8797     7.2889     7.2873     7.2793     7.2777     2.2466     0.8523     0.0781   100.4281    -0.0002     4.6874   38.89828    2.62802    114.338    26.4987    26.4979    1480.05          0      60243          9  0.000e+00
  430281293    101.502    102.389   3.457329   3.457040    33.8813    33.8792     7.2889     7.2877     7.2793     7.2782     2.2466     0.8523     0.0781   100.4281    -0.0002     4.6874   38.95850    2.63209    114.514    26.4989    26.4974    1480.05          0      60244          9  0.000e+00
  430281293    101.545    102.434   3.457315   3.457073    33.8810    33.8791     7.2890     7.2882     7.2794     7.2787     2.2454     0.8535     0.0781   100.4281    -0.0002     4.6874   38.96256    2.63236    114.526    26.4986    26.4972    1480.05          0      60245          9  0.000e+00
  430281293    101.595    102.484   3.457335   3.457111    33.8812    33.8793     7.2890     7.2884     7.2794     7.2788     2.2466     0.8523     0.0769   100.4281    -0.0002     4.6874   38.97770    2.63338    114.571    26.4988    26.4974    1480.06          0      60246          9  0.000e+00
  430281293    101.595    102.484   3.457355   3.457144    33.8811    33.8795     7.2893     7.2885     7.2797     7.2790     2.2466     0.8535     0.0781   100.4281    -0.0002     4.6874   38.99209    2.63433    114.612    26.4987    26.4975    1480.06          0      60247          9  0.000e+00
  430281293    101.689    102.578   3.457422   3.457105    33.8814    33.8793     7.2896     7.2883     7.2800     7.2787     2.2466     0.8523     0.0781   100.4281    -0.0002     4.6874   38.93975    2.63077    114.457    26.4989    26.4974    1480.06          0      60248          9  0.000e+00
  430281293    101.689    102.578   3.457395   3.457066    33.8812    33.8797     7.2896     7.2874     7.2800     7.2778     2.2466     0.8523     0.0781   100.4281    -0.0002     4.6874   38.94215    2.63094    114.465    26.4987    26.4979    1480.06          0      60249          9  0.000e+00
  430281293    101.733    102.623   3.457422   3.457040    33.8814    33.8799     7.2896     7.2870     7.2800     7.2774     2.2454     0.8523     0.0769   100.4281    -0.0002     4.6874   38.94477    2.63111    114.472    26.4989    26.4980    1480.06          0      60250          9  0.000e+00
  430281293    101.776    102.667   3.457402   3.457027    33.8812    33.8799     7.2896     7.2868     7.2800     7.2772     2.2466     0.8547     0.0781   100.4281    -0.0002     4.6874   38.94740    2.63129    114.480    26.4987    26.4981    1480.06          0      60251          9  0.000e+00
  430281293    101.776    102.667   3.457428   3.457099    33.8815    33.8800     7.2896     7.2875     7.2800     7.2779     2.2466     0.8535     0.0781   100.4281    -0.0002     4.6874   39.01652    2.63596    114.683    26.4989    26.4981    1480.06          0      60252          9  0.000e+00
  430281294    101.870    102.761   3.457462   3.457124    33.8816    33.8801     7.2898     7.2876     7.2802     7.2780     2.2466     0.8535     0.0781   100.4281    -0.0002     4.6874   39.03044    2.63689    114.723    26.4990    26.4982    1480.06          0      60253          9  0.000e+00
  430281294    101.870    102.761   3.457475   3.457073    33.8819    33.8799     7.2896     7.2873     7.2800     7.2777     2.2466     0.8523     0.0781   100.4281    -0.0002     4.6874   39.03141    2.63696    114.726    26.4993    26.4980    1480.06          0      60254          9  0.000e+00
  430281294    101.914    102.805   3.457482   3.457060    33.8817    33.8798     7.2899     7.2871     7.2803     7.2775     2.2454     0.8523     0.0781   100.4281    -0.0002     4.6874   39.03161    2.63695    114.726    26.4991    26.4980    1480.06          0      60255          9  0.000e+00
  430281294    101.914    102.805   3.457475   3.457079    33.8816    33.8797     7.2899     7.2874     7.2803     7.2778     2.2466     0.8535     0.0781   100.4281    -0.0002     4.6874   39.03064    2.63689    114.723    26.4990    26.4979    1480.06          0      60256          9  0.000e+00
  430281294    101.957    102.849   3.457448   3.457112    33.8813    33.8799     7.2899     7.2876     7.2803     7.2780     2.2454     0.8535     0.0781   100.4019    -0.0002     4.6862   39.04095    2.63759    114.754    26.4988    26.4980    1480.07          0      60257          9  0.000e+00
  430281294    102.007    102.900   3.457475   3.457170    33.8816    33.8800     7.2899     7.2881     7.2803     7.2785     2.2466     0.8547     0.0781   100.4019    -0.0002     4.6862   38.97208    2.63293    114.551    26.4990    26.4980    1480.07          0      60258          9  0.000e+00
  430281294    102.057    102.950   3.457502   3.457189    33.8818    33.8802     7.2899     7.2881     7.2803     7.2785     2.2466     0.8547     0.0781   100.3757    -0.0002     4.6850   38.95792    2.63197    114.510    26.4992    26.4982    1480.07          0      60259          9  0.000e+00
  430281294    102.057    102.950   3.457482   3.457189    33.8814    33.8796     7.2901     7.2887     7.2805     7.2791     2.2466     0.8547     0.0781   100.3757    -0.0002     4.6850   38.94302    2.63096    114.466    26.4989    26.4976    1480.07          0      60260          9  0.000e+00
  430281294    102.101    102.994   3.457448   3.457209    33.8812    33.8799     7.2899     7.2886     7.2803     7.2790     2.2466     0.8535     0.0781   100.3757    -0.0002     4.6850   38.93989    2.63077    114.457    26.4987    26.4979    1480.07          0      60261          9  0.000e+00
