ROS/FK009A_CTD027_20130823.ros
* Sea-Bird SBE 9 Data File:
* FileName = C:\Falkor-Data-2013\FK009A\CTD\FK009A_CTD027_20130823.hex
* Software Version Seasave V 7.21f
* Temperature SN = 5483
* Conductivity SN = 3916
* Number of Bytes Per Scan = 41
* Number of Voltage Words = 4
* Number of Scans Averaged by the Deck Unit = 1
* NMEA Latitude = 48 29.45 N
* NMEA Longitude = 126 07.09 W
* NMEA UTC (Time) = Aug 23 2013 05:04:48
* NMEA baud rate = 4800
** Ship: RV Falkor
** Station: LC08
** Operator: CPeazy
# nquan = 27
# nvalues = 196                                   
# units = specified
# name 0 = timeQ: Time, NMEA [seconds]
# name 1 = depSM: Depth [salt water, m]
# name 2 = prDM: Pressure, Digiquartz [db]
# name 3 = c0S/m: Conductivity [S/m]
# name 4 = c1S/m: Conductivity, 2 [S/m]
# name 5 = sal00: Salinity, Practical [PSU]
# name 6 = sal11: Salinity, Practical, 2 [PSU]
# name 7 = t090C: Temperature [ITS-90, deg C]
# name 8 = t190C: Temperature, 2 [ITS-90, deg C]
# name 9 = potemp090C: Potential Temperature [ITS-90, deg C]
# name 10 = potemp190C: Potential Temperature, 2 [ITS-90, deg C]
# name 11 = v2: Voltage 2
# name 12 = v3: Voltage 3
# name 13 = v0: Voltage 0
# name 14 = CStarTr0: Beam Transmission, WET Labs C-Star [%]
# name 15 = CStarAt0: Beam Attenuation, WET Labs C-Star [1/m]
# name 16 = v5: Voltage 5
# name 17 = sbeox0PS: Oxygen, SBE 43 [% saturation]
# name 18 = sbeox0ML/L: Oxygen, SBE 43 [ml/l]
# name 19 = sbeox0Mm/Kg: Oxygen, SBE 43 [umol/Kg]
# name 20 = sigma-é00: Density [sigma-theta, Kg/m^3]
# name 21 = sigma-é11: Density, 2 [sigma-theta, Kg/m^3]
# name 22 = svCM: Sound Velocity [Chen-Millero, m/s]
# name 23 = modError: Modulo Error Count
# name 24 = scan: Scan Count
# name 25 = nbf: Bottles Fired
# name 26 = flag:  0.000e+00
# interval = seconds: 0.0416667
# start_time = Aug 23 2013 05:04:49 [NMEA time, first data scan]
# bad_flag = -9.990e-29
*END*
[from data line 162]
  430550543     72.583     73.213   3.417820   3.417846    33.4377    33.4396     7.3175     7.3159     7.3107     7.3091     0.0000     0.0000     0.0781    99.9049     0.0000     4.6630   45.09223    3.05337    132.889    26.1455    26.1472    1479.13          7      25275          4  0.000e+00
  430550543     72.539     73.169   3.417826   3.417904    33.4382    33.4402     7.3171     7.3159     7.3103     7.3091     0.0000     0.0000     0.0781    99.9049     0.0000     4.6630   45.02658    3.04894    132.696    26.1459    26.1477    1479.13          7      25276          4  0.000e+00
  430550543     72.539     73.169   3.417826   3.417891    33.4379    33.4401     7.3174     7.3159     7.3106     7.3091     0.0000     0.0000     0.0781    99.9049     0.0000     4.6630   45.01468    3.04812    132.661    26.1456    26.1476    1479.13          7      25277          4  0.000e+00
  430550543     72.558     73.188   3.417826   3.417866    33.4381    33.4396     7.3173     7.3161     7.3105     7.3093     0.0000     0.0000     0.0781    99.9049     0.0000     4.6630   45.00150    3.04724    132.622    26.1458    26.1472    1479.13          7      25278          4  0.000e+00
  430550543     72.489     73.119   3.417806   3.417853    33.4377    33.4397     7.3174     7.3159     7.3106     7.3091     0.0000     0.0000     0.0781    99.9310     0.0000     4.6642   44.98635    3.04621    132.577    26.1455    26.1472    1479.13          7      25279          4  0.000e+00
  430550543     72.539     73.169   3.417820   3.417859    33.4379    33.4399     7.3174     7.3158     7.3106     7.3090     0.0000     0.0000     0.0781    99.9049     0.0000     4.6630   44.97050    3.04513    132.530    26.1456    26.1474    1479.13          7      25280          4  0.000e+00
  430550543     72.508     73.138   3.417806   3.417840    33.4379    33.4397     7.3173     7.3158     7.3105     7.3090     0.0000     0.0000     0.0781    99.9049     0.0000     4.6630   44.98348    3.04602    132.569    26.1456    26.1473    1479.13          7      25281          4  0.000e+00
  430550543     72.539     73.169   3.417753   3.417827    33.4371    33.4396     7.3174     7.3157     7.3106     7.3089     0.0000     0.0000     0.0781    99.9049     0.0000     4.6630   44.93153    3.04250    132.416    26.1450    26.1472    1479.13          7      25282          4  0.000e+00
  430550543     72.489     73.119   3.417760   3.417853    33.4374    33.4397     7.3173     7.3159     7.3105     7.3091     0.0000     0.0000     0.0781    99.9310     0.0000     4.6642   44.93363    3.04265    132.423    26.1452    26.1472    1479.13          7      25283          4  0.000e+00
  430550543     72.508     73.138   3.417740   3.417840    33.4368    33.4397     7.3176     7.3158     7.3108     7.3090     0.0000     0.0000     0.0781    99.9310     0.0000     4.6642   44.93561    3.04278    132.428    26.1448    26.1473    1479.13          7      25284          4  0.000e+00
  430550543     72.489     73.119   3.417734   3.417827    33.4371    33.4397     7.3173     7.3156     7.3105     7.3088     0.0000     0.0000     0.0781    99.9310     0.0000     4.6642   44.93696    3.04288    132.433    26.1450    26.1473    1479.13          7      25285          4  0.000e+00
  430550544     72.489     73.119   3.417714   3.417827    33.4366    33.4396     7.3175     7.3158     7.3108     7.3090     0.0000     0.0000     0.0781    99.9310     0.0000     4.6642   44.93789    3.04294    132.435    26.1446    26.1472    1479.13          7      25286          4  0.000e+00
  430550544     72.508     73.138   3.417681   3.417853    33.4363    33.4398     7.3174     7.3158     7.3106     7.3090     0.0000     0.0000     0.0781    99.9049     0.0000     4.6630   44.93848    3.04299    132.437    26.1444    26.1474    1479.13          7      25287          4  0.000e+00
  430550544     72.539     73.169   3.417674   3.417879    33.4359    33.4401     7.3178     7.3158     7.3110     7.3090     0.0000     0.0000     0.0781    99.9310     0.0000     4.6642   45.00501    3.04748    132.633    26.1441    26.1476    1479.13          7      25288          4  0.000e+00
  430550544     72.489     73.119   3.417634   3.417821    33.4358    33.4393     7.3174     7.3159     7.3106     7.3091     0.0000     0.0000     0.0781    99.9049     0.0000     4.6630   45.02708    3.04900    132.699    26.1440    26.1470    1479.13          7      25289          4  0.000e+00
  430550544     72.539     73.169   3.417608   3.417756    33.4352    33.4385     7.3178     7.3160     7.3110     7.3092     0.0000     0.0000     0.0781    99.9310     0.0000     4.6642   45.03732    3.04968    132.729    26.1435    26.1463    1479.13          7      25290          4  0.000e+00
  430550544     72.508     73.138   3.417535   3.417685    33.4348    33.4377     7.3174     7.3161     7.3106     7.3093     0.0000     0.0000     0.0781    99.9310     0.0000     4.6642   44.99169    3.04663    132.596    26.1432    26.1457    1479.13          7      25291          4  0.000e+00
  430550544     72.489     73.119   3.417475   3.417537    33.4337    33.4361     7.3179     7.3161     7.3111     7.3093     0.0000     0.0000     0.0781    99.9310     0.0000     4.6642   45.00105    3.04725    132.623    26.1423    26.1444    1479.13          7      25292          4  0.000e+00
  430550544     72.539     73.169   3.417363   3.417421    33.4324    33.4346     7.3179     7.3163     7.3111     7.3095     0.0000     0.0000     0.0781    99.9310     0.0000     4.6642   44.95635    3.04425    132.493    26.1412    26.1432    1479.13          7      25293          4  0.000e+00
  430550544     72.558     73.188   3.417310   3.417331    33.4318    33.4335     7.3179     7.3164     7.3111     7.3096     0.0000     0.0000     0.0781    99.9310     0.0000     4.6642   44.96738    3.04500    132.526    26.1408    26.1423    1479.13          7      25294          4  0.000e+00
  430550544     72.583     73.213   3.417237   3.417350    33.4310    33.4338     7.3179     7.3163     7.3111     7.3095     0.0000     0.0000     0.0794    99.9310     0.0000     4.6642   45.03391    3.04953    132.722    26.1402    26.1426    1479.12          7      25295          4  0.000e+00
  430550544     72.539     73.169   3.417184   3.417408    33.4303    33.4348     7.3181     7.3159     7.3113     7.3091     0.0000     0.0000     0.0794    99.9310     0.0000     4.6642   45.04504    3.05028    132.755    26.1396    26.1434    1479.12          7      25296          4  0.000e+00
  430550544     72.602     73.232   3.417131   3.417428    33.4297    33.4348     7.3181     7.3162     7.3113     7.3094     0.0000     0.0000     0.0794    99.9310     0.0000     4.6642   45.05681    3.05109    132.791    26.1391    26.1433    1479.12          7      25297          4  0.000e+00
  430550544     72.583     73.213   3.417039   3.417434    33.4286    33.4347     7.3182     7.3163     7.3114     7.3095     0.0000     0.0000     0.0794    99.9049     0.0000     4.6630   45.03246    3.04946    132.720    26.1382    26.1433    1479.12          7      25298          4  0.000e+00
  430550544     72.627     73.258   3.417005   3.417421    33.4282    33.4346     7.3182     7.3163     7.3114     7.3095     0.0000     0.0000     0.0781    99.9310     0.0000     4.6642   45.01893    3.04855    132.680    26.1379    26.1432    1479.12          7      25299          4  0.000e+00
  430550544     72.602     73.232   3.416946   3.417428    33.4274    33.4347     7.3184     7.3163     7.3116     7.3095     0.0000     0.0000     0.0781    99.9310     0.0000     4.6642   45.07042    3.05204    132.832    26.1372    26.1433    1479.12          7      25300          4  0.000e+00
  430550544     72.627     73.258   3.416972   3.417498    33.4277    33.4356     7.3184     7.3161     7.3116     7.3093     0.0000     0.0000     0.0794    99.9049     0.0000     4.6630   45.06581    3.05172    132.818    26.1374    26.1440    1479.12          7      25301          4  0.000e+00
  430550544     72.627     73.258   3.416999   3.417492    33.4279    33.4353     7.3184     7.3163     7.3116     7.3095     0.0000     0.0000     0.0794    99.9049     0.0000     4.6630   45.00514    3.04761    132.639    26.1377    26.1438    1479.12          7      25302          4  0.000e+00
  430550544     72.677     73.308   3.417065   3.417492    33.4287    33.4353     7.3183     7.3163     7.3115     7.3095     0.0000     0.0000     0.0794    99.9049     0.0000     4.6630   44.99926    3.04720    132.621    26.1383    26.1438    1479.12          7      25303          4  0.000e+00
  430550544     72.695     73.327   3.417105   3.417447    33.4292    33.4348     7.3182     7.3163     7.3114     7.3095     0.0000     0.0000     0.0794    99.9049     0.0000     4.6630   44.99273    3.04675    132.602    26.1387    26.1434    1479.13          7      25304          4  0.000e+00
  430550544     72.720     73.352   3.417092   3.417357    33.4289    33.4337     7.3184     7.3164     7.3116     7.3096     0.0000     0.0000     0.0781    99.9049     0.0000     4.6630   44.91936    3.04178    132.385    26.1384    26.1425    1479.13          7      25305          4  0.000e+00
  430550544     72.720     73.352   3.417065   3.417221    33.4285    33.4321     7.3186     7.3166     7.3117     7.3098     0.0000     0.0000     0.0781    99.9049     0.0000     4.6630   44.90082    3.04052    132.331    26.1381    26.1412    1479.13          7      25306          4  0.000e+00
  430550544     72.695     73.327   3.417283   3.417138    33.4310    33.4309     7.3184     7.3169     7.3116     7.3101     0.0000     0.0000     0.0794    99.9049     0.0000     4.6630   44.94853    3.04371    132.469    26.1401    26.1402    1479.13          7      25307          4  0.000e+00
  430550544     72.770     73.402   3.417403   3.417144    33.4323    33.4311     7.3184     7.3167     7.3116     7.3099     0.0000     0.0000     0.0794    99.9049     0.0000     4.6630   44.94136    3.04320    132.447    26.1411    26.1404    1479.13          7      25308          4  0.000e+00
