ROS/FK009A_CTD003_20130819.ros
* Sea-Bird SBE 9 Data File:
* FileName = C:\Falkor-Data-2013\FK009A\CTD\FK009A_CTD003_20130819.hex
* Software Version Seasave V 7.21f
* Temperature SN = 5483
* Conductivity SN = 3916
* Number of Bytes Per Scan = 41
* Number of Voltage Words = 4
* Number of Scans Averaged by the Deck Unit = 1
* NMEA Latitude = 48 25.29 N
* NMEA Longitude = 125 28.62 W
* NMEA UTC (Time) = Aug 19 2013 21:05:36
* NMEA baud rate = 4800
** Ship:
** Station: LB08
** Operator:
# nquan = 27
# nvalues = 441                                   
# units = specified
# name 0 = timeQ: Time, NMEA [seconds]
# name 1 = depSM: Depth [salt water, m]
# name 2 = prDM: Pressure, Digiquartz [db]
# name 3 = c0S/m: Conductivity [S/m]
# name 4 = c1S/m: Conductivity, 2 [S/m]
# name 5 = sal00: Salinity, Practical [PSU]
# name 6 = sal11: Salinity, Practical, 2 [PSU]
# name 7 = t090C: Temperature [ITS-90, deg C]
# name 8 = t190C: Temperature, 2 [ITS-90, deg C]
# name 9 = potemp090C: Potential Temperature [ITS-90, deg C]
# name 10 = potemp190C: Potential Temperature, 2 [ITS-90, deg C]
# name 11 = v2: Voltage 2
# name 12 = v3: Voltage 3
# name 13 = v0: Voltage 0
# name 14 = CStarTr0: Beam Transmission, WET Labs C-Star [%]
# name 15 = CStarAt0: Beam Attenuation, WET Labs C-Star [1/m]
# name 16 = v5: Voltage 5
# name 17 = sbeox0PS: Oxygen, SBE 43 [% saturation]
# name 18 = sbeox0ML/L: Oxygen, SBE 43 [ml/l]
# name 19 = sbeox0Mm/Kg: Oxygen, SBE 43 [umol/Kg]
# name 20 = sigma-é00: Density [sigma-theta, Kg/m^3]
# name 21 = sigma-é11: Density, 2 [sigma-theta, Kg/m^3]
# name 22 = svCM: Sound Velocity [Chen-Millero, m/s]
# name 23 = modError: Modulo Error Count
# name 24 = scan: Scan Count
# name 25 = nbf: Bottles Fired
# name 26 = flag:  0.000e+00
# interval = seconds: 0.0416667
# start_time = Aug 19 2013 21:05:37 [NMEA time, first data scan]
# bad_flag = -9.990e-29
*END*
[from data line 430]
  430262887      5.374      5.420   3.777814   3.770641    31.8155    31.8135    13.1909    13.1129    13.1902    13.1122     1.2149     1.2759     0.1807    88.1590     0.0050     4.1148  132.26192    7.96565    347.445    23.8898    23.9036    1497.15          0      32415          9  0.000e+00
  430262887      5.399      5.445   3.778571   3.771384    31.8111    31.7965    13.2047    13.1415    13.2039    13.1408     1.2161     1.2747     0.1807    88.5514     0.0049     4.1331  132.25905    7.96344    347.351    23.8837    23.8849    1497.19          0      32416          9  0.000e+00
  430262887      5.330      5.376   3.779417   3.771417    31.8170    31.7997    13.2072    13.1382    13.2064    13.1375     1.2161     1.2772     0.1807    88.6561     0.0048     4.1380  132.25500    7.96249    347.308    23.8878    23.8879    1497.21          0      32417          9  0.000e+00
  430262887      5.399      5.445   3.780381   3.771089    31.8114    31.8104    13.2245    13.1217    13.2238    13.1209     1.2161     1.2759     0.1807    88.6561     0.0048     4.1380  132.25274    7.95977    347.193    23.8801    23.8995    1497.26          0      32418          9  0.000e+00
  430262887      5.374      5.420   3.781125   3.770882    31.8051    31.8162    13.2404    13.1124    13.2397    13.1117     1.2161     1.2759     0.1807    88.6299     0.0048     4.1368  132.24898    7.95725    347.085    23.8720    23.9058    1497.30          0      32419          9  0.000e+00
  430262887      5.349      5.394   3.781627   3.770239    31.8030    31.8147    13.2486    13.1070    13.2478    13.1063     1.2161     1.2759     0.1807    88.6299     0.0048     4.1368  132.24549    7.95581    347.023    23.8688    23.9057    1497.33          0      32420          9  0.000e+00
  430262887      5.374      5.420   3.781958   3.770058    31.7997    31.8157    13.2562    13.1038    13.2555    13.1031     1.2161     1.2759     0.1807    88.6299     0.0048     4.1368  132.24285    7.95456    346.970    23.8648    23.9071    1497.35          0      32421          9  0.000e+00
  430262887      5.305      5.350   3.782034   3.770969    31.7953    31.8207    13.2623    13.1081    13.2616    13.1074     1.2149     1.2747     0.1807    88.6299     0.0048     4.1368  132.24746    7.95405    346.950    23.8601    23.9101    1497.36          0      32422          9  0.000e+00
  430262887      5.349      5.394   3.781882   3.772918    31.7918    31.8133    13.2648    13.1387    13.2641    13.1380     1.2161     1.2747     0.1807    88.6299     0.0048     4.1368  132.25442    7.95423    346.959    23.8569    23.8984    1497.37          0      32423          9  0.000e+00
  430262888      5.374      5.420   3.781001   3.774391    31.7949    31.8116    13.2512    13.1572    13.2505    13.1565     1.2161     1.2759     0.1807    88.6299     0.0048     4.1368  132.26195    7.95677    347.067    23.8620    23.8934    1497.33          0      32424          9  0.000e+00
  430262888      5.349      5.394   3.780071   3.775329    31.7944    31.8250    13.2415    13.1518    13.2407    13.1510     1.2161     1.2747     0.1807    88.6299     0.0048     4.1368  132.26888    7.95881    347.156    23.8635    23.9049    1497.29          0      32425          9  0.000e+00
