ROS/FK009A_CTD029_20130824.ros
* Sea-Bird SBE 9 Data File:
* FileName = C:\Falkor-Data-2013\FK009A\CTD\FK009A_CTD029_20130824.hex
* Software Version Seasave V 7.21f
* Temperature SN = 5483
* Conductivity SN = 3916
* Number of Bytes Per Scan = 41
* Number of Voltage Words = 4
* Number of Scans Averaged by the Deck Unit = 1
* NMEA Latitude = 48 06.59 N
* NMEA Longitude = 125 15.03 W
* NMEA UTC (Time) = Aug 24 2013 06:23:34
* NMEA baud rate = 4800
** Ship: RV Falkor
** Station: RD02
** Operator: CPeazy
# nquan = 27
# nvalues = 588                                   
# units = specified
# name 0 = timeQ: Time, NMEA [seconds]
# name 1 = depSM: Depth [salt water, m]
# name 2 = prDM: Pressure, Digiquartz [db]
# name 3 = c0S/m: Conductivity [S/m]
# name 4 = c1S/m: Conductivity, 2 [S/m]
# name 5 = sal00: Salinity, Practical [PSU]
# name 6 = sal11: Salinity, Practical, 2 [PSU]
# name 7 = t090C: Temperature [ITS-90, deg C]
# name 8 = t190C: Temperature, 2 [ITS-90, deg C]
# name 9 = potemp090C: Potential Temperature [ITS-90, deg C]
# name 10 = potemp190C: Potential Temperature, 2 [ITS-90, deg C]
# name 11 = v2: Voltage 2
# name 12 = v3: Voltage 3
# name 13 = v0: Voltage 0
# name 14 = CStarTr0: Beam Transmission, WET Labs C-Star [%]
# name 15 = CStarAt0: Beam Attenuation, WET Labs C-Star [1/m]
# name 16 = v5: Voltage 5
# name 17 = sbeox0PS: Oxygen, SBE 43 [% saturation]
# name 18 = sbeox0ML/L: Oxygen, SBE 43 [ml/l]
# name 19 = sbeox0Mm/Kg: Oxygen, SBE 43 [umol/Kg]
# name 20 = sigma-é00: Density [sigma-theta, Kg/m^3]
# name 21 = sigma-é11: Density, 2 [sigma-theta, Kg/m^3]
# name 22 = svCM: Sound Velocity [Chen-Millero, m/s]
# name 23 = modError: Modulo Error Count
# name 24 = scan: Scan Count
# name 25 = nbf: Bottles Fired
# name 26 = flag:  0.000e+00
# interval = seconds: 0.0416667
# start_time = Aug 24 2013 06:23:34 [NMEA time, first data scan]
# bad_flag = -9.990e-29
*END*
[from data line 162]
  430641746    210.457    212.349   3.404490   3.404371    33.9056    33.9055     6.6205     6.6194     6.6016     6.6004     0.0000     0.0000     0.0794    98.1260     0.0008     4.5800   19.75501    1.35510     58.950    26.6103    26.6103    1479.29          4      27142          4  0.000e+00
  430641746    210.419    212.311   3.404503   3.404364    33.9058    33.9056     6.6205     6.6192     6.6016     6.6003     0.0000     0.0000     0.0781    98.1260     0.0008     4.5800   19.81461    1.35918     59.128    26.6104    26.6104    1479.29          4      27143          4  0.000e+00
  430641746    210.463    212.355   3.404510   3.404332    33.9057    33.9048     6.6207     6.6196     6.6018     6.6007     0.0000     0.0000     0.0794    98.1260     0.0008     4.5800   19.88675    1.36413     59.343    26.6103    26.6097    1479.29          4      27144          4  0.000e+00
  430641746    210.463    212.355   3.404510   3.404371    33.9058    33.9051     6.6205     6.6197     6.6016     6.6007     0.0000     0.0000     0.0781    98.1260     0.0008     4.5800   19.83375    1.36050     59.185    26.6105    26.6100    1479.29          4      27145          4  0.000e+00
  430641746    210.513    212.406   3.404529   3.404338    33.9060    33.9049     6.6205     6.6195     6.6016     6.6006     0.0000     0.0000     0.0794    98.1260     0.0008     4.5800   19.90541    1.36541     59.399    26.6106    26.6099    1479.29          4      27146          4  0.000e+00
  430641746    210.513    212.406   3.404496   3.404345    33.9055    33.9049     6.6207     6.6196     6.6018     6.6007     0.0000     0.0000     0.0781    98.1260     0.0008     4.5800   19.85188    1.36174     59.239    26.6102    26.6098    1479.29          4      27147          4  0.000e+00
  430641747    210.513    212.406   3.404457   3.404306    33.9049    33.9047     6.6209     6.6194     6.6019     6.6004     0.0000     0.0000     0.0781    98.1260     0.0008     4.5800   19.85445    1.36192     59.247    26.6097    26.6097    1479.29          4      27148          4  0.000e+00
  430641747    210.513    212.406   3.404490   3.404313    33.9054    33.9048     6.6207     6.6194     6.6018     6.6004     0.0000     0.0000     0.0781    98.1260     0.0008     4.5800   19.78859    1.35740     59.050    26.6101    26.6098    1479.29          4      27149          4  0.000e+00
  430641747    210.557    212.450   3.404490   3.404326    33.9052    33.9050     6.6209     6.6193     6.6019     6.6003     0.0000     0.0000     0.0781    98.1260     0.0008     4.5800   19.77944    1.35677     59.023    26.6100    26.6100    1479.29          4      27150          4  0.000e+00
  430641747    210.557    212.450   3.404503   3.404300    33.9054    33.9049     6.6209     6.6191     6.6019     6.6001     0.0000     0.0000     0.0781    98.1260     0.0008     4.5800   19.83913    1.36086     59.201    26.6101    26.6100    1479.29          4      27151          4  0.000e+00
  430641747    210.594    212.488   3.404371   3.404338    33.9041    33.9052     6.6207     6.6192     6.6018     6.6003     0.0000     0.0000     0.0781    98.1260     0.0008     4.5800   19.84284    1.36113     59.213    26.6090    26.6101    1479.29          4      27152          4  0.000e+00
  430641747    210.601    212.494   3.404371   3.404358    33.9036    33.9053     6.6211     6.6193     6.6022     6.6003     0.0000     0.0000     0.0781    98.1260     0.0008     4.5800   19.84644    1.36137     59.223    26.6087    26.6103    1479.29          4      27153          4  0.000e+00
  430641747    210.601    212.494   3.404457   3.404358    33.9046    33.9051     6.6211     6.6195     6.6022     6.6006     0.0000     0.0000     0.0781    98.1260     0.0008     4.5800   19.83718    1.36073     59.195    26.6094    26.6100    1479.30          4      27154          4  0.000e+00
  430641747    210.601    212.494   3.404549   3.404332    33.9054    33.9046     6.6213     6.6197     6.6024     6.6007     0.0000     0.0000     0.0794    98.1260     0.0008     4.5800   19.82740    1.36004     59.165    26.6101    26.6096    1479.30          4      27155          4  0.000e+00
  430641747    210.651    212.545   3.404569   3.404345    33.9052    33.9047     6.6218     6.6198     6.6028     6.6008     0.0000     0.0000     0.0781    98.1260     0.0008     4.5800   19.81722    1.35933     59.134    26.6098    26.6096    1479.30          4      27156          4  0.000e+00
  430641747    210.651    212.545   3.404589   3.404358    33.9057    33.9049     6.6215     6.6197     6.6025     6.6007     0.0000     0.0000     0.0794    98.1260     0.0008     4.5800   19.75086    1.35478     58.936    26.6102    26.6099    1479.30          4      27157          4  0.000e+00
  430641747    210.651    212.545   3.404622   3.404377    33.9057    33.9050     6.6218     6.6198     6.6028     6.6009     0.0000     0.0000     0.0781    98.1260     0.0008     4.5800   19.80951    1.35880     59.111    26.6102    26.6099    1479.30          4      27158          4  0.000e+00
  430641747    210.651    212.545   3.404609   3.404364    33.9054    33.9044     6.6219     6.6202     6.6030     6.6013     0.0000     0.0000     0.0781    98.1260     0.0008     4.5800   19.81208    1.35897     59.118    26.6100    26.6094    1479.30          4      27159          4  0.000e+00
  430641747    210.651    212.545   3.404602   3.404377    33.9055    33.9045     6.6218     6.6203     6.6028     6.6014     0.0000     0.0000     0.0781    98.1521     0.0007     4.5812   19.81466    1.35915     59.126    26.6101    26.6094    1479.30          4      27160          4  0.000e+00
  430641747    210.694    212.589   3.404582   3.404390    33.9054    33.9044     6.6216     6.6205     6.6027     6.6016     0.0000     0.0000     0.0781    98.1783     0.0007     4.5824   19.81735    1.35934     59.135    26.6100    26.6094    1479.30          4      27161          4  0.000e+00
  430641747    210.694    212.589   3.404596   3.404390    33.9056    33.9047     6.6216     6.6202     6.6027     6.6013     0.0000     0.0000     0.0781    98.1783     0.0007     4.5824   19.81992    1.35952     59.142    26.6101    26.6096    1479.30          4      27162          4  0.000e+00
  430641747    210.688    212.583   3.404602   3.404409    33.9058    33.9049     6.6215     6.6202     6.6025     6.6012     0.0000     0.0000     0.0781    98.1783     0.0007     4.5824   19.89092    1.36439     59.354    26.6103    26.6098    1479.30          4      27163          4  0.000e+00
  430641747    210.694    212.589   3.404582   3.404396    33.9053    33.9053     6.6218     6.6197     6.6028     6.6007     0.0000     0.0000     0.0781    98.1783     0.0007     4.5824   19.83689    1.36068     59.193    26.6099    26.6102    1479.30          4      27164          4  0.000e+00
  430641747    210.694    212.589   3.404596   3.404377    33.9056    33.9047     6.6216     6.6201     6.6027     6.6011     0.0000     0.0000     0.0781    98.1783     0.0007     4.5824   19.83895    1.36082     59.199    26.6101    26.6096    1479.30          4      27165          4  0.000e+00
  430641747    210.694    212.589   3.404556   3.404383    33.9053    33.9048     6.6215     6.6200     6.6025     6.6011     0.0000     0.0000     0.0781    98.1783     0.0007     4.5824   19.84102    1.36097     59.206    26.6099    26.6097    1479.30          4      27166          4  0.000e+00
  430641747    210.694    212.589   3.404543   3.404364    33.9052    33.9044     6.6215     6.6202     6.6025     6.6012     0.0000     0.0000     0.0781    98.1783     0.0007     4.5824   19.78750    1.35730     59.046    26.6098    26.6094    1479.30          4      27167          4  0.000e+00
  430641747    210.694    212.589   3.404582   3.404358    33.9054    33.9045     6.6216     6.6201     6.6027     6.6011     0.0000     0.0000     0.0781    98.1783     0.0007     4.5824   19.77824    1.35666     59.018    26.6100    26.6095    1479.30          4      27168          4  0.000e+00
  430641747    210.744    212.640   3.404556   3.404358    33.9051    33.9044     6.6216     6.6202     6.6027     6.6012     0.0000     0.0000     0.0781    98.1783     0.0007     4.5824   19.76962    1.35607     58.992    26.6098    26.6093    1479.30          4      27169          4  0.000e+00
  430641747    210.651    212.545   3.404582   3.404377    33.9058    33.9046     6.6213     6.6202     6.6023     6.6012     0.0000     0.0000     0.0781    98.1783     0.0007     4.5824   19.76116    1.35549     58.967    26.6103    26.6095    1479.30          4      27170          4  0.000e+00
  430641747    210.694    212.589   3.404602   3.404364    33.9063    33.9044     6.6210     6.6202     6.6020     6.6013     0.0000     0.0000     0.0781    98.1783     0.0007     4.5824   19.75357    1.35498     58.945    26.6108    26.6094    1479.30          4      27171          4  0.000e+00
  430641748    210.694    212.589   3.404582   3.404377    33.9059    33.9046     6.6211     6.6202     6.6022     6.6012     0.0000     0.0000     0.0781    98.1783     0.0007     4.5824   19.74637    1.35448     58.923    26.6105    26.6095    1479.30          4      27172          4  0.000e+00
  430641748    210.651    212.545   3.404523   3.404390    33.9056    33.9048     6.6209     6.6202     6.6019     6.6012     0.0000     0.0000     0.0781    98.1783     0.0007     4.5824   19.73958    1.35403     58.904    26.6102    26.6097    1479.30          4      27173          4  0.000e+00
  430641748    210.638    212.532   3.404556   3.404364    33.9058    33.9047     6.6210     6.6199     6.6020     6.6010     0.0000     0.0000     0.0781    98.1783     0.0007     4.5824   19.73337    1.35360     58.885    26.6104    26.6097    1479.30          4      27174          4  0.000e+00
  430641748    210.651    212.545   3.404523   3.404332    33.9053    33.9045     6.6211     6.6198     6.6022     6.6009     0.0000     0.0000     0.0781    98.1783     0.0007     4.5824   19.79618    1.35791     59.072    26.6100    26.6095    1479.30          4      27175          4  0.000e+00
  430641957    150.202    151.530   3.421141   3.420939    33.8708    33.8694     6.8720     6.8712     6.8582     6.8574     0.0000     0.0000     0.0781    97.8121     0.0009     4.5653   27.66379    1.88707     82.097    26.5485    26.5475    1479.23          5      32204          5  0.000e+00
  430641957    150.252    151.581   3.421141   3.420951    33.8708    33.8698     6.8719     6.8709     6.8582     6.8572     0.0000     0.0000     0.0794    97.8121     0.0009     4.5653   27.68172    1.88829     82.150    26.5486    26.5478    1479.23          5      32205          5  0.000e+00
  430641957    150.165    151.493   3.421075   3.420958    33.8700    33.8694     6.8721     6.8714     6.8584     6.8576     0.0000     0.0000     0.0794    97.8121     0.0009     4.5653   27.64604    1.88586     82.045    26.5479    26.5475    1479.23          5      32206          5  0.000e+00
  430641958    150.108    151.436   3.421095   3.420984    33.8707    33.8697     6.8716     6.8714     6.8579     6.8577     0.0000     0.0000     0.0806    97.8121     0.0009     4.5653   27.60053    1.88277     81.910    26.5485    26.5477    1479.23          5      32207          5  0.000e+00
  430641958    150.109    151.436   3.421108   3.420938    33.8709    33.8689     6.8716     6.8717     6.8579     6.8579     0.0000     0.0000     0.0806    97.8382     0.0009     4.5665   27.56965    1.88066     81.818    26.5486    26.5471    1479.23          5      32208          5  0.000e+00
  430641958    150.027    151.354   3.421115   3.420990    33.8705    33.8696     6.8721     6.8716     6.8584     6.8579     0.0000     0.0000     0.0818    97.8121     0.0009     4.5653   27.54096    1.87869     81.732    26.5483    26.5477    1479.23          5      32209          5  0.000e+00
  430641958    149.971    151.297   3.421174   3.420977    33.8708    33.8696     6.8725     6.8715     6.8587     6.8578     0.0000     0.0000     0.0806    97.8121     0.0009     4.5653   27.51486    1.87689     81.654    26.5485    26.5476    1479.23          5      32210          5  0.000e+00
  430641958    149.927    151.253   3.421181   3.421003    33.8706    33.8698     6.8727     6.8716     6.8590     6.8579     0.0000     0.0000     0.0806    97.8121     0.0009     4.5653   27.54639    1.87903     81.747    26.5483    26.5478    1479.23          5      32211          5  0.000e+00
  430641958    149.890    151.215   3.421148   3.420977    33.8704    33.8695     6.8726     6.8717     6.8589     6.8580     0.0000     0.0000     0.0806    97.8121     0.0009     4.5653   27.52386    1.87750     81.681    26.5482    26.5475    1479.23          5      32212          5  0.000e+00
  430641958    149.834    151.158   3.421187   3.420984    33.8707    33.8693     6.8727     6.8719     6.8590     6.8582     0.0000     0.0000     0.0818    97.8382     0.0009     4.5665   27.51519    1.87690     81.655    26.5484    26.5474    1479.23          5      32213          5  0.000e+00
  430641958    149.790    151.114   3.421187   3.420971    33.8706    33.8691     6.8729     6.8720     6.8592     6.8583     0.0000     0.0000     0.0806    97.8121     0.0009     4.5653   27.44101    1.87183     81.434    26.5482    26.5472    1479.23          5      32214          5  0.000e+00
  430641958    149.696    151.020   3.421148   3.421003    33.8699    33.8693     6.8732     6.8722     6.8595     6.8585     0.0000     0.0000     0.0806    97.8382     0.0009     4.5665   27.43719    1.87157     81.423    26.5476    26.5473    1479.23          5      32215          5  0.000e+00
  430641958    149.752    151.077   3.421187   3.421061    33.8704    33.8698     6.8731     6.8723     6.8594     6.8586     0.0000     0.0000     0.0806    97.8382     0.0009     4.5665   27.55954    1.87991     81.786    26.5481    26.5477    1479.23          5      32216          5  0.000e+00
  430641958    149.653    150.976   3.421154   3.421061    33.8700    33.8699     6.8732     6.8723     6.8595     6.8586     0.0000     0.0000     0.0806    97.8382     0.0009     4.5665   27.70674    1.88995     82.223    26.5477    26.5478    1479.23          5      32217          5  0.000e+00
  430641958    149.559    150.881   3.421187   3.421022    33.8704    33.8693     6.8732     6.8725     6.8595     6.8588     0.0000     0.0000     0.0806    97.8121     0.0009     4.5653   27.74327    1.89244     82.331    26.5480    26.5473    1479.23          5      32218          5  0.000e+00
  430641958    149.521    150.843   3.421161   3.420996    33.8700    33.8692     6.8734     6.8723     6.8597     6.8586     0.0000     0.0000     0.0818    97.8121     0.0009     4.5653   27.78048    1.89498     82.441    26.5477    26.5472    1479.23          5      32219          5  0.000e+00
  430641958    149.465    150.787   3.421167   3.421009    33.8698    33.8694     6.8736     6.8723     6.8600     6.8587     0.0000     0.0000     0.0818    97.8121     0.0009     4.5653   27.80567    1.89669     82.515    26.5475    26.5473    1479.23          5      32220          5  0.000e+00
  430641958    149.421    150.742   3.421194   3.421016    33.8702    33.8693     6.8736     6.8724     6.8599     6.8588     0.0000     0.0000     0.0806    97.8382     0.0009     4.5665   27.81846    1.89756     82.553    26.5478    26.5473    1479.22          5      32221          5  0.000e+00
