ROS/FK009A_CTD026_20130823.ros
* Sea-Bird SBE 9 Data File:
* FileName = C:\Falkor-Data-2013\FK009A\CTD\FK009A_CTD026_20130823.hex
* Software Version Seasave V 7.21f
* Temperature SN = 5483
* Conductivity SN = 3916
* Number of Bytes Per Scan = 41
* Number of Voltage Words = 4
* Number of Scans Averaged by the Deck Unit = 1
* NMEA Latitude = 48 43.59 N
* NMEA Longitude = 125 42.77 W
* NMEA UTC (Time) = Aug 23 2013 01:39:36
* NMEA baud rate = 4800
** Ship: RV Falkor
** Station: LC05-A
** Operator: CPeazy
# nquan = 27
# nvalues = 196                                   
# units = specified
# name 0 = timeQ: Time, NMEA [seconds]
# name 1 = depSM: Depth [salt water, m]
# name 2 = prDM: Pressure, Digiquartz [db]
# name 3 = c0S/m: Conductivity [S/m]
# name 4 = c1S/m: Conductivity, 2 [S/m]
# name 5 = sal00: Salinity, Practical [PSU]
# name 6 = sal11: Salinity, Practical, 2 [PSU]
# name 7 = t090C: Temperature [ITS-90, deg C]
# name 8 = t190C: Temperature, 2 [ITS-90, deg C]
# name 9 = potemp090C: Potential Temperature [ITS-90, deg C]
# name 10 = potemp190C: Potential Temperature, 2 [ITS-90, deg C]
# name 11 = v2: Voltage 2
# name 12 = v3: Voltage 3
# name 13 = v0: Voltage 0
# name 14 = CStarTr0: Beam Transmission, WET Labs C-Star [%]
# name 15 = CStarAt0: Beam Attenuation, WET Labs C-Star [1/m]
# name 16 = v5: Voltage 5
# name 17 = sbeox0PS: Oxygen, SBE 43 [% saturation]
# name 18 = sbeox0ML/L: Oxygen, SBE 43 [ml/l]
# name 19 = sbeox0Mm/Kg: Oxygen, SBE 43 [umol/Kg]
# name 20 = sigma-é00: Density [sigma-theta, Kg/m^3]
# name 21 = sigma-é11: Density, 2 [sigma-theta, Kg/m^3]
# name 22 = svCM: Sound Velocity [Chen-Millero, m/s]
# name 23 = modError: Modulo Error Count
# name 24 = scan: Scan Count
# name 25 = nbf: Bottles Fired
# name 26 = flag:  0.000e+00
# interval = seconds: 0.0416667
# start_time = Aug 23 2013 01:39:36 [NMEA time, first data scan]
# bad_flag = -9.990e-29
*END*
[from data line 108]
  430538025    101.143    102.031   3.412709   3.412691    33.5754    33.5722     7.1038     7.1069     7.0944     7.0976     0.0000     0.0000     0.0818    93.5480     0.0027     4.3663   24.94255    1.69570     73.791    26.2837    26.2807    1478.95          7      20337          3  0.000e+00
  430538025    101.187    102.075   3.412656   3.412653    33.5751    33.5717     7.1035     7.1069     7.0942     7.0976     0.0000     0.0000     0.0818    93.5741     0.0027     4.3675   24.94609    1.69596     73.802    26.2835    26.2804    1478.95          7      20338          3  0.000e+00
  430538025    101.093    101.981   3.412676   3.412653    33.5756    33.5721     7.1033     7.1066     7.0940     7.0973     0.0000     0.0000     0.0818    93.5741     0.0027     4.3675   24.94968    1.69620     73.812    26.2839    26.2807    1478.95          7      20339          3  0.000e+00
  430538025    101.093    101.981   3.412669   3.412640    33.5751    33.5724     7.1037     7.1062     7.0943     7.0968     0.0000     0.0000     0.0806    93.5741     0.0027     4.3675   24.95402    1.69649     73.825    26.2835    26.2810    1478.95          7      20340          3  0.000e+00
  430538025    101.049    101.937   3.412643   3.412582    33.5752    33.5731     7.1033     7.1048     7.0940     7.0954     0.0000     0.0000     0.0806    93.5741     0.0027     4.3675   24.95874    1.69682     73.839    26.2836    26.2818    1478.95          7      20341          3  0.000e+00
  430538025    101.049    101.937   3.412636   3.412530    33.5751    33.5740     7.1033     7.1033     7.0940     7.0939     0.0000     0.0000     0.0818    93.5741     0.0027     4.3675   24.96407    1.69719     73.855    26.2835    26.2827    1478.95          7      20342          3  0.000e+00
  430538025    101.049    101.937   3.412656   3.412485    33.5752    33.5745     7.1035     7.1023     7.0941     7.0930     0.0000     0.0000     0.0806    93.5741     0.0027     4.3675   24.96988    1.69757     73.872    26.2836    26.2832    1478.95          7      20343          3  0.000e+00
  430538025    101.049    101.937   3.412662   3.412479    33.5749    33.5746     7.1038     7.1022     7.0945     7.0928     0.0000     0.0000     0.0818    93.5741     0.0027     4.3675   25.03089    1.70171     74.052    26.2833    26.2833    1478.95          7      20344          3  0.000e+00
  430538025    101.006    101.892   3.412662   3.412517    33.5747    33.5739     7.1041     7.1033     7.0948     7.0940     0.0000     0.0000     0.0830    93.5741     0.0027     4.3675   25.02395    1.70123     74.031    26.2831    26.2826    1478.95          7      20345          3  0.000e+00
  430538025    100.956    101.842   3.412682   3.412556    33.5749    33.5729     7.1041     7.1048     7.0948     7.0954     0.0000     0.0000     0.0818    93.5741     0.0027     4.3675   24.94920    1.69615     73.810    26.2832    26.2816    1478.95          7      20346          3  0.000e+00
  430538025    100.956    101.842   3.412695   3.412575    33.5748    33.5723     7.1044     7.1056     7.0951     7.0963     0.0000     0.0000     0.0830    93.5741     0.0027     4.3675   24.94144    1.69561     73.787    26.2831    26.2810    1478.95          7      20347          3  0.000e+00
  430538025    100.956    101.842   3.412735   3.412620    33.5750    33.5727     7.1046     7.1056     7.0953     7.0963     0.0000     0.0000     0.0818    93.5741     0.0027     4.3675   25.00051    1.69961     73.961    26.2833    26.2814    1478.95          7      20348          3  0.000e+00
  430538025    100.862    101.748   3.412755   3.412633    33.5748    33.5727     7.1051     7.1059     7.0957     7.0965     0.0000     0.0000     0.0830    93.5741     0.0027     4.3675   25.08253    1.70517     74.203    26.2831    26.2813    1478.95          7      20349          3  0.000e+00
  430538025    100.912    101.798   3.412755   3.412633    33.5745    33.5723     7.1054     7.1063     7.0961     7.0970     0.0000     0.0000     0.0818    93.5741     0.0027     4.3675   25.04250    1.70244     74.084    26.2828    26.2809    1478.95          7      20350          3  0.000e+00
  430538025    100.862    101.748   3.412801   3.412633    33.5742    33.5721     7.1062     7.1065     7.0969     7.0972     0.0000     0.0000     0.0818    93.5741     0.0027     4.3675   25.04521    1.70260     74.091    26.2825    26.2807    1478.95          7      20351          3  0.000e+00
  430538025    100.819    101.704   3.412934   3.412653    33.5735    33.5725     7.1084     7.1063     7.0991     7.0970     0.0000     0.0000     0.0830    93.5741     0.0027     4.3675   24.99267    1.69895     73.932    26.2816    26.2811    1478.96          7      20352          3  0.000e+00
  430538025    100.819    101.704   3.412993   3.412678    33.5723    33.5722     7.1104     7.1069     7.1010     7.0976     0.0000     0.0000     0.0830    93.5741     0.0027     4.3675   24.99597    1.69911     73.939    26.2804    26.2808    1478.97          7      20353          3  0.000e+00
  430538025    100.819    101.704   3.413046   3.412711    33.5714    33.5716     7.1119     7.1079     7.1026     7.0986     0.0000     0.0000     0.0830    93.5741     0.0027     4.3675   24.99978    1.69932     73.948    26.2794    26.2801    1478.97          7      20354          3  0.000e+00
  430538025    100.725    101.609   3.413086   3.412801    33.5703    33.5715     7.1135     7.1090     7.1042     7.0997     0.0000     0.0000     0.0830    93.5741     0.0027     4.3675   25.00376    1.69954     73.958    26.2783    26.2799    1478.97          7      20355          3  0.000e+00
  430538025    100.725    101.609   3.413119   3.412884    33.5700    33.5709     7.1142     7.1106     7.1049     7.1013     0.0000     0.0000     0.0830    93.5741     0.0027     4.3675   25.00858    1.69985     73.971    26.2780    26.2792    1478.98          7      20356          3  0.000e+00
  430538025    100.725    101.609   3.413152   3.412884    33.5698    33.5704     7.1148     7.1111     7.1054     7.1018     0.0000     0.0000     0.0830    93.5480     0.0027     4.3663   25.01388    1.70019     73.986    26.2778    26.2788    1478.98          7      20357          3  0.000e+00
  430538026    100.638    101.521   3.413158   3.412917    33.5697    33.5702     7.1150     7.1117     7.1057     7.1024     0.0000     0.0000     0.0830    93.4695     0.0027     4.3626   25.07412    1.70427     74.164    26.2777    26.2785    1478.98          7      20358          3  0.000e+00
  430538026    100.681    101.565   3.413158   3.412917    33.5691    33.5696     7.1156     7.1124     7.1063     7.1031     0.0000     0.0000     0.0830    93.4433     0.0027     4.3614   25.07908    1.70459     74.178    26.2771    26.2779    1478.98          7      20359          3  0.000e+00
  430538026    100.588    101.471   3.413178   3.412929    33.5693    33.5694     7.1156     7.1127     7.1063     7.1034     0.0000     0.0000     0.0818    93.4695     0.0027     4.3626   25.08313    1.70486     74.190    26.2773    26.2778    1478.98          7      20360          3  0.000e+00
  430538026    100.588    101.471   3.413165   3.412891    33.5691    33.5693     7.1157     7.1124     7.1064     7.1031     0.0000     0.0000     0.0818    93.4695     0.0027     4.3626   25.09910    1.70595     74.237    26.2771    26.2777    1478.98          7      20361          3  0.000e+00
  430538026    100.544    101.427   3.413158   3.412878    33.5691    33.5694     7.1156     7.1122     7.1063     7.1029     0.0000     0.0000     0.0818    93.4695     0.0027     4.3626   25.11495    1.70703     74.284    26.2771    26.2778    1478.98          7      20362          3  0.000e+00
  430538026    100.544    101.427   3.413158   3.412852    33.5692    33.5692     7.1156     7.1121     7.1063     7.1028     0.0000     0.0000     0.0830    93.4695     0.0027     4.3626   25.13093    1.70812     74.331    26.2772    26.2777    1478.98          7      20363          3  0.000e+00
  430538026    100.450    101.332   3.413158   3.412878    33.5694    33.5696     7.1154     7.1121     7.1061     7.1028     0.0000     0.0000     0.0830    93.4695     0.0027     4.3626   25.13451    1.70836     74.342    26.2774    26.2780    1478.98          7      20364          3  0.000e+00
  430538026    100.494    101.376   3.413112   3.412852    33.5693    33.5694     7.1150     7.1119     7.1057     7.1026     0.0000     0.0000     0.0830    93.4695     0.0027     4.3626   25.13806    1.70862     74.353    26.2773    26.2779    1478.98          7      20365          3  0.000e+00
  430538026    100.407    101.288   3.413119   3.412846    33.5703    33.5691     7.1140     7.1122     7.1047     7.1029     0.0000     0.0000     0.0818    93.4695     0.0027     4.3626   25.14073    1.70883     74.362    26.2783    26.2776    1478.97          7      20366          3  0.000e+00
  430538026    100.407    101.288   3.413079   3.412891    33.5700    33.5699     7.1138     7.1119     7.1046     7.1026     0.0000     0.0000     0.0818    93.4695     0.0027     4.3626   25.14316    1.70901     74.370    26.2781    26.2783    1478.97          7      20367          3  0.000e+00
  430538026    100.357    101.238   3.413066   3.412871    33.5706    33.5699     7.1132     7.1117     7.1039     7.1024     0.0000     0.0000     0.0830    93.4695     0.0027     4.3626   25.14496    1.70915     74.376    26.2786    26.2783    1478.97          7      20368          3  0.000e+00
  430538026    100.357    101.238   3.413019   3.412846    33.5702    33.5694     7.1130     7.1119     7.1038     7.1026     0.0000     0.0000     0.0818    93.4695     0.0027     4.3626   25.07960    1.70472     74.183    26.2783    26.2779    1478.97          7      20369          3  0.000e+00
  430538026    100.269    101.149   3.413026   3.412846    33.5705    33.5697     7.1129     7.1116     7.1036     7.1023     0.0000     0.0000     0.0830    93.4695     0.0027     4.3626   25.06915    1.70401     74.152    26.2786    26.2782    1478.96          7      20370          3  0.000e+00
  430538026    100.269    101.149   3.413052   3.412820    33.5706    33.5700     7.1130     7.1111     7.1038     7.1018     0.0000     0.0000     0.0818    93.4695     0.0027     4.3626   25.12580    1.70785     74.320    26.2787    26.2784    1478.97          7      20371          3  0.000e+00
  430538026    100.219    101.099   3.413039   3.412820    33.5705    33.5701     7.1130     7.1109     7.1038     7.1017     0.0000     0.0000     0.0830    93.4695     0.0027     4.3626   25.13871    1.70873     74.358    26.2786    26.2786    1478.96          7      20372          3  0.000e+00
  430538026    100.176    101.055   3.413033   3.412813    33.5703    33.5701     7.1132     7.1109     7.1039     7.1017     0.0000     0.0000     0.0818    93.4695     0.0027     4.3626   25.07271    1.70424     74.162    26.2784    26.2785    1478.96          7      20373          3  0.000e+00
  430538026    100.176    101.055   3.413079   3.412813    33.5705    33.5699     7.1135     7.1111     7.1043     7.1019     0.0000     0.0000     0.0830    93.4695     0.0027     4.3626   25.06204    1.70350     74.130    26.2785    26.2783    1478.97          7      20374          3  0.000e+00
  430538026    100.126    101.005   3.413046   3.412788    33.5700    33.5700     7.1137     7.1108     7.1044     7.1015     0.0000     0.0000     0.0830    93.4695     0.0027     4.3626   25.06332    1.70359     74.134    26.2781    26.2785    1478.97          7      20375          3  0.000e+00
  430538203     67.022     67.605   3.422439   3.422266    33.4181    33.4167     7.3925     7.3920     7.3862     7.3857     0.0000     0.0000     0.0867    97.2627     0.0011     4.5397   29.86087    2.01879     87.864    26.1196    26.1185    1479.30          7      24619          4  0.000e+00
  430538203     67.091     67.674   3.422446   3.422253    33.4182    33.4166     7.3925     7.3920     7.3862     7.3857     0.0000     0.0000     0.0867    97.2627     0.0011     4.5397   29.93213    2.02361     88.074    26.1196    26.1184    1479.31          7      24620          4  0.000e+00
  430538203     67.091     67.674   3.422459   3.422253    33.4174    33.4167     7.3935     7.3919     7.3872     7.3856     0.0000     0.0000     0.0879    97.2889     0.0011     4.5409   29.93681    2.02389     88.086    26.1188    26.1185    1479.31          7      24621          4  0.000e+00
  430538203     66.997     67.579   3.422472   3.422253    33.4162    33.4168     7.3949     7.3919     7.3886     7.3856     0.0000     0.0000     0.0867    97.2889     0.0011     4.5409   29.94110    2.02413     88.097    26.1177    26.1186    1479.31          7      24622          4  0.000e+00
  430538203     67.091     67.674   3.422433   3.422253    33.4153    33.4166     7.3954     7.3920     7.3891     7.3857     0.0000     0.0000     0.0879    97.2627     0.0011     4.5397   29.87990    2.01999     87.917    26.1169    26.1184    1479.31          7      24623          4  0.000e+00
  430538203     67.091     67.674   3.422453   3.422227    33.4161    33.4163     7.3948     7.3920     7.3885     7.3857     0.0000     0.0000     0.0879    97.2627     0.0011     4.5397   29.88560    2.02039     87.934    26.1176    26.1182    1479.31          7      24624          4  0.000e+00
  430538203     67.022     67.605   3.422472   3.422240    33.4165    33.4165     7.3946     7.3920     7.3883     7.3857     0.0000     0.0000     0.0867    97.2889     0.0011     4.5409   29.95822    2.02530     88.148    26.1180    26.1183    1479.31          7      24625          4  0.000e+00
  430538203     67.047     67.630   3.422466   3.422272    33.4169    33.4167     7.3941     7.3922     7.3878     7.3859     0.0000     0.0000     0.0867    97.2627     0.0011     4.5397   29.96496    2.02577     88.168    26.1183    26.1184    1479.31          7      24626          4  0.000e+00
  430538203     67.091     67.674   3.422472   3.422285    33.4171    33.4163     7.3940     7.3926     7.3877     7.3863     0.0000     0.0000     0.0867    97.2889     0.0011     4.5409   29.89367    2.02096     87.959    26.1185    26.1181    1479.31          7      24627          4  0.000e+00
  430538203     67.047     67.630   3.422466   3.422304    33.4164    33.4167     7.3946     7.3925     7.3883     7.3862     0.0000     0.0012     0.0867    97.2889     0.0011     4.5409   29.87694    2.01981     87.909    26.1179    26.1184    1479.31          7      24628          4  0.000e+00
  430538203     67.091     67.674   3.422472   3.422291    33.4162    33.4162     7.3949     7.3928     7.3886     7.3865     0.0000     0.0000     0.0867    97.2627     0.0011     4.5397   29.87237    2.01949     87.895    26.1177    26.1180    1479.31          7      24629          4  0.000e+00
  430538204     67.091     67.674   3.422479   3.422304    33.4170    33.4165     7.3941     7.3926     7.3878     7.3863     0.0000     0.0000     0.0891    97.2889     0.0011     4.5409   29.87996    2.02003     87.918    26.1184    26.1183    1479.31          7      24630          4  0.000e+00
  430538204     67.066     67.649   3.422446   3.422336    33.4171    33.4167     7.3936     7.3928     7.3873     7.3865     0.0000     0.0000     0.0904    97.2627     0.0011     4.5397   29.95466    2.02510     88.139    26.1186    26.1184    1479.31          7      24631          4  0.000e+00
  430538204     67.091     67.674   3.422466   3.422298    33.4178    33.4158     7.3932     7.3933     7.3869     7.3870     0.0000     0.0000     0.0904    97.2627     0.0011     4.5397   29.97510    2.02649     88.199    26.1192    26.1176    1479.31          7      24632          4  0.000e+00
