ROS/FK009A_CTD036_20130827.ros
* Sea-Bird SBE 9 Data File:
* FileName = C:\Falkor-Data-2013\FK009A\CTD\FK009A_CTD036_20130827.hex
* Software Version Seasave V 7.21f
* Temperature SN = 5483
* Conductivity SN = 3916
* Number of Bytes Per Scan = 41
* Number of Voltage Words = 4
* Number of Scans Averaged by the Deck Unit = 1
* NMEA Latitude = 48 20.23 N
* NMEA Longitude = 125 32.20 W
* NMEA UTC (Time) = Aug 27 2013 17:18:49
* NMEA baud rate = 4800
** Ship: RV Falkor
** Station: NN01
** Operator: Nathan Cunningham
# nquan = 27
# nvalues = 441                                   
# units = specified
# name 0 = timeQ: Time, NMEA [seconds]
# name 1 = depSM: Depth [salt water, m]
# name 2 = prDM: Pressure, Digiquartz [db]
# name 3 = c0S/m: Conductivity [S/m]
# name 4 = c1S/m: Conductivity, 2 [S/m]
# name 5 = sal00: Salinity, Practical [PSU]
# name 6 = sal11: Salinity, Practical, 2 [PSU]
# name 7 = t090C: Temperature [ITS-90, deg C]
# name 8 = t190C: Temperature, 2 [ITS-90, deg C]
# name 9 = potemp090C: Potential Temperature [ITS-90, deg C]
# name 10 = potemp190C: Potential Temperature, 2 [ITS-90, deg C]
# name 11 = v2: Voltage 2
# name 12 = v3: Voltage 3
# name 13 = v0: Voltage 0
# name 14 = CStarTr0: Beam Transmission, WET Labs C-Star [%]
# name 15 = CStarAt0: Beam Attenuation, WET Labs C-Star [1/m]
# name 16 = v5: Voltage 5
# name 17 = sbeox0PS: Oxygen, SBE 43 [% saturation]
# name 18 = sbeox0ML/L: Oxygen, SBE 43 [ml/l]
# name 19 = sbeox0Mm/Kg: Oxygen, SBE 43 [umol/Kg]
# name 20 = sigma-é00: Density [sigma-theta, Kg/m^3]
# name 21 = sigma-é11: Density, 2 [sigma-theta, Kg/m^3]
# name 22 = svCM: Sound Velocity [Chen-Millero, m/s]
# name 23 = modError: Modulo Error Count
# name 24 = scan: Scan Count
# name 25 = nbf: Bottles Fired
# name 26 = flag:  0.000e+00
# interval = seconds: 0.0416667
# start_time = Aug 27 2013 17:18:50 [NMEA time, first data scan]
# bad_flag = -9.990e-29
*END*
[from data line 269]
  430940362     48.146     48.561   3.421903   3.421363    33.4269    33.4235     7.3869     7.3844     7.3823     7.3798     0.0000     0.0000     0.0757   100.4019    -0.0002     4.6862   56.07158    3.79109    164.999    26.1270    26.1247    1478.98          0      29582          6  0.000e+00
  430940362     48.158     48.573   3.421936   3.421325    33.4271    33.4232     7.3870     7.3842     7.3825     7.3797     0.0000     0.0000     0.0757   100.4019    -0.0002     4.6862   56.07917    3.79158    165.020    26.1271    26.1244    1478.98          0      29583          6  0.000e+00
  430940362     48.146     48.561   3.421963   3.421292    33.4272    33.4230     7.3873     7.3840     7.3828     7.3795     0.0000     0.0000     0.0757   100.4019    -0.0002     4.6862   56.08610    3.79202    165.040    26.1271    26.1243    1478.98          0      29584          6  0.000e+00
  430940362     48.102     48.517   3.421950   3.421286    33.4271    33.4231     7.3872     7.3839     7.3827     7.3794     0.0000     0.0000     0.0769   100.4019    -0.0002     4.6862   56.02632    3.78799    164.864    26.1271    26.1244    1478.98          0      29585          6  0.000e+00
  430940363     48.065     48.479   3.421983   3.421241    33.4273    33.4225     7.3875     7.3840     7.3829     7.3795     0.0000     0.0000     0.0769   100.4019    -0.0002     4.6862   56.02132    3.78763    164.848    26.1272    26.1239    1478.98          0      29586          6  0.000e+00
  430940363     48.052     48.466   3.422029   3.421273    33.4273    33.4230     7.3879     7.3839     7.3834     7.3794     0.0000     0.0000     0.0769   100.4019    -0.0002     4.6862   56.01649    3.78726    164.833    26.1272    26.1243    1478.98          0      29587          6  0.000e+00
  430940363     48.009     48.422   3.422042   3.421312    33.4279    33.4231     7.3875     7.3842     7.3830     7.3797     0.0000     0.0000     0.0769   100.4019    -0.0002     4.6862   56.01151    3.78695    164.819    26.1277    26.1244    1478.98          0      29588          6  0.000e+00
  430940363     48.015     48.429   3.422002   3.421453    33.4272    33.4239     7.3878     7.3850     7.3833     7.3805     0.0000     0.0000     0.0769   100.3757    -0.0002     4.6850   56.00684    3.78662    164.805    26.1271    26.1249    1478.98          0      29589          6  0.000e+00
  430940363     48.009     48.422   3.421936   3.421621    33.4270    33.4253     7.3872     7.3855     7.3827     7.3810     0.0000     0.0000     0.0769   100.4019    -0.0002     4.6862   56.06821    3.79083    164.988    26.1270    26.1259    1478.98          0      29590          6  0.000e+00
  430940363     48.009     48.422   3.422042   3.421640    33.4276    33.4252     7.3878     7.3858     7.3833     7.3813     0.0000     0.0000     0.0757   100.4019    -0.0002     4.6862   56.00820    3.78670    164.808    26.1274    26.1258    1478.98          0      29591          6  0.000e+00
  430940363     48.015     48.429   3.422122   3.421602    33.4284    33.4252     7.3879     7.3853     7.3834     7.3808     0.0000     0.0000     0.0757   100.4019    -0.0002     4.6862   55.99133    3.78554    164.757    26.1280    26.1259    1478.98          0      29592          6  0.000e+00
  430940363     47.915     48.328   3.422155   3.421595    33.4285    33.4249     7.3882     7.3856     7.3837     7.3811     0.0000     0.0000     0.0757   100.4019    -0.0002     4.6862   55.98494    3.78507    164.737    26.1280    26.1256    1478.98          0      29593          6  0.000e+00
  430940363     48.009     48.422   3.422155   3.421640    33.4282    33.4251     7.3884     7.3858     7.3839     7.3813     0.0000     0.0000     0.0769   100.4019    -0.0002     4.6862   56.04601    3.78919    164.916    26.1278    26.1257    1478.99          0      29594          6  0.000e+00
  430940363     47.971     48.384   3.422089   3.421724    33.4279    33.4261     7.3880     7.3858     7.3835     7.3813     0.0000     0.0000     0.0769   100.4019    -0.0002     4.6862   56.05094    3.78956    164.933    26.1276    26.1265    1478.98          0      29595          6  0.000e+00
  430940363     47.959     48.372   3.422036   3.421750    33.4278    33.4261     7.3875     7.3861     7.3830     7.3816     0.0000     0.0000     0.0769   100.4019    -0.0002     4.6862   55.98955    3.78546    164.754    26.1276    26.1265    1478.98          0      29596          6  0.000e+00
  430940363     48.009     48.422   3.422009   3.421679    33.4273    33.4256     7.3878     7.3858     7.3833     7.3813     0.0000     0.0000     0.0769   100.4019    -0.0002     4.6862   55.98331    3.78503    164.735    26.1271    26.1261    1478.98          0      29597          6  0.000e+00
  430940363     47.928     48.340   3.421963   3.421660    33.4270    33.4254     7.3875     7.3858     7.3830     7.3813     0.0000     0.0000     0.0769   100.4019    -0.0002     4.6862   56.03048    3.78825    164.875    26.1270    26.1260    1478.98          0      29598          6  0.000e+00
  430940363     47.959     48.372   3.421870   3.421589    33.4262    33.4246     7.3873     7.3858     7.3828     7.3813     0.0000     0.0000     0.0757   100.4019    -0.0002     4.6862   56.03449    3.78856    164.889    26.1264    26.1254    1478.98          0      29599          6  0.000e+00
  430940363     47.959     48.372   3.421704   3.421544    33.4252    33.4246     7.3866     7.3853     7.3820     7.3808     0.0000     0.0000     0.0769   100.4019    -0.0002     4.6862   56.03785    3.78888    164.903    26.1257    26.1254    1478.97          0      29600          6  0.000e+00
  430940363     48.015     48.429   3.421565   3.421486    33.4244    33.4244     7.3858     7.3848     7.3812     7.3803     0.0000     0.0000     0.0769   100.4019    -0.0002     4.6862   56.04115    3.78919    164.917    26.1252    26.1253    1478.97          0      29601          6  0.000e+00
  430940363     47.959     48.372   3.421446   3.421402    33.4233    33.4240     7.3855     7.3844     7.3810     7.3798     0.0000     0.0000     0.0769   100.4019    -0.0002     4.6862   56.04311    3.78936    164.924    26.1244    26.1251    1478.97          0      29602          6  0.000e+00
  430940363     48.009     48.422   3.421373   3.421267    33.4229    33.4225     7.3851     7.3844     7.3806     7.3798     0.0000     0.0000     0.0757   100.4019    -0.0002     4.6862   56.04539    3.78957    164.933    26.1241    26.1239    1478.97          0      29603          6  0.000e+00
  430940363     47.971     48.385   3.421420   3.421208    33.4235    33.4225     7.3851     7.3837     7.3806     7.3792     0.0000     0.0000     0.0757   100.4019    -0.0002     4.6862   56.04654    3.78963    164.936    26.1246    26.1239    1478.97          0      29604          6  0.000e+00
  430940363     48.009     48.422   3.421420   3.421080    33.4231    33.4214     7.3854     7.3834     7.3809     7.3789     0.0000     0.0000     0.0757   100.4019    -0.0002     4.6862   56.04771    3.78969    164.939    26.1242    26.1232    1478.97          0      29605          6  0.000e+00
  430940363     48.009     48.422   3.421479   3.420944    33.4239    33.4204     7.3853     7.3829     7.3808     7.3784     0.0000     0.0000     0.0769   100.4019    -0.0002     4.6862   56.04820    3.78972    164.940    26.1249    26.1225    1478.97          0      29606          6  0.000e+00
  430940495     30.377     30.637   3.402412   3.402172    33.1175    33.1195     7.4983     7.4935     7.4954     7.4906     0.0000     0.0000     0.1013    99.6171     0.0002     4.6496   47.64805    3.21991    140.175    25.8679    25.8701    1478.73          0      32767          7  0.000e+00
  430940495     30.333     30.593   3.402425   3.402166    33.1176    33.1194     7.4983     7.4936     7.4955     7.4907     0.0000     0.0000     0.1013    99.6171     0.0002     4.6496   47.63013    3.21869    140.122    25.8679    25.8700    1478.73          0      32768          7  0.000e+00
  430940495     30.383     30.643   3.402412   3.402185    33.1178    33.1202     7.4980     7.4929     7.4951     7.4900     0.0000     0.0000     0.1026    99.6171     0.0002     4.6496   47.61374    3.21760    140.075    25.8681    25.8707    1478.73          0      32769          7  0.000e+00
  430940495     30.377     30.637   3.402405   3.402198    33.1176    33.1204     7.4981     7.4929     7.4952     7.4900     0.0000     0.0000     0.1013    99.6171     0.0002     4.6496   47.59790    3.21653    140.028    25.8679    25.8708    1478.73          0      32770          7  0.000e+00
  430940495     30.377     30.637   3.402385   3.402198    33.1174    33.1200     7.4982     7.4933     7.4953     7.4904     0.0000     0.0000     0.1013    99.6171     0.0002     4.6496   47.45145    3.20663    139.597    25.8677    25.8705    1478.73          0      32771          7  0.000e+00
  430940495     30.377     30.637   3.402418   3.402172    33.1176    33.1195     7.4983     7.4935     7.4955     7.4906     0.0000     0.0000     0.1013    99.6171     0.0002     4.6496   47.74508    3.22646    140.460    25.8679    25.8701    1478.73          0      32772          7  0.000e+00
  430940495     30.333     30.593   3.402392   3.402140    33.1173    33.1188     7.4983     7.4939     7.4955     7.4910     0.0000     0.0000     0.1013    99.6171     0.0002     4.6496   47.77640    3.22858    140.553    25.8677    25.8695    1478.73          0      32773          7  0.000e+00
  430940495     30.333     30.593   3.402379   3.402134    33.1169    33.1182     7.4986     7.4945     7.4957     7.4916     0.0000     0.0000     0.1013    99.6171     0.0002     4.6496   47.79635    3.22992    140.611    25.8673    25.8689    1478.73          0      32774          7  0.000e+00
  430940495     30.333     30.593   3.402398   3.402159    33.1168    33.1183     7.4990     7.4947     7.4961     7.4918     0.0000     0.0000     0.1026    99.6171     0.0002     4.6496   47.88162    3.23566    140.861    25.8671    25.8689    1478.73          0      32775          7  0.000e+00
  430940495     30.377     30.637   3.402332   3.402185    33.1157    33.1181     7.4993     7.4951     7.4964     7.4922     0.0000     0.0000     0.1013    99.6171     0.0002     4.6496   47.84581    3.23324    140.755    25.8663    25.8688    1478.73          0      32776          7  0.000e+00
  430940495     30.333     30.593   3.402332   3.402146    33.1157    33.1173     7.4993     7.4955     7.4964     7.4926     0.0000     0.0000     0.1013    99.6171     0.0002     4.6496   47.87526    3.23523    140.842    25.8663    25.8681    1478.73          0      32777          7  0.000e+00
  430940495     30.289     30.549   3.402352   3.402133    33.1154    33.1171     7.4999     7.4957     7.4970     7.4928     0.0000     0.0000     0.1013    99.6171     0.0002     4.6496   47.89306    3.23639    140.893    25.8660    25.8679    1478.73          0      32778          7  0.000e+00
  430940495     30.383     30.643   3.402372   3.402179    33.1154    33.1170     7.5001     7.4962     7.4972     7.4934     0.0000     0.0000     0.1013    99.6171     0.0002     4.6496   47.91127    3.23761    140.946    25.8659    25.8677    1478.73          0      32779          7  0.000e+00
  430940495     30.333     30.593   3.402379   3.402127    33.1156    33.1164     7.4999     7.4963     7.4971     7.4934     0.0000     0.0000     0.1013    99.6171     0.0002     4.6496   47.92816    3.23876    140.996    25.8661    25.8672    1478.73          0      32780          7  0.000e+00
  430940495     30.289     30.549   3.402398   3.402127    33.1159    33.1165     7.4999     7.4962     7.4970     7.4934     0.0000     0.0000     0.1013    99.6171     0.0002     4.6496   47.94461    3.23987    141.044    25.8664    25.8673    1478.73          0      32781          7  0.000e+00
  430940495     30.333     30.593   3.402425   3.402153    33.1166    33.1168     7.4994     7.4961     7.4966     7.4933     0.0000     0.0000     0.1013    99.6433     0.0001     4.6508   47.96117    3.24100    141.093    25.8669    25.8676    1478.73          0      32782          7  0.000e+00
  430940495     30.333     30.593   3.402412   3.402185    33.1177    33.1168     7.4982     7.4965     7.4953     7.4937     0.0000     0.0000     0.1013    99.6433     0.0001     4.6508   47.98868    3.24293    141.177    25.8680    25.8675    1478.73          0      32783          7  0.000e+00
  430940496     30.289     30.549   3.402385   3.402127    33.1177    33.1156     7.4978     7.4971     7.4950     7.4942     0.0000     0.0000     0.1013    99.6433     0.0001     4.6508   48.00423    3.24401    141.224    25.8680    25.8665    1478.73          0      32784          7  0.000e+00
  430940496     30.333     30.593   3.402418   3.402146    33.1182    33.1159     7.4976     7.4970     7.4948     7.4942     0.0000     0.0000     0.1013    99.6433     0.0001     4.6508   47.95406    3.24062    141.077    25.8685    25.8667    1478.73          0      32785          7  0.000e+00
  430940496     30.289     30.549   3.402438   3.402166    33.1190    33.1159     7.4970     7.4972     7.4942     7.4944     0.0000     0.0000     0.1013    99.6433     0.0001     4.6508   47.96963    3.24170    141.123    25.8692    25.8667    1478.73          0      32786          7  0.000e+00
  430940496     30.333     30.593   3.402458   3.402140    33.1195    33.1156     7.4967     7.4972     7.4939     7.4944     0.0000     0.0000     0.1013    99.6433     0.0001     4.6508   47.97457    3.24204    141.139    25.8696    25.8665    1478.73          0      32787          7  0.000e+00
  430940496     30.289     30.549   3.402418   3.402114    33.1188    33.1150     7.4970     7.4976     7.4942     7.4948     0.0000     0.0000     0.1013    99.6433     0.0001     4.6508   47.76994    3.22821    140.536    25.8690    25.8659    1478.73          0      32788          7  0.000e+00
  430940496     30.333     30.593   3.402425   3.402146    33.1185    33.1152     7.4975     7.4977     7.4946     7.4948     0.0000     0.0000     0.1013    99.6433     0.0001     4.6508   47.86227    3.23442    140.807    25.8687    25.8661    1478.73          0      32789          7  0.000e+00
  430940496     30.289     30.549   3.402392   3.402166    33.1176    33.1152     7.4980     7.4980     7.4952     7.4951     0.0000     0.0000     0.1013    99.6433     0.0001     4.6508   47.85638    3.23400    140.789    25.8680    25.8661    1478.73          0      32790          7  0.000e+00
  430940496     30.333     30.593   3.402385   3.402140    33.1171    33.1148     7.4985     7.4981     7.4956     7.4952     0.0000     0.0000     0.1013    99.6433     0.0001     4.6508   47.86312    3.23444    140.808    25.8675    25.8658    1478.73          0      32791          7  0.000e+00
  430940496     30.289     30.549   3.402379   3.402153    33.1168    33.1151     7.4988     7.4980     7.4959     7.4951     0.0000     0.0000     0.1013    99.6433     0.0001     4.6508   47.87026    3.23491    140.828    25.8672    25.8660    1478.73          0      32792          7  0.000e+00
  430940496     30.289     30.549   3.402398   3.402140    33.1165    33.1152     7.4993     7.4977     7.4964     7.4948     0.0000     0.0000     0.1026    99.6433     0.0001     4.6508   47.87858    3.23543    140.851    25.8669    25.8661    1478.73          0      32793          7  0.000e+00
  430940496     30.289     30.549   3.402405   3.402153    33.1159    33.1152     7.4999     7.4978     7.4971     7.4949     0.0000     0.0000     0.1013    99.6433     0.0001     4.6508   47.81041    3.23079    140.649    25.8664    25.8661    1478.73          0      32794          7  0.000e+00
