ROS/FK009A_CTD034_20130826.ros
* Sea-Bird SBE 9 Data File:
* FileName = C:\Falkor-Data-2013\FK009A\CTD\FK009A_CTD034_20130826.hex
* Software Version Seasave V 7.21f
* Temperature SN = 5483
* Conductivity SN = 3916
* Number of Bytes Per Scan = 41
* Number of Voltage Words = 4
* Number of Scans Averaged by the Deck Unit = 1
* NMEA Latitude = 48 39.37 N
* NMEA Longitude = 125 34.59 W
* NMEA UTC (Time) = Aug 26 2013 21:47:53
* NMEA baud rate = 4800
** Ship: RV Falkor
** Station: Susan01
** Operator: CP
# nquan = 27
# nvalues = 588                                   
# units = specified
# name 0 = timeQ: Time, NMEA [seconds]
# name 1 = depSM: Depth [salt water, m]
# name 2 = prDM: Pressure, Digiquartz [db]
# name 3 = c0S/m: Conductivity [S/m]
# name 4 = c1S/m: Conductivity, 2 [S/m]
# name 5 = sal00: Salinity, Practical [PSU]
# name 6 = sal11: Salinity, Practical, 2 [PSU]
# name 7 = t090C: Temperature [ITS-90, deg C]
# name 8 = t190C: Temperature, 2 [ITS-90, deg C]
# name 9 = potemp090C: Potential Temperature [ITS-90, deg C]
# name 10 = potemp190C: Potential Temperature, 2 [ITS-90, deg C]
# name 11 = v2: Voltage 2
# name 12 = v3: Voltage 3
# name 13 = v0: Voltage 0
# name 14 = CStarTr0: Beam Transmission, WET Labs C-Star [%]
# name 15 = CStarAt0: Beam Attenuation, WET Labs C-Star [1/m]
# name 16 = v5: Voltage 5
# name 17 = sbeox0PS: Oxygen, SBE 43 [% saturation]
# name 18 = sbeox0ML/L: Oxygen, SBE 43 [ml/l]
# name 19 = sbeox0Mm/Kg: Oxygen, SBE 43 [umol/Kg]
# name 20 = sigma-é00: Density [sigma-theta, Kg/m^3]
# name 21 = sigma-é11: Density, 2 [sigma-theta, Kg/m^3]
# name 22 = svCM: Sound Velocity [Chen-Millero, m/s]
# name 23 = modError: Modulo Error Count
# name 24 = scan: Scan Count
# name 25 = nbf: Bottles Fired
# name 26 = flag:  0.000e+00
# interval = seconds: 0.0416667
# start_time = Aug 26 2013 21:47:53 [NMEA time, first data scan]
# bad_flag = -9.990e-29
*END*
[from data line 108]
  430869799    150.943    152.286   3.406239   3.406027    33.6845    33.6840     6.8945     6.8926     6.8807     6.8788     0.0000     0.0000     0.0818    96.2163     0.0015     4.4908   23.84506    1.62773     70.825    26.3987    26.3986    1479.10          0      22213          3  0.000e+00
  430869799    150.893    152.236   3.406252   3.405982    33.6848    33.6832     6.8944     6.8930     6.8806     6.8793     0.0000     0.0000     0.0830    96.2163     0.0015     4.4908   23.87178    1.62955     70.904    26.3989    26.3978    1479.10          0      22214          3  0.000e+00
  430869799    150.993    152.336   3.406199   3.405982    33.6842    33.6834     6.8943     6.8928     6.8806     6.8790     0.0000     0.0000     0.0830    96.1901     0.0016     4.4896   23.91042    1.63220     71.019    26.3985    26.3980    1479.10          0      22215          3  0.000e+00
  430869799    150.943    152.286   3.406206   3.405970    33.6845    33.6835     6.8942     6.8926     6.8804     6.8788     0.0000     0.0000     0.0818    96.1901     0.0016     4.4896   23.86811    1.62931     70.894    26.3987    26.3981    1479.10          0      22216          3  0.000e+00
  430869799    150.987    152.330   3.406193   3.405944    33.6845    33.6830     6.8940     6.8928     6.8802     6.8790     0.0000     0.0000     0.0818    96.1378     0.0016     4.4872   23.88120    1.63021     70.933    26.3987    26.3977    1479.10          0      22217          3  0.000e+00
  430869799    151.043    152.387   3.406186   3.405982    33.6850    33.6831     6.8934     6.8930     6.8796     6.8792     0.0000     0.0000     0.0818    96.1117     0.0016     4.4860   23.89385    1.63110     70.971    26.3992    26.3978    1479.10          0      22218          3  0.000e+00
  430869799    151.031    152.374   3.406206   3.406015    33.6849    33.6832     6.8937     6.8933     6.8799     6.8795     0.0000     0.0000     0.0818    96.1117     0.0016     4.4860   23.90574    1.63190     71.006    26.3991    26.3978    1479.10          0      22219          3  0.000e+00
  430869799    151.081    152.425   3.406193   3.405976    33.6849    33.6829     6.8935     6.8932     6.8797     6.8794     0.0000     0.0000     0.0818    96.1117     0.0016     4.4860   23.91736    1.63270     71.041    26.3991    26.3976    1479.10          0      22220          3  0.000e+00
  430869799    151.131    152.475   3.406186   3.405963    33.6846    33.6831     6.8937     6.8927     6.8799     6.8789     0.0000     0.0000     0.0806    96.1117     0.0016     4.4860   23.92846    1.63345     71.074    26.3989    26.3979    1479.10          0      22221          3  0.000e+00
  430869799    151.124    152.469   3.406206   3.405963    33.6848    33.6834     6.8938     6.8925     6.8800     6.8787     0.0000     0.0000     0.0818    96.1117     0.0016     4.4860   23.95133    1.63501     71.141    26.3990    26.3981    1479.10          0      22222          3  0.000e+00
  430869799    151.131    152.475   3.406173   3.405963    33.6843    33.6831     6.8939     6.8927     6.8801     6.8789     0.0000     0.0000     0.0806    96.1117     0.0016     4.4860   23.97424    1.63657     71.210    26.3987    26.3979    1479.10          0      22223          3  0.000e+00
  430869799    151.218    152.563   3.406199   3.406008    33.6844    33.6837     6.8940     6.8926     6.8802     6.8788     0.0000     0.0000     0.0818    96.1117     0.0016     4.4860   23.99740    1.63815     71.278    26.3987    26.3983    1479.10          0      22224          3  0.000e+00
  430869799    151.218    152.563   3.406239   3.405976    33.6849    33.6832     6.8940     6.8927     6.8802     6.8789     0.0000     0.0000     0.0806    96.1117     0.0016     4.4860   24.02030    1.63971     71.346    26.3990    26.3980    1479.10          0      22225          3  0.000e+00
  430869799    151.268    152.614   3.406226   3.405983    33.6842    33.6834     6.8945     6.8926     6.8807     6.8788     0.0000     0.0000     0.0806    96.1117     0.0016     4.4860   24.11088    1.64588     71.614    26.3985    26.3981    1479.10          0      22226          3  0.000e+00
  430869799    151.218    152.563   3.406219   3.406015    33.6845    33.6835     6.8942     6.8929     6.8804     6.8791     0.0000     0.0000     0.0806    96.1117     0.0016     4.4860   24.01531    1.63936     71.331    26.3987    26.3981    1479.10          0      22227          3  0.000e+00
  430869799    151.312    152.658   3.406219   3.406002    33.6843    33.6833     6.8943     6.8929     6.8805     6.8791     0.0000     0.0000     0.0818    96.1117     0.0016     4.4860   23.98574    1.63734     71.243    26.3986    26.3980    1479.10          0      22228          3  0.000e+00
  430869800    151.318    152.664   3.406219   3.405970    33.6846    33.6828     6.8940     6.8930     6.8802     6.8792     0.0000     0.0000     0.0806    96.1117     0.0016     4.4860   23.96637    1.63603     71.186    26.3988    26.3976    1479.10          0      22229          3  0.000e+00
  430869800    151.406    152.753   3.406239   3.405983    33.6845    33.6829     6.8943     6.8931     6.8805     6.8793     0.0000     0.0000     0.0806    96.1117     0.0016     4.4860   23.95817    1.63546     71.161    26.3987    26.3976    1479.11          0      22230          3  0.000e+00
  430869800    151.356    152.702   3.406252   3.405995    33.6847    33.6834     6.8942     6.8927     6.8804     6.8789     0.0000     0.0000     0.0806    96.1117     0.0016     4.4860   23.94856    1.63480     71.132    26.3989    26.3981    1479.10          0      22231          3  0.000e+00
  430869800    151.412    152.759   3.406226   3.405995    33.6843    33.6835     6.8943     6.8926     6.8805     6.8788     0.0000     0.0000     0.0806    96.1117     0.0016     4.4860   23.93828    1.63410     71.102    26.3986    26.3981    1479.11          0      22232          3  0.000e+00
  430869800    151.449    152.797   3.406219   3.405976    33.6842    33.6833     6.8943     6.8926     6.8805     6.8787     0.0000     0.0000     0.0818    96.1117     0.0016     4.4860   23.91450    1.63248     71.031    26.3985    26.3980    1479.11          0      22233          3  0.000e+00
  430869800    151.456    152.803   3.406239   3.405963    33.6844    33.6832     6.8943     6.8925     6.8805     6.8786     0.0000     0.0000     0.0806    96.1117     0.0016     4.4860   23.95669    1.63536     71.157    26.3987    26.3980    1479.11          0      22234          3  0.000e+00
  430869800    151.493    152.841   3.406226   3.406034    33.6841    33.6839     6.8945     6.8926     6.8807     6.8787     0.0000     0.0000     0.0806    96.1117     0.0016     4.4860   23.87382    1.62970     70.910    26.3984    26.3985    1479.11          0      22235          3  0.000e+00
  430869800    151.587    152.935   3.406239   3.406008    33.6842    33.6835     6.8945     6.8926     6.8807     6.8788     0.0000     0.0000     0.0806    96.1117     0.0016     4.4860   23.84524    1.62774     70.825    26.3985    26.3982    1479.11          0      22236          3  0.000e+00
  430869800    151.549    152.898   3.406252   3.406015    33.6844    33.6837     6.8945     6.8926     6.8807     6.8787     0.0000     0.0000     0.0806    96.1117     0.0016     4.4860   23.80232    1.62481     70.698    26.3986    26.3983    1479.11          0      22237          3  0.000e+00
  430869800    151.587    152.935   3.406252   3.406002    33.6847    33.6834     6.8942     6.8926     6.8803     6.8788     0.0000     0.0000     0.0806    96.1640     0.0016     4.4884   23.75765    1.62177     70.566    26.3989    26.3981    1479.11          0      22238          3  0.000e+00
  430869800    151.631    152.980   3.406252   3.405970    33.6840    33.6833     6.8948     6.8924     6.8810     6.8786     0.0000     0.0000     0.0818    96.1640     0.0016     4.4884   23.71096    1.61857     70.426    26.3983    26.3980    1479.11          0      22239          3  0.000e+00
  430869800    151.643    152.992   3.406272   3.405983    33.6842    33.6834     6.8949     6.8924     6.8810     6.8786     0.0000     0.0000     0.0806    96.1640     0.0016     4.4884   23.67466    1.61609     70.318    26.3984    26.3981    1479.11          0      22240          3  0.000e+00
  430869800    151.724    153.074   3.406299   3.405996    33.6842    33.6832     6.8952     6.8928     6.8813     6.8789     0.0000     0.0000     0.0806    96.1378     0.0016     4.4872   23.70463    1.61812     70.407    26.3984    26.3979    1479.11          0      22241          3  0.000e+00
  430869800    151.680    153.030   3.406312   3.406015    33.6843    33.6834     6.8952     6.8927     6.8813     6.8789     0.0000     0.0000     0.0818    96.1378     0.0016     4.4872   23.60906    1.61160     70.123    26.3985    26.3981    1479.11          0      22242          3  0.000e+00
  430869800    151.730    153.080   3.406352   3.406047    33.6843    33.6831     6.8956     6.8934     6.8818     6.8796     0.0000     0.0000     0.0818    96.1640     0.0016     4.4884   23.54299    1.60707     69.926    26.3984    26.3977    1479.12          0      22243          3  0.000e+00
  430869800    151.774    153.125   3.406352   3.406079    33.6844    33.6827     6.8955     6.8942     6.8816     6.8803     0.0000     0.0000     0.0830    96.1378     0.0016     4.4872   23.46910    1.60203     69.707    26.3985    26.3973    1479.12          0      22244          3  0.000e+00
  430869800    151.824    153.175   3.406345   3.406066    33.6843    33.6823     6.8955     6.8944     6.8816     6.8805     0.0000     0.0000     0.0818    96.1640     0.0016     4.4884   23.53133    1.60628     69.891    26.3984    26.3970    1479.12          0      22245          3  0.000e+00
  430869800    151.818    153.169   3.406319   3.406124    33.6834    33.6827     6.8961     6.8946     6.8823     6.8808     0.0000     0.0000     0.0818    96.1640     0.0016     4.4884   23.52581    1.60589     69.874    26.3976    26.3973    1479.12          0      22246          3  0.000e+00
  430869800    151.862    153.213   3.406352   3.406150    33.6839    33.6832     6.8960     6.8944     6.8821     6.8805     0.0000     0.0000     0.0830    96.1640     0.0016     4.4884   23.52048    1.60553     69.859    26.3980    26.3977    1479.12          0      22247          3  0.000e+00
  430869800    151.868    153.219   3.406372   3.406124    33.6839    33.6827     6.8961     6.8946     6.8822     6.8808     0.0000     0.0000     0.0818    96.1378     0.0016     4.4872   23.51501    1.60515     69.842    26.3981    26.3973    1479.12          0      22248          3  0.000e+00
  430869800    151.912    153.263   3.406418   3.406124    33.6841    33.6826     6.8965     6.8947     6.8826     6.8808     0.0000     0.0000     0.0830    96.1378     0.0016     4.4872   23.50966    1.60476     69.826    26.3981    26.3972    1479.12          0      22249          3  0.000e+00
  430869800    151.962    153.314   3.406411   3.406169    33.6840    33.6831     6.8964     6.8946     6.8826     6.8808     0.0000     0.0000     0.0818    96.1640     0.0016     4.4884   23.16654    1.58135     68.807    26.3981    26.3976    1479.12          0      22250          3  0.000e+00
  430869800    151.955    153.307   3.406358   3.406156    33.6831    33.6828     6.8968     6.8948     6.8829     6.8810     0.0000     0.0000     0.0818    96.1378     0.0016     4.4872   23.23890    1.58628     69.021    26.3973    26.3973    1479.12          0      22251          3  0.000e+00
  430869940    124.279    125.377   3.404947   3.404731    33.6583    33.6571     6.9201     6.9189     6.9088     6.9076     0.0000     0.0000     0.0794    96.1378     0.0016     4.4872   22.36894    1.52633     66.414    26.3743    26.3735    1478.72          0      25596          4  0.000e+00
  430869940    124.304    125.402   3.404941   3.404699    33.6579    33.6569     6.9205     6.9188     6.9091     6.9075     0.0000     0.0000     0.0794    96.1378     0.0016     4.4872   22.36211    1.52585     66.394    26.3739    26.3733    1478.73          0      25597          4  0.000e+00
  430869940    124.211    125.307   3.404961   3.404712    33.6583    33.6573     6.9203     6.9186     6.9090     6.9072     0.0000     0.0000     0.0781    96.1378     0.0016     4.4872   22.42217    1.52995     66.572    26.3743    26.3737    1478.72          0      25598          4  0.000e+00
  430869940    124.186    125.282   3.404927   3.404673    33.6581    33.6569     6.9201     6.9186     6.9088     6.9072     0.0000     0.0000     0.0781    96.1378     0.0016     4.4872   22.43885    1.53110     66.622    26.3741    26.3734    1478.72          0      25599          4  0.000e+00
  430869940    124.167    125.263   3.404934   3.404706    33.6582    33.6570     6.9201     6.9188     6.9088     6.9075     0.0000     0.0000     0.0794    96.1378     0.0016     4.4872   22.45555    1.53224     66.671    26.3742    26.3734    1478.72          0      25600          4  0.000e+00
  430869940    124.167    125.263   3.404921   3.404673    33.6578    33.6569     6.9205     6.9186     6.9091     6.9072     0.0000     0.0000     0.0794    96.1378     0.0016     4.4872   22.40506    1.52879     66.521    26.3738    26.3734    1478.72          0      25601          4  0.000e+00
  430869940    124.142    125.238   3.404954   3.404706    33.6583    33.6572     6.9203     6.9187     6.9090     6.9073     0.0000     0.0000     0.0781    96.1378     0.0016     4.4872   22.39810    1.52831     66.501    26.3742    26.3736    1478.72          0      25602          4  0.000e+00
  430869940    124.073    125.169   3.404947   3.404725    33.6583    33.6572     6.9203     6.9189     6.9090     6.9076     0.0000     0.0000     0.0781    96.1378     0.0016     4.4872   22.40332    1.52867     66.516    26.3742    26.3735    1478.72          0      25603          4  0.000e+00
  430869940    124.030    125.125   3.404941   3.404699    33.6579    33.6569     6.9206     6.9189     6.9093     6.9076     0.0000     0.0000     0.0794    96.1378     0.0016     4.4872   22.39678    1.52821     66.496    26.3739    26.3733    1478.72          0      25604          4  0.000e+00
  430869940    124.048    125.143   3.404914   3.404693    33.6576    33.6568     6.9206     6.9190     6.9093     6.9077     0.0000     0.0000     0.0794    96.1378     0.0016     4.4872   22.37811    1.52694     66.441    26.3736    26.3732    1478.72          0      25605          4  0.000e+00
  430869940    123.936    125.030   3.404908   3.404712    33.6577    33.6571     6.9205     6.9189     6.9092     6.9076     0.0000     0.0000     0.0794    96.1378     0.0016     4.4872   22.37090    1.52646     66.420    26.3738    26.3735    1478.72          0      25606          4  0.000e+00
  430869940    123.986    125.080   3.404954   3.404725    33.6582    33.6572     6.9205     6.9189     6.9092     6.9076     0.0000     0.0000     0.0781    96.1378     0.0016     4.4872   22.43137    1.53058     66.599    26.3742    26.3736    1478.72          0      25607          4  0.000e+00
  430869940    123.955    125.049   3.404947   3.404725    33.6585    33.6569     6.9201     6.9193     6.9088     6.9080     0.0000     0.0000     0.0781    96.1378     0.0016     4.4872   22.36850    1.52630     66.413    26.3744    26.3733    1478.72          0      25608          4  0.000e+00
  430869940    123.892    124.986   3.404941   3.404744    33.6578    33.6572     6.9208     6.9192     6.9095     6.9079     0.0000     0.0000     0.0794    96.1378     0.0016     4.4872   22.37322    1.52660     66.426    26.3738    26.3735    1478.72          0      25609          4  0.000e+00
