ROS/FK009A_CTD015_20130820.ros
* Sea-Bird SBE 9 Data File:
* FileName = C:\Falkor-Data-2013\FK009A\CTD\FK009A_CTD015_20130820.hex
* Software Version Seasave V 7.21f
* Temperature SN = 5483
* Conductivity SN = 3916
* Number of Bytes Per Scan = 41
* Number of Voltage Words = 4
* Number of Scans Averaged by the Deck Unit = 1
* NMEA Latitude = 48 25.88 N
* NMEA Longitude = 126 13.68 W
* NMEA UTC (Time) = Aug 20 2013 22:48:22
* NMEA baud rate = 4800
** Ship: RV Falkor
** Station: LC09
** Operator: CP
# nquan = 27
# nvalues = 637                                   
# units = specified
# name 0 = timeQ: Time, NMEA [seconds]
# name 1 = depSM: Depth [salt water, m]
# name 2 = prDM: Pressure, Digiquartz [db]
# name 3 = c0S/m: Conductivity [S/m]
# name 4 = c1S/m: Conductivity, 2 [S/m]
# name 5 = sal00: Salinity, Practical [PSU]
# name 6 = sal11: Salinity, Practical, 2 [PSU]
# name 7 = t090C: Temperature [ITS-90, deg C]
# name 8 = t190C: Temperature, 2 [ITS-90, deg C]
# name 9 = potemp090C: Potential Temperature [ITS-90, deg C]
# name 10 = potemp190C: Potential Temperature, 2 [ITS-90, deg C]
# name 11 = v2: Voltage 2
# name 12 = v3: Voltage 3
# name 13 = v0: Voltage 0
# name 14 = CStarTr0: Beam Transmission, WET Labs C-Star [%]
# name 15 = CStarAt0: Beam Attenuation, WET Labs C-Star [1/m]
# name 16 = v5: Voltage 5
# name 17 = sbeox0PS: Oxygen, SBE 43 [% saturation]
# name 18 = sbeox0ML/L: Oxygen, SBE 43 [ml/l]
# name 19 = sbeox0Mm/Kg: Oxygen, SBE 43 [umol/Kg]
# name 20 = sigma-é00: Density [sigma-theta, Kg/m^3]
# name 21 = sigma-é11: Density, 2 [sigma-theta, Kg/m^3]
# name 22 = svCM: Sound Velocity [Chen-Millero, m/s]
# name 23 = modError: Modulo Error Count
# name 24 = scan: Scan Count
# name 25 = nbf: Bottles Fired
# name 26 = flag:  0.000e+00
# interval = seconds: 0.0416667
# start_time = Aug 20 2013 22:48:23 [NMEA time, first data scan]
# bad_flag = -9.990e-29
*END*
  430355162    605.629    611.681   3.276646   3.276370    34.1832    34.1830     4.7102     4.7073     4.6627     4.6598     0.0000     0.0000     0.0781   100.1926    -0.0001     4.6764    5.13376    0.36764     15.986    27.0657    27.0658    1478.55          0      25438          1  0.000e+00
  430355162    605.724    611.776   3.276646   3.276383    34.1834    34.1829     4.7100     4.7075     4.6625     4.6600     0.0000     0.0000     0.0794   100.1926    -0.0001     4.6764    5.06467    0.36270     15.771    27.0658    27.0657    1478.55          0      25439          1  0.000e+00
  430355162    605.724    611.776   3.276646   3.276383    34.1836    34.1829     4.7098     4.7075     4.6622     4.6600     0.0000     0.0000     0.0781   100.1926    -0.0001     4.6764    5.05502    0.36201     15.741    27.0660    27.0657    1478.55          0      25440          1  0.000e+00
  430355162    605.768    611.821   3.276652   3.276345    34.1834    34.1826     4.7100     4.7074     4.6625     4.6598     0.0000     0.0000     0.0781   100.2188    -0.0001     4.6777    5.04539    0.36132     15.711    27.0659    27.0655    1478.55          0      25441          1  0.000e+00
  430355162    605.818    611.872   3.276672   3.276370    34.1836    34.1829     4.7101     4.7073     4.6625     4.6598     0.0000     0.0000     0.0769   100.1926    -0.0001     4.6764    5.12682    0.36715     15.965    27.0660    27.0657    1478.55          0      25442          1  0.000e+00
  430355162    605.862    611.916   3.276633   3.276383    34.1834    34.1825     4.7098     4.7078     4.6622     4.6603     0.0000     0.0000     0.0781   100.2188    -0.0001     4.6777    5.07379    0.36335     15.800    27.0659    27.0654    1478.55          0      25443          1  0.000e+00
  430355162    605.913    611.967   3.276574   3.276402    34.1831    34.1825     4.7094     4.7080     4.6618     4.6604     0.0000     0.0000     0.0781   100.2188    -0.0001     4.6777    5.08092    0.36387     15.822    27.0657    27.0654    1478.55          0      25444          1  0.000e+00
  430355163    605.957    612.012   3.276581   3.276446    34.1831    34.1828     4.7095     4.7082     4.6619     4.6606     0.0000     0.0000     0.0769   100.1926    -0.0001     4.6764    5.14753    0.36864     16.030    27.0657    27.0656    1478.55          0      25445          1  0.000e+00
  430355163    606.001    612.056   3.276665   3.276446    34.1838    34.1832     4.7097     4.7078     4.6621     4.6603     0.0000     0.0000     0.0781   100.1926    -0.0001     4.6764    5.15400    0.36910     16.049    27.0662    27.0659    1478.55          0      25446          1  0.000e+00
  430355163    606.051    612.107   3.276678   3.276421    34.1838    34.1830     4.7098     4.7077     4.6622     4.6601     0.0000     0.0000     0.0781   100.1926    -0.0001     4.6764    5.15984    0.36951     16.068    27.0662    27.0658    1478.55          0      25447          1  0.000e+00
  430355163    606.051    612.107   3.276652   3.276415    34.1833    34.1826     4.7100     4.7080     4.6624     4.6604     0.0000     0.0000     0.0781   100.1926    -0.0001     4.6764    5.16499    0.36988     16.084    27.0658    27.0655    1478.55          0      25448          1  0.000e+00
  430355163    606.145    612.203   3.276646   3.276396    34.1832    34.1826     4.7100     4.7077     4.6624     4.6601     0.0000     0.0000     0.0781   100.2188    -0.0001     4.6777    5.09460    0.36484     15.864    27.0657    27.0655    1478.55          0      25449          1  0.000e+00
  430355163    606.152    612.209   3.276646   3.276408    34.1834    34.1828     4.7098     4.7077     4.6622     4.6601     0.0000     0.0000     0.0781   100.2188    -0.0001     4.6777    5.17473    0.37058     16.114    27.0659    27.0657    1478.55          0      25450          1  0.000e+00
  430355163    606.284    612.343   3.276607   3.276389    34.1837    34.1830     4.7090     4.7072     4.6614     4.6596     0.0000     0.0000     0.0781   100.1926    -0.0001     4.6764    5.17934    0.37092     16.129    27.0662    27.0659    1478.55          0      25451          1  0.000e+00
  430355163    606.284    612.343   3.276613   3.276364    34.1838    34.1829     4.7089     4.7070     4.6613     4.6594     0.0000     0.0000     0.0781   100.1926    -0.0001     4.6764    5.18321    0.37120     16.141    27.0663    27.0658    1478.55          0      25452          1  0.000e+00
  430355163    606.334    612.394   3.276620   3.276408    34.1838    34.1833     4.7090     4.7071     4.6614     4.6595     0.0000     0.0000     0.0769   100.1926    -0.0001     4.6764    5.18647    0.37143     16.151    27.0663    27.0661    1478.55          0      25453          1  0.000e+00
  430355163    606.422    612.483   3.276620   3.276389    34.1837    34.1825     4.7091     4.7077     4.6615     4.6601     0.0000     0.0000     0.0781   100.1926    -0.0001     4.6764    5.18911    0.37162     16.159    27.0662    27.0654    1478.56          0      25454          1  0.000e+00
  430355163    606.422    612.483   3.276639   3.276427    34.1835    34.1826     4.7095     4.7080     4.6619     4.6604     0.0000     0.0000     0.0781   100.1665    -0.0001     4.6752    5.11607    0.36638     15.931    27.0660    27.0654    1478.56          0      25455          1  0.000e+00
  430355163    606.523    612.585   3.276652   3.276465    34.1836    34.1828     4.7095     4.7081     4.6618     4.6605     0.0000     0.0000     0.0769   100.1665    -0.0001     4.6752    5.17758    0.37079     16.123    27.0661    27.0656    1478.56          0      25456          1  0.000e+00
  430355163    606.517    612.578   3.276626   3.276472    34.1834    34.1830     4.7094     4.7080     4.6618     4.6604     0.0000     0.0000     0.0781   100.1926    -0.0001     4.6764    5.12000    0.36667     15.944    27.0659    27.0657    1478.56          0      25457          1  0.000e+00
  430355163    606.661    612.725   3.276594   3.276434    34.1833    34.1825     4.7090     4.7080     4.6614     4.6604     0.0000     0.0000     0.0781   100.1926    -0.0001     4.6764    5.10658    0.36571     15.902    27.0659    27.0654    1478.56          0      25458          1  0.000e+00
  430355163    606.661    612.725   3.276626   3.276415    34.1838    34.1830     4.7089     4.7073     4.6613     4.6597     0.0000     0.0000     0.0781   100.1926    -0.0001     4.6764    5.09306    0.36474     15.860    27.0663    27.0658    1478.56          0      25459          1  0.000e+00
  430355163    606.706    612.769   3.276646   3.276389    34.1839    34.1830     4.7090     4.7070     4.6614     4.6594     0.0000     0.0000     0.0781   100.1665    -0.0001     4.6752    5.06346    0.36262     15.768    27.0664    27.0659    1478.56          0      25460          1  0.000e+00
  430355163    606.800    612.865   3.276633   3.276427    34.1836    34.1831     4.7091     4.7072     4.6615     4.6596     0.0000     0.0000     0.0781   100.1926    -0.0001     4.6764    5.04935    0.36161     15.724    27.0661    27.0660    1478.56          0      25461          1  0.000e+00
  430355163    606.806    612.871   3.276639   3.276408    34.1839    34.1826     4.7089     4.7075     4.6613     4.6599     0.0000     0.0000     0.0781   100.1665    -0.0001     4.6752    5.03518    0.36059     15.680    27.0664    27.0655    1478.56          0      25462          1  0.000e+00
  430355163    606.894    612.960   3.276555   3.276408    34.1834    34.1834     4.7083     4.7067     4.6607     4.6591     0.0000     0.0000     0.0781   100.1926    -0.0001     4.6764    5.02108    0.35959     15.636    27.0661    27.0662    1478.56          0      25463          1  0.000e+00
  430355163    606.989    613.056   3.276529   3.276389    34.1837    34.1831     4.7077     4.7067     4.6601     4.6591     0.0000     0.0000     0.0769   100.1926    -0.0001     4.6764    5.02308    0.35974     15.643    27.0664    27.0660    1478.56          0      25464          1  0.000e+00
  430355163    607.033    613.100   3.276529   3.276383    34.1837    34.1832     4.7077     4.7066     4.6600     4.6589     0.0000     0.0000     0.0781   100.1926    -0.0001     4.6764    5.02569    0.35993     15.651    27.0664    27.0661    1478.56          0      25465          1  0.000e+00
  430355163    607.083    613.151   3.276607   3.276415    34.1847    34.1833     4.7076     4.7067     4.6599     4.6591     0.0000     0.0000     0.0781   100.1665    -0.0001     4.6752    5.12003    0.36668     15.944    27.0672    27.0662    1478.56          0      25466          1  0.000e+00
  430355163    607.134    613.202   3.276620   3.276415    34.1843    34.1832     4.7081     4.7069     4.6605     4.6593     0.0000     0.0000     0.0781   100.1926    -0.0001     4.6764    5.13939    0.36806     16.005    27.0668    27.0660    1478.56          0      25467          1  0.000e+00
  430355163    607.222    613.291   3.276594   3.276434    34.1835    34.1835     4.7085     4.7067     4.6608     4.6591     0.0000     0.0000     0.0781   100.1665    -0.0001     4.6752    5.08380    0.36408     15.831    27.0661    27.0663    1478.57          0      25468          1  0.000e+00
  430355164    607.272    613.342   3.276627   3.276421    34.1834    34.1827     4.7090     4.7074     4.6613     4.6597     0.0000     0.0000     0.0781   100.1665    -0.0001     4.6752    4.99725    0.35788     15.562    27.0660    27.0656    1478.57          0      25469          1  0.000e+00
  430355164    607.316    613.387   3.276711   3.276447    34.1839    34.1830     4.7094     4.7073     4.6617     4.6597     0.0000     0.0000     0.0769   100.1926    -0.0001     4.6764    5.04584    0.36135     15.713    27.0664    27.0658    1478.57          0      25470          1  0.000e+00
  430355164    607.455    613.527   3.276724   3.276447    34.1840    34.1824     4.7095     4.7078     4.6618     4.6601     0.0000     0.0000     0.0781   100.1665    -0.0001     4.6752    5.03498    0.36057     15.679    27.0664    27.0653    1478.58          0      25471          1  0.000e+00
  430355164    607.461    613.533   3.276731   3.276466    34.1836    34.1826     4.7098     4.7078     4.6622     4.6601     0.0000     0.0000     0.0781   100.1926    -0.0001     4.6764    5.02402    0.35979     15.645    27.0661    27.0655    1478.58          0      25472          1  0.000e+00
  430355164    607.505    613.578   3.276666   3.276491    34.1834    34.1830     4.7093     4.7077     4.6616     4.6600     0.0000     0.0000     0.0781   100.2188    -0.0001     4.6777    5.01311    0.35901     15.611    27.0660    27.0658    1478.57          0      25473          1  0.000e+00
  430355164    607.599    613.673   3.276692   3.276510    34.1833    34.1829     4.7096     4.7080     4.6619     4.6603     0.0000     0.0000     0.0781   100.2188    -0.0001     4.6777    5.00221    0.35823     15.577    27.0659    27.0657    1478.58          0      25474          1  0.000e+00
  430355164    607.643    613.718   3.276731   3.276478    34.1835    34.1829     4.7098     4.7077     4.6621     4.6600     0.0000     0.0000     0.0781   100.2188    -0.0001     4.6777    4.99129    0.35744     15.543    27.0660    27.0657    1478.58          0      25475          1  0.000e+00
  430355164    607.738    613.813   3.276724   3.276453    34.1835    34.1825     4.7098     4.7077     4.6621     4.6600     0.0000     0.0000     0.0781   100.2188    -0.0001     4.6777    4.99650    0.35782     15.559    27.0660    27.0654    1478.58          0      25476          1  0.000e+00
  430355164    607.788    613.864   3.276731   3.276466    34.1837    34.1829     4.7096     4.7074     4.6619     4.6597     0.0000     0.0000     0.0781   100.2188    -0.0001     4.6777    5.00234    0.35824     15.577    27.0662    27.0658    1478.58          0      25477          1  0.000e+00
  430355164    607.876    613.954   3.276692   3.276434    34.1834    34.1827     4.7094     4.7072     4.6617     4.6595     0.0000     0.0000     0.0781   100.2188    -0.0001     4.6777    5.08383    0.36408     15.831    27.0660    27.0657    1478.58          0      25478          1  0.000e+00
  430355164    607.927    614.004   3.276653   3.276459    34.1834    34.1832     4.7090     4.7070     4.6613     4.6593     0.0000     0.0000     0.0781   100.2188    -0.0001     4.6777    5.08967    0.36450     15.849    27.0659    27.0660    1478.58          0      25479          1  0.000e+00
  430355164    607.971    614.049   3.276666   3.276453    34.1838    34.1833     4.7087     4.7067     4.6610     4.6590     0.0000     0.0000     0.0781   100.2188    -0.0001     4.6777    5.09486    0.36487     15.866    27.0663    27.0662    1478.58          0      25480          1  0.000e+00
  430355164    608.065    614.145   3.276659   3.276422    34.1842    34.1829     4.7082     4.7067     4.6604     4.6590     0.0000     0.0000     0.0781   100.2188    -0.0001     4.6777    5.17443    0.37057     16.114    27.0667    27.0659    1478.58          0      25481          1  0.000e+00
  430355164    608.115    614.195   3.276646   3.276396    34.1842    34.1829     4.7081     4.7064     4.6603     4.6587     0.0000     0.0000     0.0781   100.2188    -0.0001     4.6777    5.11818    0.36654     15.938    27.0667    27.0659    1478.58          0      25482          1  0.000e+00
  430355164    608.203    614.285   3.276601   3.276409    34.1835    34.1830     4.7081     4.7064     4.6604     4.6587     0.0000     0.0000     0.0781   100.2188    -0.0001     4.6777    5.12082    0.36674     15.947    27.0662    27.0660    1478.58          0      25483          1  0.000e+00
  430355164    608.298    614.380   3.276588   3.276434    34.1834    34.1834     4.7081     4.7063     4.6603     4.6585     0.0000     0.0000     0.0781   100.2188    -0.0001     4.6777    5.04783    0.36151     15.720    27.0661    27.0663    1478.58          0      25484          1  0.000e+00
  430355164    608.348    614.431   3.276588   3.276447    34.1835    34.1836     4.7080     4.7063     4.6602     4.6585     0.0000     0.0000     0.0781   100.2188    -0.0001     4.6777    5.03433    0.36054     15.678    27.0662    27.0664    1478.58          0      25485          1  0.000e+00
  430355164    608.392    614.476   3.276620   3.276384    34.1841    34.1828     4.7077     4.7063     4.6600     4.6585     0.0000     0.0000     0.0781   100.2188    -0.0001     4.6777    5.03694    0.36073     15.686    27.0666    27.0658    1478.58          0      25486          1  0.000e+00
  430355304    589.840    595.711   3.284180   3.284001    34.1593    34.1584     4.8266     4.8254     4.7799     4.7787     0.0000     0.0000     0.0781   100.3234    -0.0001     4.6825    5.76189    0.41155     17.896    27.0337    27.0331    1478.73          1      28820          2  0.000e+00
  430355304    589.966    595.839   3.284173   3.284001    34.1589    34.1584     4.8269     4.8254     4.7801     4.7786     0.0000     0.0000     0.0781   100.3234    -0.0001     4.6825    5.77918    0.41278     17.950    27.0333    27.0331    1478.73          1      28821          2  0.000e+00
  430355304    589.935    595.807   3.284173   3.284020    34.1590    34.1587     4.8268     4.8254     4.7800     4.7786     0.0000     0.0000     0.0781   100.3234    -0.0001     4.6825    5.79636    0.41401     18.003    27.0334    27.0333    1478.73          1      28822          2  0.000e+00
  430355304    589.935    595.807   3.284173   3.283975    34.1590    34.1583     4.8268     4.8252     4.7800     4.7785     0.0000     0.0000     0.0781   100.3234    -0.0001     4.6825    5.72300    0.40877     17.775    27.0334    27.0330    1478.73          1      28823          2  0.000e+00
