ROS/FK009A_CTD013_20130820.ros
* Sea-Bird SBE 9 Data File:
* FileName = C:\Falkor-Data-2013\FK009A\CTD\FK009A_CTD013_20130820.hex
* Software Version Seasave V 7.21f
* Temperature SN = 5483
* Conductivity SN = 3916
* Number of Bytes Per Scan = 41
* Number of Voltage Words = 4
* Number of Scans Averaged by the Deck Unit = 1
* NMEA Latitude = 48 18.94 N
* NMEA Longitude = 126 26.67 W
* NMEA UTC (Time) = Aug 20 2013 18:24:28
* NMEA baud rate = 4800
** Ship: RV Falkor
** Station: LC11
** Operator: CP
# nquan = 27
# nvalues = 833                                   
# units = specified
# name 0 = timeQ: Time, NMEA [seconds]
# name 1 = depSM: Depth [salt water, m]
# name 2 = prDM: Pressure, Digiquartz [db]
# name 3 = c0S/m: Conductivity [S/m]
# name 4 = c1S/m: Conductivity, 2 [S/m]
# name 5 = sal00: Salinity, Practical [PSU]
# name 6 = sal11: Salinity, Practical, 2 [PSU]
# name 7 = t090C: Temperature [ITS-90, deg C]
# name 8 = t190C: Temperature, 2 [ITS-90, deg C]
# name 9 = potemp090C: Potential Temperature [ITS-90, deg C]
# name 10 = potemp190C: Potential Temperature, 2 [ITS-90, deg C]
# name 11 = v2: Voltage 2
# name 12 = v3: Voltage 3
# name 13 = v0: Voltage 0
# name 14 = CStarTr0: Beam Transmission, WET Labs C-Star [%]
# name 15 = CStarAt0: Beam Attenuation, WET Labs C-Star [1/m]
# name 16 = v5: Voltage 5
# name 17 = sbeox0PS: Oxygen, SBE 43 [% saturation]
# name 18 = sbeox0ML/L: Oxygen, SBE 43 [ml/l]
# name 19 = sbeox0Mm/Kg: Oxygen, SBE 43 [umol/Kg]
# name 20 = sigma-é00: Density [sigma-theta, Kg/m^3]
# name 21 = sigma-é11: Density, 2 [sigma-theta, Kg/m^3]
# name 22 = svCM: Sound Velocity [Chen-Millero, m/s]
# name 23 = modError: Modulo Error Count
# name 24 = scan: Scan Count
# name 25 = nbf: Bottles Fired
# name 26 = flag:  0.000e+00
# interval = seconds: 0.0416667
# start_time = Aug 20 2013 18:24:29 [NMEA time, first data scan]
# bad_flag = -9.990e-29
*END*
[from data line 698]
  430344379     30.862     31.126   3.624492   3.626871    32.2560    32.2497    10.9446    10.9785    10.9409    10.9749     1.5311     1.1197     0.1624    98.1521     0.0007     4.5812   87.55752    5.51331    240.301    24.6498    24.6389    1490.38          0     146651         15  0.000e+00
  430344379     30.862     31.126   3.625189   3.626786    32.2541    32.2497    10.9546    10.9776    10.9509    10.9739     1.5311     1.1197     0.1624    98.1521     0.0007     4.5812   87.53438    5.51074    240.190    24.6466    24.6391    1490.41          0     146652         15  0.000e+00
  430344379     30.949     31.214   3.625725   3.626819    32.2542    32.2504    10.9605    10.9771    10.9568    10.9734     1.5311     1.1197     0.1624    98.1521     0.0007     4.5812   87.51251    5.50866    240.099    24.6456    24.6398    1490.44          0     146653         15  0.000e+00
  430344379     30.999     31.265   3.625989   3.626865    32.2532    32.2497    10.9646    10.9784    10.9609    10.9747     1.5324     1.1184     0.1624    98.1521     0.0007     4.5812   87.49035    5.50682    240.020    24.6441    24.6390    1490.45          0     146654         15  0.000e+00
  430344379     30.999     31.265   3.626117   3.626792    32.2526    32.2494    10.9667    10.9779    10.9630    10.9742     1.5324     1.1209     0.1624    98.1783     0.0007     4.5824   87.46776    5.50517    239.948    24.6433    24.6388    1490.46          0     146655         15  0.000e+00
  430344379     31.043     31.309   3.626104   3.626555    32.2515    32.2504    10.9677    10.9741    10.9640    10.9704     1.5324     1.1184     0.1624    98.1783     0.0007     4.5824   87.51945    5.50834    240.086    24.6423    24.6402    1490.46          0     146656         15  0.000e+00
  430344379     31.136     31.403   3.625982   3.625988    32.2509    32.2517    10.9670    10.9662    10.9633    10.9625     1.5311     1.1197     0.1624    98.1783     0.0007     4.5824   87.45352    5.50429    239.910    24.6419    24.6427    1490.46          0     146657         15  0.000e+00
  430344379     31.136     31.403   3.625874   3.625599    32.2520    32.2518    10.9646    10.9617    10.9609    10.9580     1.5311     1.1184     0.1624    98.1783     0.0007     4.5824   87.45130    5.50440    239.914    24.6432    24.6435    1490.45          0     146658         15  0.000e+00
  430344379     31.180     31.447   3.625867   3.625381    32.2518    32.2529    10.9647    10.9580    10.9610    10.9543     1.5324     1.1184     0.1624    98.1521     0.0007     4.5812   87.45021    5.50433    239.911    24.6430    24.6450    1490.45          0     146659         15  0.000e+00
  430344379     31.273     31.541   3.625779   3.625289    32.2516    32.2533    10.9639    10.9564    10.9602    10.9527     1.5324     1.1184     0.1624    98.1783     0.0007     4.5824   87.37679    5.49981    239.714    24.6430    24.6457    1490.45          0     146660         15  0.000e+00
  430344379     31.273     31.541   3.625400   3.625296    32.2514    32.2528    10.9599    10.9570    10.9561    10.9533     1.5324     1.1184     0.1624    98.1783     0.0007     4.5824   87.43146    5.50373    239.885    24.6435    24.6452    1490.44          0     146661         15  0.000e+00
  430344379     31.367     31.636   3.624804   3.625137    32.2516    32.2533    10.9528    10.9547    10.9491    10.9509     1.5324     1.1172     0.1624    98.1521     0.0007     4.5812   87.42387    5.50407    239.900    24.6450    24.6460    1490.41          0     146662         15  0.000e+00
  430344379     31.317     31.585   3.624424   3.625025    32.2526    32.2533    10.9474    10.9535    10.9437    10.9497     1.5324     1.1172     0.1636    98.1521     0.0007     4.5812   87.41497    5.50412    239.901    24.6467    24.6462    1490.39          0     146663         15  0.000e+00
  430344380     31.454     31.724   3.624059   3.624940    32.2535    32.2532    10.9422    10.9525    10.9385    10.9487     1.5324     1.1172     0.1624    98.1521     0.0007     4.5812   87.40853    5.50429    239.908    24.6483    24.6463    1490.38          0     146664         15  0.000e+00
  430344380     31.504     31.774   3.623476   3.624814    32.2539    32.2537    10.9353    10.9505    10.9315    10.9468     1.5324     1.1172     0.1624    98.1783     0.0007     4.5824   87.33773    5.50065    239.749    24.6498    24.6470    1490.36          0     146665         15  0.000e+00
  430344380     31.504     31.774   3.622393   3.624617    32.2545    32.2539    10.9224    10.9481    10.9187    10.9444     1.5324     1.1148     0.1624    98.1783     0.0007     4.5824   87.32193    5.50115    239.770    24.6525    24.6475    1490.31          0     146666         15  0.000e+00
  430344380     31.548     31.818   3.621039   3.624465    32.2567    32.2539    10.9047    10.9463    10.9009    10.9426     1.5324     1.1148     0.1624    98.1783     0.0007     4.5824   87.30767    5.50227    239.818    24.6573    24.6479    1490.25          0     146667         15  0.000e+00
  430344380     31.591     31.862   3.620261   3.624386    32.2616    32.2546    10.8902    10.9447    10.8865    10.9409     1.5336     1.1148     0.1624    98.1521     0.0007     4.5812   87.29399    5.50294    239.846    24.6637    24.6487    1490.21          0     146668         15  0.000e+00
  430344380     31.598     31.868   3.620592   3.624340    32.2626    32.2548    10.8929    10.9439    10.8891    10.9401     1.5336     1.1136     0.1624    98.1521     0.0007     4.5812   87.27967    5.50169    239.791    24.6640    24.6490    1490.22          0     146669         15  0.000e+00
  430344380     31.685     31.956   3.620734   3.624333    32.2605    32.2541    10.8968    10.9445    10.8931    10.9408     1.5336     1.1136     0.1612    98.0737     0.0008     4.5775   87.27685    5.50112    239.767    24.6616    24.6484    1490.23          0     146670         15  0.000e+00
  430344380     31.735     32.007   3.620017   3.624307    32.2616    32.2543    10.8875    10.9441    10.8837    10.9403     1.5336     1.1136     0.1587    98.0737     0.0008     4.5775   87.27557    5.50211    239.809    24.6641    24.6486    1490.20          0     146671         15  0.000e+00
  430344380     31.778     32.051   3.619442   3.624083    32.2622    32.2558    10.8803    10.9398    10.8765    10.9360     1.5324     1.1136     0.1575    98.0737     0.0008     4.5775   87.26540    5.50229    239.817    24.6658    24.6505    1490.18          0     146672         15  0.000e+00
  430344380     31.778     32.051   3.618636   3.623812    32.2611    32.2560    10.8725    10.9365    10.8687    10.9327     1.5324     1.1148     0.1575    98.0737     0.0008     4.5775   87.26545    5.50326    239.859    24.6664    24.6512    1490.15          0     146673         15  0.000e+00
  430344380     31.828     32.101   3.617100   3.623707    32.2628    32.2558    10.8532    10.9356    10.8494    10.9318     1.5324     1.1136     0.1575    98.0737     0.0008     4.5775   87.26791    5.50563    239.961    24.6711    24.6512    1490.08          0     146674         15  0.000e+00
  430344380     31.872     32.145   3.615794   3.623832    32.2660    32.2558    10.8348    10.9369    10.8311    10.9331     1.5336     1.1136     0.1575    98.0737     0.0008     4.5775   87.27144    5.50792    240.060    24.6767    24.6510    1490.02          0     146675         15  0.000e+00
  430344380     31.872     32.145   3.615043   3.623984    32.2684    32.2555    10.8236    10.9390    10.8199    10.9352     1.5336     1.1136     0.1575    98.0737     0.0008     4.5775   87.27526    5.50940    240.124    24.6806    24.6504    1489.98          0     146676         15  0.000e+00
  430344380     31.916     32.189   3.614604   3.624037    32.2706    32.2544    10.8162    10.9408    10.8125    10.9370     1.5336     1.1123     0.1575    98.0737     0.0008     4.5775   87.27063    5.50991    240.145    24.6835    24.6493    1489.96          0     146677         15  0.000e+00
  430344380     31.965     32.239   3.614313   3.623364    32.2721    32.2529    10.8112    10.9349    10.8074    10.9311     1.5324     1.1136     0.1575    98.0737     0.0008     4.5775   87.26672    5.51021    240.158    24.6856    24.6491    1489.95          0     146678         15  0.000e+00
  430344380     32.009     32.283   3.614022   3.621492    32.2730    32.2574    10.8069    10.9087    10.8031    10.9049     1.5324     1.1136     0.1587    98.0737     0.0008     4.5775   87.26348    5.51048    240.169    24.6870    24.6572    1489.93          0     146679         15  0.000e+00
  430344380     32.009     32.283   3.613880   3.619094    32.2734    32.2617    10.8048    10.8769    10.8011    10.8731     1.5324     1.1136     0.1587    98.0737     0.0008     4.5775   87.19646    5.50648    239.994    24.6877    24.6661    1489.93          0     146680         15  0.000e+00
  430344380     32.009     32.283   3.613690   3.616854    32.2731    32.2621    10.8031    10.8511    10.7993    10.8473     1.5324     1.1123     0.1575    98.0737     0.0008     4.5775   87.18505    5.50598    239.973    24.6878    24.6709    1489.92          0     146681         15  0.000e+00
  430344380     32.053     32.328   3.613217   3.615207    32.2716    32.2663    10.7994    10.8279    10.7956    10.8241     1.5324     1.1123     0.1575    98.0737     0.0008     4.5775   87.17542    5.50585    239.967    24.6872    24.6782    1489.91          0     146682         15  0.000e+00
  430344380     32.053     32.328   3.612473   3.614285    32.2718    32.2710    10.7908    10.8121    10.7870    10.8083     1.5324     1.1123     0.1575    98.0737     0.0008     4.5775   87.23074    5.51037    240.164    24.6889    24.6846    1489.88          0     146683         15  0.000e+00
  430344380     32.096     32.372   3.611932   3.613831    32.2730    32.2734    10.7833    10.8043    10.7795    10.8005     1.5324     1.1136     0.1587    98.0737     0.0008     4.5775   87.23284    5.51135    240.206    24.6912    24.6878    1489.85          0     146684         15  0.000e+00
  430344380     32.190     32.466   3.611661   3.613627    32.2743    32.2740    10.7787    10.8012    10.7749    10.7974     1.5336     1.1148     0.1575    98.0737     0.0008     4.5775   87.23613    5.51205    240.236    24.6930    24.6889    1489.84          0     146685         15  0.000e+00
  430344380     32.096     32.372   3.611594   3.613317    32.2755    32.2725    10.7766    10.7995    10.7728    10.7957     1.5336     1.1148     0.1575    98.0737     0.0008     4.5775   87.18395    5.50896    240.101    24.6943    24.6880    1489.83          0     146686         15  0.000e+00
  430344380     32.190     32.466   3.611574   3.612863    32.2763    32.2732    10.7754    10.7935    10.7716    10.7897     1.5336     1.1148     0.1575    98.0737     0.0008     4.5775   87.18983    5.50944    240.122    24.6951    24.6896    1489.83          0     146687         15  0.000e+00
  430344476     21.038     21.217   3.864161   3.861568    32.0768    32.0780    13.8320    13.8019    13.8290    13.7990     1.4200     1.3321     0.3150    93.5741     0.0027     4.3675   96.77147    5.74263    250.464    23.9640    23.9710    1499.84          0     148985         16  0.000e+00
  430344477     21.088     21.268   3.864112   3.861541    32.0769    32.0780    13.8313    13.8015    13.8283    13.7986     1.4200     1.3333     0.3162    93.6003     0.0026     4.3687   96.77724    5.74305    250.482    23.9642    23.9711    1499.84          0     148986         16  0.000e+00
  430344477     21.088     21.268   3.864105   3.861710    32.0765    32.0782    13.8318    13.8032    13.8288    13.8003     1.4188     1.3321     0.3162    93.5741     0.0027     4.3675   96.78272    5.74334    250.495    23.9638    23.9709    1499.84          0     148987         16  0.000e+00
  430344477     21.088     21.268   3.863848   3.862176    32.0766    32.0782    13.8288    13.8084    13.8258    13.8054     1.4200     1.3321     0.3150    93.6003     0.0026     4.3687   96.78860    5.74403    250.525    23.9645    23.9699    1499.83          0     148988         16  0.000e+00
  430344477     21.212     21.394   3.863939   3.862873    32.0786    32.0773    13.8273    13.8171    13.8243    13.8142     1.4200     1.3321     0.3150    93.6003     0.0026     4.3687   96.79632    5.74459    250.549    23.9664    23.9674    1499.83          0     148989         16  0.000e+00
  430344477     21.175     21.356   3.864383   3.864002    32.0771    32.0750    13.8341    13.8323    13.8311    13.8294     1.4200     1.3321     0.3162    93.6003     0.0026     4.3687   96.80227    5.74420    250.532    23.9638    23.9625    1499.85          0     148990         16  0.000e+00
  430344477     21.225     21.406   3.864973   3.864840    32.0771    32.0735    13.8406    13.8434    13.8376    13.8405     1.4200     1.3321     0.3150    93.6003     0.0026     4.3687   96.80964    5.74388    250.519    23.9625    23.9591    1499.87          0     148991         16  0.000e+00
  430344477     21.268     21.450   3.865946   3.865030    32.0784    32.0741    13.8497    13.8448    13.8467    13.8418     1.4200     1.3346     0.3150    93.5741     0.0027     4.3675   96.81722    5.74321    250.490    23.9616    23.9593    1499.91          0     148992         16  0.000e+00
  430344477     21.362     21.544   3.866780   3.864840    32.0762    32.0739    13.8615    13.8428    13.8585    13.8398     1.4200     1.3333     0.3150    93.5741     0.0027     4.3675   96.83427    5.74291    250.478    23.9575    23.9596    1499.94          0     148993         16  0.000e+00
  430344477     21.362     21.544   3.866627   3.864793    32.0745    32.0759    13.8619    13.8399    13.8589    13.8370     1.4188     1.3358     0.3211    93.6003     0.0026     4.3687   96.84249    5.74342    250.500    23.9561    23.9617    1499.94          0     148994         16  0.000e+00
  430344477     21.449     21.632   3.865911   3.865280    32.0736    32.0745    13.8551    13.8469    13.8521    13.8439     1.4188     1.3346     0.3260    93.6003     0.0026     4.3687   96.85224    5.74483    250.562    23.9568    23.9592    1499.92          0     148995         16  0.000e+00
  430344477     21.406     21.588   3.865682   3.865963    32.0757    32.0739    13.8500    13.8552    13.8470    13.8522     1.4188     1.3358     0.3272    93.6003     0.0026     4.3687   96.85214    5.74534    250.583    23.9594    23.9571    1499.91          0     148996         16  0.000e+00
  430344477     21.543     21.727   3.866467   3.865841    32.0769    32.0729    13.8572    13.8550    13.8542    13.8520     1.4188     1.3346     0.3260    93.6003     0.0026     4.3687   96.79153    5.74086    250.388    23.9589    23.9563    1499.93          0     148997         16  0.000e+00
  430344477     21.543     21.727   3.867488   3.865273    32.0767    32.0747    13.8687    13.8466    13.8657    13.8436     1.4200     1.3358     0.3260    93.6003     0.0026     4.3687   96.78379    5.73906    250.310    23.9565    23.9594    1499.97          0     148998         16  0.000e+00
  430344477     21.636     21.821   3.868155   3.864976    32.0748    32.0741    13.8783    13.8439    13.8753    13.8409     1.4188     1.3358     0.3272    93.6003     0.0026     4.3687   96.77757    5.73764    250.249    23.9530    23.9595    1500.00          0     148999         16  0.000e+00
  430344477     21.636     21.821   3.867912   3.864442    32.0722    32.0743    13.8787    13.8379    13.8757    13.8348     1.4188     1.3358     0.3260    93.6265     0.0026     4.3700   96.77072    5.73727    250.233    23.9509    23.9609    1500.00          0     149000         16  0.000e+00
