ROS/FK009A_CTD019_20130822.ros
* Sea-Bird SBE 9 Data File:
* FileName = C:\Falkor-Data-2013\FK009A\CTD\FK009A_CTD019_20130822.hex
* Software Version Seasave V 7.21f
* Temperature SN = 5483
* Conductivity SN = 3916
* Number of Bytes Per Scan = 41
* Number of Voltage Words = 4
* Number of Scans Averaged by the Deck Unit = 1
* NMEA Latitude = 48 00.28 N
* NMEA Longitude = 125 21.83 W
* NMEA UTC (Time) = Aug 22 2013 00:31:45
* NMEA baud rate = 4800
** Ship: RV Falkor
** Station: RD01
** Operator: CP
# nquan = 27
# nvalues = 196                                   
# units = specified
# name 0 = timeQ: Time, NMEA [seconds]
# name 1 = depSM: Depth [salt water, m]
# name 2 = prDM: Pressure, Digiquartz [db]
# name 3 = c0S/m: Conductivity [S/m]
# name 4 = c1S/m: Conductivity, 2 [S/m]
# name 5 = sal00: Salinity, Practical [PSU]
# name 6 = sal11: Salinity, Practical, 2 [PSU]
# name 7 = t090C: Temperature [ITS-90, deg C]
# name 8 = t190C: Temperature, 2 [ITS-90, deg C]
# name 9 = potemp090C: Potential Temperature [ITS-90, deg C]
# name 10 = potemp190C: Potential Temperature, 2 [ITS-90, deg C]
# name 11 = v2: Voltage 2
# name 12 = v3: Voltage 3
# name 13 = v0: Voltage 0
# name 14 = CStarTr0: Beam Transmission, WET Labs C-Star [%]
# name 15 = CStarAt0: Beam Attenuation, WET Labs C-Star [1/m]
# name 16 = v5: Voltage 5
# name 17 = sbeox0PS: Oxygen, SBE 43 [% saturation]
# name 18 = sbeox0ML/L: Oxygen, SBE 43 [ml/l]
# name 19 = sbeox0Mm/Kg: Oxygen, SBE 43 [umol/Kg]
# name 20 = sigma-é00: Density [sigma-theta, Kg/m^3]
# name 21 = sigma-é11: Density, 2 [sigma-theta, Kg/m^3]
# name 22 = svCM: Sound Velocity [Chen-Millero, m/s]
# name 23 = modError: Modulo Error Count
# name 24 = scan: Scan Count
# name 25 = nbf: Bottles Fired
# name 26 = flag:  0.000e+00
# interval = seconds: 0.0416667
# start_time = Aug 22 2013 00:31:46 [NMEA time, first data scan]
# bad_flag = -9.990e-29
*END*
[from data line 108]
  430448858    109.987    110.948   3.457802   3.457669    33.7598    33.7607     7.4143     7.4118     7.4038     7.4014     0.0000     0.0000     0.0757   100.1141    -0.0000     4.6728   41.86204    2.82242    122.809    26.3858    26.3869    1480.52          1      51651          3  0.000e+00
  430448858    110.081    111.042   3.457769   3.457689    33.7589    33.7606     7.4148     7.4121     7.4043     7.4017     0.0000     0.0000     0.0757   100.1141    -0.0000     4.6728   41.80200    2.81836    122.632    26.3851    26.3868    1480.53          1      51652          3  0.000e+00
  430448858    109.975    110.935   3.457815   3.457708    33.7594    33.7604     7.4148     7.4126     7.4044     7.4021     0.0000     0.0000     0.0769   100.1141    -0.0000     4.6728   41.79615    2.81795    122.615    26.3854    26.3865    1480.53          1      51653          3  0.000e+00
  430448858    110.031    110.992   3.457842   3.457760    33.7593    33.7602     7.4152     7.4133     7.4048     7.4029     0.0000     0.0000     0.0781   100.1141    -0.0000     4.6728   41.72442    2.81309    122.403    26.3853    26.3863    1480.53          1      51654          3  0.000e+00
  430448858    110.031    110.992   3.457849   3.457780    33.7590    33.7605     7.4156     7.4133     7.4052     7.4028     0.0000     0.0000     0.0781   100.1403    -0.0001     4.6740   41.77485    2.81647    122.550    26.3850    26.3865    1480.53          1      51655          3  0.000e+00
  430448858    110.031    110.992   3.457855   3.457754    33.7591    33.7602     7.4156     7.4133     7.4051     7.4028     0.0000     0.0000     0.0794   100.1141    -0.0000     4.6728   41.83680    2.82065    122.732    26.3851    26.3863    1480.53          1      51656          3  0.000e+00
  430448858    109.975    110.935   3.457829   3.457767    33.7586    33.7607     7.4158     7.4130     7.4053     7.4025     0.0000     0.0000     0.0781   100.1141    -0.0000     4.6728   41.84271    2.82105    122.749    26.3847    26.3867    1480.53          1      51657          3  0.000e+00
  430448858    110.031    110.992   3.457822   3.457754    33.7592    33.7605     7.4151     7.4130     7.4046     7.4025     0.0000     0.0000     0.0794   100.1141    -0.0000     4.6728   41.83684    2.82068    122.733    26.3852    26.3866    1480.53          1      51658          3  0.000e+00
  430448858    109.987    110.948   3.457769   3.457721    33.7591    33.7603     7.4147     7.4128     7.4042     7.4023     0.0000     0.0000     0.0794   100.1403    -0.0001     4.6740   41.84142    2.82102    122.748    26.3852    26.3865    1480.53          1      51659          3  0.000e+00
  430448858    109.975    110.935   3.457789   3.457695    33.7600    33.7607     7.4140     7.4122     7.4035     7.4017     0.0000     0.0000     0.0781   100.1403    -0.0001     4.6740   41.79095    2.81765    122.601    26.3860    26.3868    1480.52          1      51660          3  0.000e+00
  430448858    109.987    110.948   3.457742   3.457657    33.7595    33.7606     7.4139     7.4118     7.4034     7.4014     0.0000     0.0000     0.0781   100.1403    -0.0001     4.6740   41.85105    2.82171    122.778    26.3857    26.3868    1480.52          1      51661          3  0.000e+00
  430448858    109.987    110.948   3.457749   3.457605    33.7594    33.7605     7.4141     7.4113     7.4037     7.4009     0.0000     0.0000     0.0781   100.1403    -0.0001     4.6740   41.78861    2.81749    122.594    26.3855    26.3868    1480.52          1      51662          3  0.000e+00
  430448858    109.987    110.948   3.457736   3.457631    33.7592    33.7603     7.4142     7.4118     7.4037     7.4014     0.0000     0.0000     0.0794   100.1403    -0.0001     4.6740   41.78142    2.81701    122.573    26.3853    26.3866    1480.52          1      51663          3  0.000e+00
  430448858    109.975    110.935   3.457782   3.457695    33.7596    33.7607     7.4143     7.4121     7.4038     7.4017     0.0000     0.0000     0.0781   100.1403    -0.0001     4.6740   41.77416    2.81650    122.551    26.3856    26.3868    1480.52          1      51664          3  0.000e+00
  430448858    109.987    110.948   3.457742   3.457695    33.7592    33.7606     7.4142     7.4123     7.4037     7.4018     0.0000     0.0000     0.0794   100.1403    -0.0001     4.6740   41.76706    2.81604    122.531    26.3854    26.3867    1480.52          1      51665          3  0.000e+00
  430448858    109.987    110.948   3.457749   3.457728    33.7594    33.7604     7.4141     7.4128     7.4037     7.4023     0.0000     0.0000     0.0781   100.1141    -0.0000     4.6728   41.82661    2.82005    122.706    26.3855    26.3865    1480.52          1      51666          3  0.000e+00
  430448858    109.931    110.891   3.457762   3.457767    33.7601    33.7609     7.4135     7.4128     7.4031     7.4024     0.0000     0.0000     0.0781   100.1141    -0.0000     4.6728   41.81821    2.81951    122.682    26.3862    26.3869    1480.52          1      51667          3  0.000e+00
  430448858    109.987    110.948   3.457736   3.457728    33.7600    33.7604     7.4133     7.4128     7.4029     7.4023     0.0000     0.0000     0.0794   100.1141    -0.0000     4.6728   41.82141    2.81974    122.692    26.3861    26.3865    1480.52          1      51668          3  0.000e+00
  430448858    109.944    110.904   3.457769   3.457689    33.7607    33.7602     7.4130     7.4126     7.4025     7.4021     0.0000     0.0000     0.0781   100.1665    -0.0001     4.6752   41.75685    2.81540    122.503    26.3867    26.3864    1480.52          1      51669          3  0.000e+00
  430448858    109.931    110.891   3.457742   3.457663    33.7600    33.7605     7.4134     7.4120     7.4029     7.4015     0.0000     0.0000     0.0794   100.2188    -0.0001     4.6777   41.74766    2.81476    122.476    26.3861    26.3867    1480.52          1      51670          3  0.000e+00
  430448858    109.944    110.904   3.457756   3.457631    33.7601    33.7611     7.4135     7.4111     7.4030     7.4006     0.0000     0.0000     0.0794   100.2188    -0.0001     4.6777   41.75059    2.81496    122.484    26.3862    26.3873    1480.52          1      51671          3  0.000e+00
  430448858    109.944    110.904   3.457756   3.457572    33.7599    33.7608     7.4137     7.4107     7.4032     7.4003     0.0000     0.0000     0.0781   100.2449    -0.0001     4.6789   41.80869    2.81886    122.654    26.3860    26.3871    1480.52          1      51672          3  0.000e+00
  430448858    109.944    110.904   3.457756   3.457579    33.7601    33.7609     7.4135     7.4107     7.4030     7.4003     0.0000     0.0000     0.0781   100.2188    -0.0001     4.6777   41.75634    2.81534    122.501    26.3862    26.3872    1480.52          1      51673          3  0.000e+00
  430448858    109.931    110.891   3.457762   3.457592    33.7601    33.7604     7.4135     7.4113     7.4031     7.4009     0.0000     0.0000     0.0781   100.2188    -0.0001     4.6777   41.82635    2.82006    122.706    26.3862    26.3867    1480.52          1      51674          3  0.000e+00
  430448859    109.944    110.904   3.457756   3.457566    33.7599    33.7599     7.4136     7.4115     7.4032     7.4011     0.0000     0.0000     0.0794   100.2188    -0.0001     4.6777   41.76255    2.81575    122.519    26.3860    26.3863    1480.52          1      51675          3  0.000e+00
  430448859    109.944    110.904   3.457775   3.457559    33.7601    33.7596     7.4137     7.4118     7.4032     7.4014     0.0000     0.0000     0.0794   100.2188    -0.0001     4.6777   41.74196    2.81436    122.458    26.3861    26.3860    1480.52          1      51676          3  0.000e+00
  430448859    109.931    110.891   3.457809   3.457559    33.7602    33.7594     7.4140     7.4120     7.4035     7.4016     0.0000     0.0000     0.0781   100.2188    -0.0001     4.6777   41.78754    2.81741    122.591    26.3862    26.3858    1480.52          1      51677          3  0.000e+00
  430448859    109.894    110.853   3.457802   3.457514    33.7598    33.7589     7.4143     7.4120     7.4039     7.4015     0.0000     0.0000     0.0794   100.2188    -0.0001     4.6777   41.71004    2.81217    122.363    26.3858    26.3855    1480.52          1      51678          3  0.000e+00
  430448859    109.894    110.853   3.457815   3.457501    33.7604    33.7590     7.4138     7.4118     7.4034     7.4014     0.0000     0.0000     0.0794   100.2188    -0.0001     4.6777   41.69954    2.81149    122.333    26.3864    26.3855    1480.52          1      51679          3  0.000e+00
  430448859    109.944    110.904   3.457822   3.457521    33.7604    33.7594     7.4139     7.4115     7.4034     7.4011     0.0000     0.0000     0.0781   100.2188    -0.0001     4.6777   41.68927    2.81079    122.303    26.3864    26.3859    1480.52          1      51680          3  0.000e+00
  430448859    109.931    110.891   3.457782   3.457527    33.7594    33.7595     7.4144     7.4115     7.4040     7.4011     0.0000     0.0000     0.0769   100.2188    -0.0001     4.6777   41.67863    2.81005    122.271    26.3855    26.3860    1480.52          1      51681          3  0.000e+00
  430448859    109.894    110.853   3.457782   3.457534    33.7589    33.7598     7.4150     7.4113     7.4045     7.4009     0.0000     0.0000     0.0757   100.2188    -0.0001     4.6777   41.74656    2.81461    122.469    26.3850    26.3862    1480.52          1      51682          3  0.000e+00
  430448859    109.894    110.853   3.457762   3.457553    33.7585    33.7603     7.4152     7.4111     7.4048     7.4006     0.0000     0.0000     0.0757   100.2188    -0.0001     4.6777   41.69274    2.81097    122.311    26.3846    26.3866    1480.53          1      51683          3  0.000e+00
  430448859    109.887    110.847   3.457756   3.457540    33.7582    33.7605     7.4154     7.4107     7.4050     7.4003     0.0000     0.0000     0.0769   100.2188    -0.0001     4.6777   41.69461    2.81109    122.316    26.3844    26.3869    1480.53          1      51684          3  0.000e+00
  430448859    109.894    110.853   3.457762   3.457527    33.7579    33.7600     7.4158     7.4110     7.4053     7.4006     0.0000     0.0000     0.0769   100.2188    -0.0001     4.6777   41.76374    2.81573    122.518    26.3841    26.3865    1480.53          1      51685          3  0.000e+00
  430448859    109.894    110.853   3.457809   3.457508    33.7583    33.7593     7.4159     7.4115     7.4054     7.4011     0.0000     0.0000     0.0769   100.2188    -0.0001     4.6777   41.77762    2.81666    122.558    26.3844    26.3858    1480.53          1      51686          3  0.000e+00
  430448859    109.894    110.853   3.457822   3.457540    33.7583    33.7597     7.4161     7.4115     7.4056     7.4011     0.0000     0.0000     0.0757   100.2188    -0.0001     4.6777   41.79149    2.81758    122.598    26.3844    26.3861    1480.53          1      51687          3  0.000e+00
  430448859    109.887    110.847   3.457802   3.457579    33.7581    33.7599     7.4160     7.4117     7.4056     7.4012     0.0000     0.0000     0.0769   100.2188    -0.0001     4.6777   41.73861    2.81402    122.444    26.3842    26.3863    1480.53          1      51688          3  0.000e+00
  430448859    109.894    110.853   3.457815   3.457566    33.7582    33.7598     7.4161     7.4117     7.4056     7.4013     0.0000     0.0000     0.0769   100.1926    -0.0001     4.6764   41.72954    2.81340    122.417    26.3843    26.3861    1480.53          1      51689          3  0.000e+00
  430449009     71.374     71.990   3.394791   3.394787    33.1949    33.1954     7.3105     7.3100     7.3039     7.3034     0.0000     0.0000     0.0781   100.2973    -0.0001     4.6813   62.76087    4.25723    185.318    25.9554    25.9559    1478.78          1      55280          4  0.000e+00
  430449009     71.349     71.965   3.394810   3.394787    33.1953    33.1951     7.3104     7.3104     7.3037     7.3037     0.0000     0.0000     0.0794   100.2973    -0.0001     4.6813   62.76496    4.25751    185.330    25.9558    25.9556    1478.78          1      55281          4  0.000e+00
  430449009     71.330     71.946   3.394810   3.394761    33.1950    33.1949     7.3107     7.3103     7.3041     7.3036     0.0000     0.0000     0.0794   100.2973    -0.0001     4.6813   62.77902    4.25845    185.371    25.9555    25.9554    1478.78          1      55282          4  0.000e+00
  430449009     71.374     71.990   3.394817   3.394755    33.1954    33.1951     7.3104     7.3100     7.3037     7.3034     0.0000     0.0000     0.0794   100.2973    -0.0001     4.6813   62.72588    4.25486    185.215    25.9558    25.9556    1478.78          1      55283          4  0.000e+00
  430449009     71.374     71.990   3.394837   3.394729    33.1956    33.1949     7.3104     7.3099     7.3037     7.3032     0.0000     0.0000     0.0781   100.2973    -0.0001     4.6813   62.72636    4.25489    185.216    25.9560    25.9555    1478.78          1      55284          4  0.000e+00
  430449009     71.392     72.009   3.394843   3.394742    33.1954    33.1949     7.3107     7.3100     7.3040     7.3034     0.0000     0.0000     0.0781   100.3234    -0.0001     4.6825   62.79236    4.25934    185.410    25.9557    25.9555    1478.78          1      55285          4  0.000e+00
  430449009     71.374     71.990   3.394817   3.394729    33.1952    33.1948     7.3105     7.3100     7.3039     7.3034     0.0000     0.0000     0.0781   100.3496    -0.0001     4.6838   62.78985    4.25919    185.403    25.9557    25.9554    1478.78          1      55286          4  0.000e+00
  430449009     71.374     71.990   3.394863   3.394722    33.1959    33.1950     7.3104     7.3097     7.3037     7.3031     0.0000     0.0000     0.0794   100.3496    -0.0001     4.6838   62.78559    4.25890    185.390    25.9562    25.9556    1478.78          1      55287          4  0.000e+00
  430449009     71.349     71.965   3.394850   3.394722    33.1955    33.1950     7.3107     7.3097     7.3041     7.3031     0.0000     0.0000     0.0794   100.3496    -0.0001     4.6838   62.79105    4.25925    185.406    25.9558    25.9556    1478.78          1      55288          4  0.000e+00
  430449009     71.423     72.040   3.394843   3.394697    33.1957    33.1949     7.3104     7.3095     7.3037     7.3028     0.0000     0.0000     0.0781   100.3496    -0.0001     4.6838   62.72961    4.25511    185.225    25.9560    25.9556    1478.78          1      55289          4  0.000e+00
  430449009     71.374     71.990   3.394843   3.394645    33.1954    33.1943     7.3107     7.3096     7.3041     7.3029     0.0000     0.0000     0.0781   100.3496    -0.0001     4.6838   62.72109    4.25451    185.199    25.9557    25.9551    1478.78          1      55290          4  0.000e+00
  430449009     71.423     72.040   3.394804   3.394671    33.1951    33.1946     7.3105     7.3096     7.3039     7.3029     0.0000     0.0000     0.0781   100.3496    -0.0001     4.6838   62.77886    4.25845    185.371    25.9555    25.9553    1478.78          1      55291          4  0.000e+00
  430449009     71.392     72.009   3.394804   3.394620    33.1949    33.1942     7.3107     7.3094     7.3040     7.3028     0.0000     0.0000     0.0794   100.3496    -0.0001     4.6838   62.77953    4.25848    185.372    25.9554    25.9550    1478.78          1      55292          4  0.000e+00
  430449009     71.423     72.040   3.394850   3.394620    33.1956    33.1942     7.3105     7.3094     7.3039     7.3028     0.0000     0.0000     0.0794   100.3496    -0.0001     4.6838   62.71296    4.25396    185.176    25.9559    25.9550    1478.78          1      55293          4  0.000e+00
