ROS/FK009A_CTD015_20130820.ros
* Sea-Bird SBE 9 Data File:
* FileName = C:\Falkor-Data-2013\FK009A\CTD\FK009A_CTD015_20130820.hex
* Software Version Seasave V 7.21f
* Temperature SN = 5483
* Conductivity SN = 3916
* Number of Bytes Per Scan = 41
* Number of Voltage Words = 4
* Number of Scans Averaged by the Deck Unit = 1
* NMEA Latitude = 48 25.88 N
* NMEA Longitude = 126 13.68 W
* NMEA UTC (Time) = Aug 20 2013 22:48:22
* NMEA baud rate = 4800
** Ship: RV Falkor
** Station: LC09
** Operator: CP
# nquan = 27
# nvalues = 637                                   
# units = specified
# name 0 = timeQ: Time, NMEA [seconds]
# name 1 = depSM: Depth [salt water, m]
# name 2 = prDM: Pressure, Digiquartz [db]
# name 3 = c0S/m: Conductivity [S/m]
# name 4 = c1S/m: Conductivity, 2 [S/m]
# name 5 = sal00: Salinity, Practical [PSU]
# name 6 = sal11: Salinity, Practical, 2 [PSU]
# name 7 = t090C: Temperature [ITS-90, deg C]
# name 8 = t190C: Temperature, 2 [ITS-90, deg C]
# name 9 = potemp090C: Potential Temperature [ITS-90, deg C]
# name 10 = potemp190C: Potential Temperature, 2 [ITS-90, deg C]
# name 11 = v2: Voltage 2
# name 12 = v3: Voltage 3
# name 13 = v0: Voltage 0
# name 14 = CStarTr0: Beam Transmission, WET Labs C-Star [%]
# name 15 = CStarAt0: Beam Attenuation, WET Labs C-Star [1/m]
# name 16 = v5: Voltage 5
# name 17 = sbeox0PS: Oxygen, SBE 43 [% saturation]
# name 18 = sbeox0ML/L: Oxygen, SBE 43 [ml/l]
# name 19 = sbeox0Mm/Kg: Oxygen, SBE 43 [umol/Kg]
# name 20 = sigma-é00: Density [sigma-theta, Kg/m^3]
# name 21 = sigma-é11: Density, 2 [sigma-theta, Kg/m^3]
# name 22 = svCM: Sound Velocity [Chen-Millero, m/s]
# name 23 = modError: Modulo Error Count
# name 24 = scan: Scan Count
# name 25 = nbf: Bottles Fired
# name 26 = flag:  0.000e+00
# interval = seconds: 0.0416667
# start_time = Aug 20 2013 22:48:23 [NMEA time, first data scan]
# bad_flag = -9.990e-29
*END*
[from data line 108]
  430355570    501.310    506.190   3.309390   3.309281    34.1050    34.1045     5.2086     5.2079     5.1678     5.1671     0.0000     0.0000     0.0781   100.3496    -0.0001     4.6838    8.75741    0.62007     26.966    26.9463    26.9460    1478.74          1      35226          3  0.000e+00
  430355570    501.297    506.178   3.309404   3.309294    34.1052    34.1047     5.2086     5.2078     5.1678     5.1670     0.0000     0.0000     0.0781   100.3496    -0.0001     4.6838    8.77318    0.62119     27.014    26.9464    26.9462    1478.74          1      35227          3  0.000e+00
  430355570    501.360    506.241   3.309371   3.309281    34.1051    34.1045     5.2083     5.2078     5.1674     5.1670     0.0000     0.0000     0.0769   100.3496    -0.0001     4.6838    8.77387    0.62124     27.017    26.9464    26.9460    1478.74          1      35228          3  0.000e+00
  430355570    501.266    506.146   3.309423   3.309275    34.1059    34.1046     5.2081     5.2078     5.1673     5.1669     0.0000     0.0000     0.0781   100.3496    -0.0001     4.6838    8.77377    0.62123     27.016    26.9471    26.9461    1478.74          1      35229          3  0.000e+00
  430355570    501.347    506.229   3.309390   3.309275    34.1055    34.1045     5.2081     5.2078     5.1673     5.1670     0.0000     0.0000     0.0781   100.3496    -0.0001     4.6838    8.77326    0.62120     27.015    26.9468    26.9460    1478.74          1      35230          3  0.000e+00
  430355570    501.310    506.190   3.309364   3.309275    34.1056    34.1047     5.2077     5.2077     5.1669     5.1668     0.0000     0.0000     0.0781   100.3496    -0.0001     4.6838    8.69888    0.61594     26.786    26.9469    26.9461    1478.74          1      35231          3  0.000e+00
  430355570    501.347    506.229   3.309397   3.309275    34.1057    34.1048     5.2080     5.2075     5.1671     5.1667     0.0000     0.0000     0.0781   100.3496    -0.0001     4.6838    8.69831    0.61589     26.784    26.9470    26.9463    1478.74          1      35232          3  0.000e+00
  430355571    501.266    506.146   3.309410   3.309275    34.1060    34.1049     5.2078     5.2075     5.1670     5.1666     0.0000     0.0000     0.0769   100.3496    -0.0001     4.6838    8.69822    0.61589     26.784    26.9472    26.9464    1478.74          1      35233          3  0.000e+00
  430355571    501.297    506.178   3.309397   3.309237    34.1059    34.1045     5.2078     5.2074     5.1670     5.1665     0.0000     0.0000     0.0781   100.3496    -0.0001     4.6838    8.75682    0.62004     26.964    26.9471    26.9461    1478.74          1      35234          3  0.000e+00
  430355571    501.266    506.146   3.309377   3.309186    34.1054    34.1045     5.2081     5.2069     5.1673     5.1660     0.0000     0.0000     0.0781   100.3496    -0.0001     4.6838    8.75618    0.61999     26.962    26.9467    26.9461    1478.74          1      35235          3  0.000e+00
  430355571    501.297    506.178   3.309390   3.309160    34.1054    34.1049     5.2083     5.2062     5.1675     5.1654     0.0000     0.0000     0.0781   100.3496    -0.0001     4.6838    8.68186    0.61473     26.733    26.9466    26.9465    1478.74          1      35236          3  0.000e+00
  430355571    501.215    506.095   3.309377   3.309129    34.1052    34.1050     5.2083     5.2058     5.1675     5.1649     0.0000     0.0000     0.0781   100.3496    -0.0001     4.6838    8.66599    0.61360     26.684    26.9465    26.9466    1478.74          1      35237          3  0.000e+00
  430355571    501.297    506.178   3.309397   3.309122    34.1052    34.1049     5.2085     5.2058     5.1677     5.1649     0.0000     0.0000     0.0769   100.3496    -0.0001     4.6838    8.65030    0.61249     26.636    26.9465    26.9465    1478.74          1      35238          3  0.000e+00
  430355571    501.215    506.095   3.309417   3.309148    34.1055    34.1053     5.2085     5.2056     5.1676     5.1648     0.0000     0.0000     0.0781   100.3496    -0.0001     4.6838    8.70756    0.61654     26.812    26.9467    26.9469    1478.74          1      35239          3  0.000e+00
  430355571    501.266    506.146   3.309436   3.309154    34.1054    34.1051     5.2088     5.2059     5.1679     5.1651     0.0000     0.0000     0.0781   100.3496    -0.0001     4.6838    8.70580    0.61641     26.807    26.9466    26.9467    1478.74          1      35240          3  0.000e+00
  430355571    501.203    506.082   3.309469   3.309154    34.1052    34.1048     5.2094     5.2062     5.1686     5.1654     0.0000     0.0000     0.0781   100.3496    -0.0001     4.6838    8.70328    0.61623     26.799    26.9464    26.9464    1478.75          1      35241          3  0.000e+00
  430355571    501.171    506.051   3.309495   3.309173    34.1053    34.1045     5.2096     5.2067     5.1687     5.1659     0.0000     0.0000     0.0781   100.3496    -0.0001     4.6838    8.62708    0.61083     26.564    26.9465    26.9462    1478.75          1      35242          3  0.000e+00
  430355571    501.203    506.082   3.309521   3.309249    34.1054    34.1047     5.2097     5.2074     5.1689     5.1665     0.0000     0.0000     0.0781   100.3496    -0.0001     4.6838    8.69782    0.61584     26.782    26.9465    26.9462    1478.75          1      35243          3  0.000e+00
  430355571    501.121    506.000   3.309515   3.309300    34.1056    34.1051     5.2096     5.2076     5.1687     5.1668     0.0000     0.0000     0.0781   100.3496    -0.0001     4.6838    8.70987    0.61669     26.819    26.9467    26.9465    1478.75          1      35244          3  0.000e+00
  430355571    501.159    506.038   3.309502   3.309326    34.1054    34.1047     5.2096     5.2083     5.1688     5.1675     0.0000     0.0000     0.0781   100.3496    -0.0001     4.6838    8.72205    0.61755     26.856    26.9465    26.9461    1478.75          1      35245          3  0.000e+00
  430355571    501.121    506.000   3.309541   3.309313    34.1054    34.1045     5.2100     5.2083     5.1692     5.1675     0.0000     0.0000     0.0781   100.3234    -0.0001     4.6825    8.80726    0.62358     27.118    26.9465    26.9460    1478.75          1      35246          3  0.000e+00
  430355571    501.109    505.987   3.309521   3.309326    34.1050    34.1046     5.2102     5.2084     5.1693     5.1676     0.0000     0.0000     0.0781   100.3234    -0.0001     4.6825    8.76021    0.62025     26.973    26.9462    26.9460    1478.75          1      35247          3  0.000e+00
  430355571    501.033    505.911   3.309547   3.309332    34.1055    34.1046     5.2100     5.2085     5.1692     5.1676     0.0000     0.0000     0.0769   100.3234    -0.0001     4.6825    8.77166    0.62106     27.009    26.9466    26.9460    1478.75          1      35248          3  0.000e+00
  430355571    501.077    505.955   3.309521   3.309294    34.1049    34.1040     5.2103     5.2086     5.1695     5.1678     0.0000     0.0000     0.0781   100.3234    -0.0001     4.6825    8.69493    0.61562     26.772    26.9460    26.9455    1478.75          1      35249          3  0.000e+00
  430355571    501.065    505.943   3.309502   3.309319    34.1051    34.1045     5.2099     5.2085     5.1691     5.1676     0.0000     0.0000     0.0781   100.3234    -0.0001     4.6825    8.67673    0.61434     26.717    26.9463    26.9459    1478.75          1      35250          3  0.000e+00
  430355571    500.983    505.860   3.309521   3.309294    34.1054    34.1044     5.2099     5.2083     5.1691     5.1674     0.0000     0.0000     0.0781   100.3234    -0.0001     4.6825    8.65843    0.61304     26.660    26.9465    26.9459    1478.74          1      35251          3  0.000e+00
  430355571    500.970    505.847   3.309488   3.309319    34.1051    34.1050     5.2098     5.2080     5.1690     5.1672     0.0000     0.0000     0.0781   100.3234    -0.0001     4.6825    8.71334    0.61694     26.829    26.9463    26.9464    1478.74          1      35252          3  0.000e+00
  430355571    500.939    505.816   3.309495   3.309307    34.1054    34.1046     5.2096     5.2083     5.1687     5.1675     0.0000     0.0000     0.0769   100.3496    -0.0001     4.6838    8.65111    0.61253     26.638    26.9465    26.9460    1478.74          1      35253          3  0.000e+00
  430355571    500.970    505.847   3.309501   3.309281    34.1053    34.1045     5.2097     5.2081     5.1689     5.1673     0.0000     0.0000     0.0781   100.3496    -0.0001     4.6838    8.57498    0.60714     26.403    26.9464    26.9459    1478.74          1      35254          3  0.000e+00
  430355571    500.889    505.765   3.309482   3.309319    34.1049    34.1047     5.2100     5.2083     5.1692     5.1675     0.0000     0.0000     0.0781   100.3234    -0.0001     4.6825    8.63163    0.61115     26.578    26.9460    26.9461    1478.74          1      35255          3  0.000e+00
  430355571    500.889    505.765   3.309541   3.309313    34.1055    34.1048     5.2100     5.2081     5.1692     5.1673     0.0000     0.0000     0.0781   100.3234    -0.0001     4.6825    8.70354    0.61624     26.799    26.9466    26.9462    1478.74          1      35256          3  0.000e+00
  430355572    500.876    505.752   3.309521   3.309351    34.1050    34.1051     5.2103     5.2083     5.1695     5.1675     0.0000     0.0000     0.0781   100.3234    -0.0001     4.6825    8.70170    0.61610     26.793    26.9461    26.9464    1478.74          1      35257          3  0.000e+00
  430355572    500.845    505.720   3.309521   3.309338    34.1052    34.1049     5.2102     5.2084     5.1694     5.1676     0.0000     0.0000     0.0781   100.3234    -0.0001     4.6825    8.69924    0.61593     26.786    26.9463    26.9462    1478.74          1      35258          3  0.000e+00
  430355572    500.832    505.708   3.309573   3.309313    34.1056    34.1047     5.2104     5.2083     5.1696     5.1675     0.0000     0.0000     0.0781   100.3234    -0.0001     4.6825    8.69619    0.61571     26.776    26.9465    26.9461    1478.74          1      35259          3  0.000e+00
  430355572    500.794    505.670   3.309534   3.309351    34.1050    34.1047     5.2105     5.2088     5.1697     5.1680     0.0000     0.0000     0.0781   100.3234    -0.0001     4.6825    8.69251    0.61545     26.765    26.9461    26.9460    1478.74          1      35260          3  0.000e+00
  430355572    500.782    505.657   3.309593   3.309345    34.1055    34.1043     5.2107     5.2090     5.1699     5.1683     0.0000     0.0000     0.0781   100.3234    -0.0001     4.6825    8.61512    0.60997     26.526    26.9465    26.9457    1478.74          1      35261          3  0.000e+00
  430355572    500.750    505.625   3.309619   3.309358    34.1054    34.1046     5.2111     5.2089     5.1703     5.1681     0.0000     0.0000     0.0781   100.3234    -0.0001     4.6825    8.59627    0.60863     26.468    26.9463    26.9459    1478.75          1      35262          3  0.000e+00
  430355572    500.738    505.612   3.309632   3.309364    34.1052    34.1044     5.2114     5.2093     5.1706     5.1685     0.0000     0.0000     0.0769   100.3234    -0.0001     4.6825    8.65056    0.61247     26.635    26.9461    26.9457    1478.75          1      35263          3  0.000e+00
  430355572    500.707    505.581   3.309645   3.309364    34.1052    34.1047     5.2116     5.2089     5.1708     5.1682     0.0000     0.0000     0.0781   100.3234    -0.0001     4.6825    8.66084    0.61319     26.667    26.9461    26.9460    1478.75          1      35264          3  0.000e+00
  430355826    401.563    405.374   3.342136   3.341892    34.0545    34.0537     5.6769     5.6750     5.6431     5.6412     0.0000     0.0000     0.0781   100.3234    -0.0001     4.6825   12.71031    0.89037     38.724    26.8497    26.8493    1478.91          1      41348          4  0.000e+00
  430355826    401.563    405.374   3.342123   3.341905    34.0544    34.0535     5.6769     5.6753     5.6431     5.6415     0.0000     0.0000     0.0781   100.3234    -0.0001     4.6825   12.73040    0.89178     38.785    26.8497    26.8491    1478.91          1      41349          4  0.000e+00
  430355826    401.613    405.425   3.342104   3.341886    34.0542    34.0535     5.6768     5.6751     5.6430     5.6413     0.0000     0.0000     0.0781   100.3234    -0.0001     4.6825   12.66475    0.88718     38.585    26.8495    26.8491    1478.91          1      41350          4  0.000e+00
  430355826    401.613    405.425   3.342104   3.341905    34.0541    34.0535     5.6769     5.6753     5.6431     5.6415     0.0000     0.0000     0.0781   100.3234    -0.0001     4.6825   12.67106    0.88762     38.605    26.8494    26.8491    1478.91          1      41351          4  0.000e+00
  430355826    401.613    405.425   3.342136   3.341886    34.0546    34.0533     5.6768     5.6753     5.6430     5.6415     0.0000     0.0012     0.0781   100.3234    -0.0001     4.6825   12.66361    0.88710     38.582    26.8498    26.8489    1478.91          1      41352          4  0.000e+00
  430355826    401.600    405.412   3.342136   3.341924    34.0544    34.0537     5.6771     5.6753     5.6432     5.6415     0.0000     0.0000     0.0781   100.3234    -0.0001     4.6825   12.65612    0.88657     38.559    26.8496    26.8493    1478.91          1      41353          4  0.000e+00
  430355826    401.613    405.425   3.342123   3.341963    34.0546    34.0537     5.6767     5.6758     5.6428     5.6419     0.0000     0.0000     0.0781   100.3234    -0.0001     4.6825   12.64870    0.88606     38.537    26.8498    26.8492    1478.91          1      41354          4  0.000e+00
  430355826    401.613    405.425   3.342104   3.341969    34.0542    34.0541     5.6768     5.6755     5.6430     5.6417     0.0000     0.0000     0.0781   100.3234    -0.0001     4.6825   12.72705    0.89154     38.775    26.8495    26.8495    1478.91          1      41355          4  0.000e+00
  430355826    401.657    405.469   3.342117   3.341950    34.0544    34.0533     5.6768     5.6760     5.6430     5.6421     0.0000     0.0000     0.0781   100.3234    -0.0001     4.6825   12.67631    0.88799     38.621    26.8496    26.8489    1478.91          1      41356          4  0.000e+00
  430355826    401.563    405.374   3.342130   3.341963    34.0545    34.0539     5.6769     5.6757     5.6431     5.6418     0.0000     0.0000     0.0781   100.3234    -0.0001     4.6825   12.74074    0.89250     38.817    26.8497    26.8494    1478.91          1      41357          4  0.000e+00
  430355826    401.657    405.469   3.342156   3.341969    34.0545    34.0536     5.6771     5.6759     5.6433     5.6421     0.0000     0.0000     0.0781   100.3234    -0.0001     4.6825   12.67573    0.88794     38.619    26.8497    26.8491    1478.91          1      41358          4  0.000e+00
  430355826    401.613    405.425   3.342150   3.341943    34.0545    34.0536     5.6771     5.6757     5.6433     5.6418     0.0000     0.0000     0.0781   100.3234    -0.0001     4.6825   12.73967    0.89242     38.813    26.8497    26.8492    1478.91          1      41359          4  0.000e+00
  430355826    401.600    405.412   3.342136   3.341899    34.0543    34.0531     5.6771     5.6757     5.6433     5.6418     0.0000     0.0000     0.0781   100.3234    -0.0001     4.6825   12.74539    0.89282     38.831    26.8496    26.8488    1478.91          1      41360          4  0.000e+00
  430355826    401.657    405.469   3.342169   3.341924    34.0547    34.0534     5.6771     5.6756     5.6433     5.6418     0.0000     0.0000     0.0769   100.3234    -0.0001     4.6825   12.76499    0.89419     38.890    26.8498    26.8490    1478.91          1      41361          4  0.000e+00
