ROS/FK009A_CTD007_20130820.ros
* Sea-Bird SBE 9 Data File:
* FileName = C:\Falkor-Data-2013\FK009A\CTD\FK009A_CTD007_20130820.hex
* Software Version Seasave V 7.21f
* Temperature SN = 5483
* Conductivity SN = 3916
* Number of Bytes Per Scan = 41
* Number of Voltage Words = 4
* Number of Scans Averaged by the Deck Unit = 1
* NMEA Latitude = 48 22.51 N
* NMEA Longitude = 125 56.25 W
* NMEA UTC (Time) = Aug 20 2013 01:53:03
* NMEA baud rate = 4800
** Ship:
** Station: BCC3
** Operator:
# nquan = 27
# nvalues = 637                                   
# units = specified
# name 0 = timeQ: Time, NMEA [seconds]
# name 1 = depSM: Depth [salt water, m]
# name 2 = prDM: Pressure, Digiquartz [db]
# name 3 = c0S/m: Conductivity [S/m]
# name 4 = c1S/m: Conductivity, 2 [S/m]
# name 5 = sal00: Salinity, Practical [PSU]
# name 6 = sal11: Salinity, Practical, 2 [PSU]
# name 7 = t090C: Temperature [ITS-90, deg C]
# name 8 = t190C: Temperature, 2 [ITS-90, deg C]
# name 9 = potemp090C: Potential Temperature [ITS-90, deg C]
# name 10 = potemp190C: Potential Temperature, 2 [ITS-90, deg C]
# name 11 = v2: Voltage 2
# name 12 = v3: Voltage 3
# name 13 = v0: Voltage 0
# name 14 = CStarTr0: Beam Transmission, WET Labs C-Star [%]
# name 15 = CStarAt0: Beam Attenuation, WET Labs C-Star [1/m]
# name 16 = v5: Voltage 5
# name 17 = sbeox0PS: Oxygen, SBE 43 [% saturation]
# name 18 = sbeox0ML/L: Oxygen, SBE 43 [ml/l]
# name 19 = sbeox0Mm/Kg: Oxygen, SBE 43 [umol/Kg]
# name 20 = sigma-é00: Density [sigma-theta, Kg/m^3]
# name 21 = sigma-é11: Density, 2 [sigma-theta, Kg/m^3]
# name 22 = svCM: Sound Velocity [Chen-Millero, m/s]
# name 23 = modError: Modulo Error Count
# name 24 = scan: Scan Count
# name 25 = nbf: Bottles Fired
# name 26 = flag:  0.000e+00
# interval = seconds: 0.0416667
# start_time = Aug 20 2013 01:53:03 [NMEA time, first data scan]
# bad_flag = -9.990e-29
*END*
[from data line 269]
  430280762    201.107    202.915   3.403027   3.402766    33.9572    33.9560     6.5568     6.5551     6.5388     6.5371     2.7534     0.8010     0.0781    99.5386     0.0002     4.6459   20.86720    1.43301     62.336    26.6593    26.6585    1478.95          0      47486          6  0.000e+00
  430280762    201.032    202.839   3.403007   3.402760    33.9569    33.9557     6.5570     6.5553     6.5390     6.5374     2.7546     0.8010     0.0769    99.5125     0.0002     4.6447   20.86905    1.43314     62.342    26.6590    26.6583    1478.95          0      47487          6  0.000e+00
  430280762    201.107    202.915   3.403020   3.402753    33.9570    33.9557     6.5570     6.5553     6.5390     6.5373     2.7546     0.8010     0.0781    99.5125     0.0002     4.6447   20.87131    1.43329     62.349    26.6591    26.6583    1478.95          0      47488          6  0.000e+00
  430280762    201.082    202.890   3.403046   3.402753    33.9571    33.9555     6.5571     6.5555     6.5391     6.5375     2.7546     0.8010     0.0769    99.5125     0.0002     4.6447   20.86044    1.43254     62.316    26.6592    26.6581    1478.95          0      47489          6  0.000e+00
  430280762    201.082    202.890   3.403033   3.402798    33.9570    33.9557     6.5571     6.5558     6.5391     6.5378     2.7534     0.8010     0.0781    99.5386     0.0002     4.6459   20.84912    1.43176     62.282    26.6590    26.6582    1478.95          0      47490          6  0.000e+00
  430280762    201.063    202.871   3.403027   3.402792    33.9567    33.9556     6.5573     6.5559     6.5393     6.5379     2.7534     0.8010     0.0781    99.5648     0.0002     4.6471   20.91846    1.43652     62.489    26.6588    26.6581    1478.95          0      47491          6  0.000e+00
  430280762    201.032    202.840   3.403046   3.402785    33.9570    33.9554     6.5573     6.5559     6.5393     6.5379     2.7534     0.8010     0.0781    99.5386     0.0002     4.6459   20.93123    1.43739     62.527    26.6590    26.6580    1478.95          0      47492          6  0.000e+00
  430280762    201.082    202.890   3.403020   3.402805    33.9567    33.9552     6.5573     6.5563     6.5393     6.5383     2.7534     0.8022     0.0781    99.5386     0.0002     4.6459   20.87535    1.43356     62.360    26.6588    26.6578    1478.95          0      47493          6  0.000e+00
  430280762    201.063    202.871   3.403000   3.402837    33.9566    33.9554     6.5571     6.5565     6.5391     6.5385     2.7534     0.8022     0.0769    99.5648     0.0002     4.6471   20.87530    1.43356     62.360    26.6588    26.6579    1478.95          0      47494          6  0.000e+00
  430280762    201.032    202.840   3.403000   3.402824    33.9566    33.9555     6.5571     6.5563     6.5391     6.5383     2.7534     0.8022     0.0781    99.5386     0.0002     4.6459   20.87522    1.43356     62.360    26.6588    26.6580    1478.95          0      47495          6  0.000e+00
  430280762    201.032    202.840   3.403020   3.402837    33.9570    33.9556     6.5570     6.5564     6.5390     6.5384     2.7534     0.8010     0.0781    99.5648     0.0002     4.6471   20.94359    1.43825     62.565    26.6591    26.6580    1478.95          0      47496          6  0.000e+00
  430280763    201.063    202.871   3.403007   3.402850    33.9568    33.9557     6.5570     6.5563     6.5390     6.5383     2.7534     0.8010     0.0781    99.5386     0.0002     4.6459   20.95551    1.43907     62.600    26.6590    26.6582    1478.95          0      47497          6  0.000e+00
  430280763    201.032    202.840   3.403000   3.402850    33.9569    33.9558     6.5568     6.5562     6.5388     6.5382     2.7534     0.8022     0.0769    99.5648     0.0002     4.6471   20.88552    1.43427     62.391    26.6591    26.6583    1478.95          0      47498          6  0.000e+00
  430280763    200.988    202.795   3.403000   3.402850    33.9566    33.9559     6.5571     6.5562     6.5391     6.5382     2.7534     0.8010     0.0781    99.5386     0.0002     4.6459   20.87098    1.43327     62.348    26.6588    26.6583    1478.95          0      47499          6  0.000e+00
  430280763    201.013    202.821   3.403020   3.402850    33.9570    33.9556     6.5570     6.5565     6.5390     6.5385     2.7534     0.8010     0.0781    99.5386     0.0002     4.6459   20.85614    1.43225     62.303    26.6591    26.6581    1478.95          0      47500          6  0.000e+00
  430280763    201.032    202.840   3.403027   3.402805    33.9569    33.9553     6.5571     6.5562     6.5391     6.5382     2.7534     0.8010     0.0781    99.5648     0.0002     4.6471   20.84076    1.43119     62.257    26.6590    26.6579    1478.95          0      47501          6  0.000e+00
  430280763    200.988    202.795   3.403027   3.402830    33.9571    33.9559     6.5570     6.5560     6.5390     6.5380     2.7546     0.8010     0.0781    99.5648     0.0002     4.6471   20.83756    1.43097     62.248    26.6592    26.6583    1478.95          0      47502          6  0.000e+00
  430280763    200.969    202.776   3.403027   3.402850    33.9569    33.9559     6.5571     6.5562     6.5391     6.5382     2.7546     0.8010     0.0781    99.5386     0.0002     4.6459   20.83441    1.43075     62.238    26.6590    26.6583    1478.95          0      47503          6  0.000e+00
  430280763    200.988    202.795   3.403027   3.402824    33.9567    33.9556     6.5574     6.5562     6.5394     6.5382     2.7546     0.8010     0.0781    99.5386     0.0002     4.6459   20.83137    1.43054     62.229    26.6588    26.6581    1478.95          0      47504          6  0.000e+00
  430280763    200.938    202.745   3.403007   3.402837    33.9567    33.9558     6.5571     6.5562     6.5391     6.5382     2.7546     0.8010     0.0781    99.5386     0.0002     4.6459   20.81530    1.42944     62.181    26.6589    26.6582    1478.95          0      47505          6  0.000e+00
  430280763    200.969    202.776   3.403000   3.402850    33.9565    33.9559     6.5573     6.5562     6.5393     6.5382     2.7546     0.8010     0.0781    99.5386     0.0002     4.6459   20.81178    1.42920     62.171    26.6586    26.6584    1478.95          0      47506          6  0.000e+00
  430280763    200.988    202.795   3.402974   3.402798    33.9567    33.9555     6.5568     6.5561     6.5388     6.5381     2.7534     0.8022     0.0781    99.5386     0.0002     4.6459   20.79539    1.42809     62.122    26.6589    26.6580    1478.95          0      47507          6  0.000e+00
  430280763    200.894    202.701   3.402987   3.402805    33.9570    33.9555     6.5566     6.5562     6.5387     6.5382     2.7534     0.8010     0.0781    99.5648     0.0002     4.6471   20.79103    1.42779     62.109    26.6592    26.6580    1478.95          0      47508          6  0.000e+00
  430280763    200.925    202.732   3.402961   3.402792    33.9567    33.9556     6.5566     6.5559     6.5387     6.5379     2.7546     0.8010     0.0794    99.5386     0.0002     4.6459   20.78700    1.42751     62.097    26.6589    26.6581    1478.95          0      47509          6  0.000e+00
  430280763    200.894    202.701   3.402934   3.402785    33.9564    33.9553     6.5566     6.5562     6.5387     6.5382     2.7534     0.8010     0.0781    99.5125     0.0002     4.6447   20.78280    1.42723     62.085    26.6587    26.6578    1478.95          0      47510          6  0.000e+00
  430280905    174.519    176.077   3.406607   3.406405    33.9415    33.9395     6.6259     6.6257     6.6103     6.6100     2.5678     0.8071     0.0794    99.9310     0.0000     4.6642   25.48652    1.74762     76.024    26.6374    26.6359    1478.76          0      50921          7  0.000e+00
  430280905    174.563    176.121   3.406574   3.406405    33.9415    33.9390     6.6256     6.6262     6.6099     6.6105     2.5678     0.8071     0.0794    99.9310     0.0000     4.6642   25.51769    1.74977     76.117    26.6375    26.6354    1478.76          0      50922          7  0.000e+00
  430280905    174.607    176.166   3.406567   3.406424    33.9418    33.9396     6.6251     6.6257     6.6095     6.6101     2.5678     0.8059     0.0781    99.9049     0.0000     4.6630   25.54835    1.75189     76.209    26.6378    26.6360    1478.76          0      50923          7  0.000e+00
  430280905    174.607    176.166   3.406547   3.406411    33.9421    33.9399     6.6246     6.6253     6.6090     6.6096     2.5678     0.8071     0.0781    99.9049     0.0000     4.6630   25.57836    1.75396     76.300    26.6381    26.6363    1478.76          0      50924          7  0.000e+00
  430280905    174.607    176.166   3.406561   3.406379    33.9417    33.9400     6.6251     6.6249     6.6095     6.6092     2.5678     0.8071     0.0781    99.9049     0.0000     4.6630   25.60781    1.75597     76.387    26.6377    26.6364    1478.76          0      50925          7  0.000e+00
  430280905    174.657    176.216   3.406613   3.406392    33.9418    33.9401     6.6256     6.6249     6.6099     6.6092     2.5678     0.8071     0.0781    99.9049     0.0000     4.6630   25.69222    1.76173     76.638    26.6377    26.6365    1478.76          0      50926          7  0.000e+00
  430280905    174.657    176.216   3.406580   3.406411    33.9413    33.9400     6.6258     6.6252     6.6101     6.6095     2.5678     0.8059     0.0781    99.9049     0.0000     4.6630   25.71914    1.76358     76.718    26.6373    26.6363    1478.76          0      50927          7  0.000e+00
  430280905    174.751    176.311   3.406587   3.406379    33.9408    33.9399     6.6263     6.6249     6.6106     6.6092     2.5678     0.8071     0.0781    99.9049     0.0000     4.6630   25.74484    1.76533     76.794    26.6369    26.6364    1478.77          0      50928          7  0.000e+00
  430280905    174.751    176.311   3.406640   3.406373    33.9413    33.9403     6.6264     6.6244     6.6107     6.6088     2.5678     0.8059     0.0781    99.9049     0.0000     4.6630   25.78141    1.76782     76.903    26.6372    26.6367    1478.77          0      50929          7  0.000e+00
  430280905    174.794    176.355   3.406640   3.406354    33.9409    33.9404     6.6268     6.6241     6.6111     6.6084     2.5678     0.8059     0.0781    99.9049     0.0000     4.6630   25.80441    1.76939     76.971    26.6369    26.6368    1478.77          0      50930          7  0.000e+00
  430280905    174.794    176.355   3.406653   3.406296    33.9408    33.9409     6.6270     6.6229     6.6113     6.6072     2.5678     0.8059     0.0781    99.9049     0.0000     4.6630   25.88104    1.77464     77.199    26.6368    26.6374    1478.77          0      50931          7  0.000e+00
  430280905    174.838    176.399   3.406660   3.406283    33.9404    33.9413     6.6275     6.6224     6.6118     6.6067     2.5678     0.8071     0.0781    99.9049     0.0000     4.6630   25.89945    1.77588     77.253    26.6364    26.6378    1478.77          0      50932          7  0.000e+00
  430280905    174.888    176.450   3.406680   3.406328    33.9402    33.9405     6.6278     6.6237     6.6121     6.6080     2.5678     0.8059     0.0781    99.9049     0.0000     4.6630   25.91535    1.77696     77.300    26.6362    26.6370    1478.78          0      50933          7  0.000e+00
  430280905    174.932    176.494   3.406713   3.406347    33.9404    33.9398     6.6280     6.6245     6.6123     6.6088     2.5678     0.8071     0.0781    99.9049     0.0000     4.6630   25.92870    1.77787     77.340    26.6363    26.6363    1478.78          0      50934          7  0.000e+00
  430280906    174.932    176.494   3.406699   3.406367    33.9405    33.9395     6.6278     6.6251     6.6121     6.6094     2.5678     0.8071     0.0781    99.9049     0.0000     4.6630   25.93939    1.77861     77.372    26.6364    26.6360    1478.78          0      50935          7  0.000e+00
  430280906    174.976    176.538   3.406713   3.406373    33.9411    33.9402     6.6273     6.6244     6.6116     6.6087     2.5678     0.8059     0.0781    99.9049     0.0000     4.6630   26.02842    1.78473     77.638    26.6369    26.6366    1478.78          0      50936          7  0.000e+00
  430280906    175.032    176.595   3.406653   3.406354    33.9408    33.9410     6.6269     6.6234     6.6112     6.6077     2.5678     0.8059     0.0781    99.9049     0.0000     4.6630   26.05914    1.78685     77.730    26.6368    26.6374    1478.77          0      50937          7  0.000e+00
  430280906    175.069    176.632   3.406561   3.406347    33.9412    33.9412     6.6255     6.6230     6.6097     6.6073     2.5678     0.8059     0.0781    99.9049     0.0000     4.6630   26.08734    1.78884     77.817    26.6373    26.6376    1478.77          0      50938          7  0.000e+00
  430280906    175.069    176.632   3.406514   3.406367    33.9426    33.9407     6.6236     6.6238     6.6078     6.6081     2.5678     0.8059     0.0781    99.9049     0.0000     4.6630   26.18092    1.79532     78.099    26.6386    26.6371    1478.76          0      50939          7  0.000e+00
  430280906    175.119    176.683   3.406481   3.406392    33.9430    33.9402     6.6228     6.6245     6.6070     6.6088     2.5678     0.8059     0.0781    99.9049     0.0000     4.6630   26.14770    1.79307     78.001    26.6390    26.6366    1478.76          0      50940          7  0.000e+00
  430280906    175.163    176.727   3.406455   3.406386    33.9423    33.9401     6.6231     6.6246     6.6074     6.6089     2.5678     0.8071     0.0781    99.9049     0.0000     4.6630   26.15495    1.79356     78.022    26.6385    26.6365    1478.76          0      50941          7  0.000e+00
  430280906    175.257    176.822   3.406468   3.406399    33.9424    33.9397     6.6231     6.6251     6.6073     6.6093     2.5678     0.8059     0.0769    99.9049     0.0000     4.6630   26.22736    1.79853     78.238    26.6386    26.6362    1478.77          0      50942          7  0.000e+00
  430280906    175.207    176.771   3.406475   3.406379    33.9437    33.9397     6.6219     6.6249     6.6062     6.6091     2.5678     0.8071     0.0781    99.9049     0.0000     4.6630   26.25270    1.80030     78.315    26.6397    26.6362    1478.76          0      50943          7  0.000e+00
  430280906    175.301    176.866   3.406356   3.406373    33.9440    33.9399     6.6202     6.6246     6.6045     6.6089     2.5678     0.8059     0.0781    99.9049     0.0000     4.6630   26.27554    1.80193     78.386    26.6402    26.6363    1478.76          0      50944          7  0.000e+00
  430280906    175.301    176.866   3.406343   3.406354    33.9447    33.9400     6.6194     6.6243     6.6037     6.6085     2.5678     0.8071     0.0781    99.8787     0.0000     4.6618   26.28222    1.80242     78.407    26.6408    26.6365    1478.75          0      50945          7  0.000e+00
  430280906    175.351    176.916   3.406376   3.406367    33.9450    33.9402     6.6194     6.6241     6.6037     6.6084     2.5690     0.8059     0.0781    99.8787     0.0000     4.6618   26.28545    1.80263     78.416    26.6411    26.6367    1478.76          0      50946          7  0.000e+00
  430280906    175.394    176.961   3.406382   3.406328    33.9441    33.9400     6.6204     6.6239     6.6046     6.6082     2.5678     0.8059     0.0769    99.8787     0.0000     4.6618   26.28501    1.80257     78.414    26.6402    26.6365    1478.76          0      50947          7  0.000e+00
  430280906    175.438    177.005   3.406362   3.406289    33.9442    33.9398     6.6201     6.6237     6.6043     6.6079     2.5690     0.8071     0.0781    99.8787     0.0000     4.6618   26.36186    1.80786     78.644    26.6403    26.6364    1478.76          0      50948          7  0.000e+00
