ROS/FK009A_CTD028_20130823.ros
* Sea-Bird SBE 9 Data File:
* FileName = C:\Falkor-Data-2013\FK009A\CTD\FK009A_CTD028_20130823.hex
* Software Version Seasave V 7.21f
* Temperature SN = 5483
* Conductivity SN = 3916
* Number of Bytes Per Scan = 41
* Number of Voltage Words = 4
* Number of Scans Averaged by the Deck Unit = 1
* NMEA Latitude = 48 14.70 N
* NMEA Longitude = 125 01.21 W
* NMEA UTC (Time) = Aug 23 2013 19:59:51
* NMEA baud rate = 4800
** Ship: RV Falkor
** Station: RD04
** Operator: CPeazy
# nquan = 27
# nvalues = 686                                   
# units = specified
# name 0 = timeQ: Time, NMEA [seconds]
# name 1 = depSM: Depth [salt water, m]
# name 2 = prDM: Pressure, Digiquartz [db]
# name 3 = c0S/m: Conductivity [S/m]
# name 4 = c1S/m: Conductivity, 2 [S/m]
# name 5 = sal00: Salinity, Practical [PSU]
# name 6 = sal11: Salinity, Practical, 2 [PSU]
# name 7 = t090C: Temperature [ITS-90, deg C]
# name 8 = t190C: Temperature, 2 [ITS-90, deg C]
# name 9 = potemp090C: Potential Temperature [ITS-90, deg C]
# name 10 = potemp190C: Potential Temperature, 2 [ITS-90, deg C]
# name 11 = v2: Voltage 2
# name 12 = v3: Voltage 3
# name 13 = v0: Voltage 0
# name 14 = CStarTr0: Beam Transmission, WET Labs C-Star [%]
# name 15 = CStarAt0: Beam Attenuation, WET Labs C-Star [1/m]
# name 16 = v5: Voltage 5
# name 17 = sbeox0PS: Oxygen, SBE 43 [% saturation]
# name 18 = sbeox0ML/L: Oxygen, SBE 43 [ml/l]
# name 19 = sbeox0Mm/Kg: Oxygen, SBE 43 [umol/Kg]
# name 20 = sigma-é00: Density [sigma-theta, Kg/m^3]
# name 21 = sigma-é11: Density, 2 [sigma-theta, Kg/m^3]
# name 22 = svCM: Sound Velocity [Chen-Millero, m/s]
# name 23 = modError: Modulo Error Count
# name 24 = scan: Scan Count
# name 25 = nbf: Bottles Fired
# name 26 = flag:  0.000e+00
# interval = seconds: 0.0416667
# start_time = Aug 23 2013 19:59:51 [NMEA time, first data scan]
# bad_flag = -9.990e-29
*END*
  430603913    348.295    351.549   3.404907   3.404655    33.9614    33.9604     6.5002     6.4984     6.4688     6.4670     0.0000     0.0000     0.0781    95.9285     0.0017     4.4774   19.86362    1.36584     59.414    26.6718    26.6713    1481.18          0      17320          1  0.000e+00
  430603913    348.295    351.549   3.283557   3.404649    32.6203    33.9602     6.5001     6.4985     6.4695     6.4671     0.0000     0.0000     0.0781    95.8239     0.0017     4.4725   19.80266    1.37377     59.820    25.6138    26.6711    1479.49          0      17321          1  0.000e+00
  430603913    348.338    351.593   3.364692   3.404623    33.5160    33.9597     6.5003     6.4987     6.4692     6.4673     0.0000     0.0000     0.0794    95.7716     0.0017     4.4701   19.79952    1.36544     59.417    26.3203    26.6706    1480.62          0      17322          1  0.000e+00
  430603913    348.295    351.549   3.404920   3.404636    33.9614    33.9602     6.5004     6.4984     6.4690     6.4670     0.0000     0.0000     0.0794    95.7716     0.0017     4.4701   19.79670    1.36124     59.213    26.6718    26.6711    1481.18          0      17323          1  0.000e+00
  430603913    348.295    351.549   3.404880   3.404668    33.9610    33.9604     6.5003     6.4985     6.4689     6.4671     0.0000     0.0000     0.0794    95.7716     0.0017     4.4701   19.79454    1.36109     59.207    26.6715    26.6712    1481.18          0      17324          1  0.000e+00
  430603913    348.295    351.549   3.404887   3.404655    33.9614    33.9601     6.5000     6.4987     6.4686     6.4673     0.0000     0.0000     0.0781    95.7977     0.0017     4.4713   19.86310    1.36581     59.413    26.6718    26.6710    1481.18          0      17325          1  0.000e+00
  430603913    348.244    351.498   3.404920   3.404668    33.9615    33.9602     6.5003     6.4987     6.4689     6.4673     0.0000     0.0000     0.0781    95.7977     0.0017     4.4713   19.86079    1.36564     59.405    26.6718    26.6711    1481.18          0      17326          1  0.000e+00
  430603913    348.345    351.599   3.404854   3.404681    33.9606    33.9605     6.5004     6.4985     6.4690     6.4671     0.0000     0.0000     0.0781    95.7977     0.0017     4.4713   19.87188    1.36641     59.439    26.6712    26.6713    1481.18          0      17327          1  0.000e+00
  430603913    348.295    351.549   3.404880   3.404655    33.9608    33.9603     6.5005     6.4985     6.4691     6.4671     0.0000     0.0000     0.0794    95.7977     0.0017     4.4713   19.81241    1.36232     59.261    26.6713    26.6711    1481.18          0      17328          1  0.000e+00
  430603913    348.345    351.599   3.404900   3.404668    33.9610    33.9602     6.5005     6.4987     6.4691     6.4673     0.0000     0.0000     0.0794    95.7977     0.0017     4.4713   19.81092    1.36221     59.256    26.6715    26.6710    1481.18          0      17329          1  0.000e+00
  430603913    348.295    351.549   3.404900   3.404700    33.9612    33.9609     6.5004     6.4984     6.4690     6.4670     0.0000     0.0000     0.0781    95.7977     0.0017     4.4713   19.80971    1.36213     59.252    26.6716    26.6716    1481.18          0      17330          1  0.000e+00
  430603913    348.345    351.599   3.404900   3.404662    33.9609    33.9602     6.5006     6.4987     6.4692     6.4673     0.0000     0.0000     0.0781    95.7977     0.0017     4.4713   19.86592    1.36599     59.420    26.6713    26.6710    1481.18          0      17331          1  0.000e+00
  430603913    348.338    351.593   3.404874   3.404668    33.9609    33.9602     6.5003     6.4987     6.4689     6.4673     0.0000     0.0000     0.0794    95.7977     0.0017     4.4713   19.80766    1.36200     59.247    26.6714    26.6710    1481.18          0      17332          1  0.000e+00
  430603913    348.389    351.644   3.404867   3.404681    33.9606    33.9600     6.5005     6.4990     6.4691     6.4676     0.0000     0.0000     0.0794    95.7977     0.0017     4.4713   19.87741    1.36679     59.455    26.6711    26.6708    1481.18          0      17333          1  0.000e+00
  430603913    348.389    351.644   3.404887   3.404668    33.9610    33.9602     6.5003     6.4987     6.4689     6.4673     0.0000     0.0000     0.0781    95.7977     0.0017     4.4713   19.87634    1.36672     59.452    26.6715    26.6710    1481.18          0      17334          1  0.000e+00
  430603913    348.345    351.599   3.404874   3.404675    33.9609    33.9603     6.5003     6.4987     6.4689     6.4673     0.0000     0.0000     0.0781    95.7977     0.0017     4.4713   19.87460    1.36660     59.447    26.6714    26.6711    1481.18          0      17335          1  0.000e+00
  430603913    348.389    351.644   3.404887   3.404681    33.9609    33.9607     6.5005     6.4984     6.4691     6.4670     0.0000     0.0000     0.0794    95.7977     0.0017     4.4713   19.81591    1.36256     59.271    26.6713    26.6714    1481.18          0      17336          1  0.000e+00
  430603913    348.439    351.694   3.404900   3.404700    33.9613    33.9605     6.5002     6.4987     6.4688     6.4673     0.0000     0.0000     0.0794    95.7977     0.0017     4.4713   19.80143    1.36157     59.228    26.6717    26.6713    1481.18          0      17337          1  0.000e+00
  430603913    348.483    351.739   3.404900   3.404688    33.9608    33.9602     6.5006     6.4988     6.4692     6.4674     0.0000     0.0000     0.0781    95.7977     0.0017     4.4713   19.85708    1.36538     59.394    26.6713    26.6710    1481.18          0      17338          1  0.000e+00
  430603914    348.439    351.694   3.404900   3.404700    33.9612    33.9603     6.5003     6.4989     6.4689     6.4675     0.0000     0.0000     0.0794    95.7977     0.0017     4.4713   19.78464    1.36041     59.178    26.6716    26.6711    1481.18          0      17339          1  0.000e+00
  430603914    348.526    351.783   3.404900   3.404713    33.9609    33.9606     6.5005     6.4987     6.4691     6.4673     0.0000     0.0000     0.0781    95.7716     0.0017     4.4701   19.76970    1.35938     59.133    26.6713    26.6713    1481.18          0      17340          1  0.000e+00
  430603914    348.533    351.789   3.404900   3.404688    33.9608    33.9600     6.5006     6.4990     6.4692     6.4676     0.0000     0.0000     0.0781    95.7716     0.0017     4.4701   19.76808    1.35927     59.128    26.6712    26.6708    1481.18          0      17341          1  0.000e+00
  430603914    348.483    351.739   3.404920   3.404681    33.9610    33.9600     6.5006     6.4990     6.4692     6.4676     0.0000     0.0000     0.0794    95.7454     0.0017     4.4689   19.76687    1.35918     59.124    26.6714    26.6708    1481.18          0      17342          1  0.000e+00
  430603914    348.577    351.834   3.404907   3.404700    33.9608    33.9601     6.5007     6.4990     6.4693     6.4676     0.0000     0.0000     0.0781    95.7454     0.0017     4.4689   19.69640    1.35433     58.913    26.6712    26.6709    1481.18          0      17343          1  0.000e+00
  430603914    348.570    351.827   3.404900   3.404713    33.9604    33.9598     6.5009     6.4995     6.4695     6.4681     0.0000     0.0000     0.0781    95.7454     0.0017     4.4689   19.75409    1.35830     59.086    26.6709    26.6706    1481.18          0      17344          1  0.000e+00
  430603914    348.577    351.834   3.404920   3.404713    33.9605    33.9602     6.5011     6.4991     6.4697     6.4677     0.0000     0.0000     0.0781    95.7454     0.0017     4.4689   19.74165    1.35743     59.048    26.6710    26.6709    1481.18          0      17345          1  0.000e+00
  430603914    348.620    351.878   3.404927   3.404713    33.9607    33.9598     6.5009     6.4995     6.4695     6.4681     0.0000     0.0000     0.0781    95.7454     0.0017     4.4689   19.72931    1.35659     59.011    26.6711    26.6706    1481.19          0      17346          1  0.000e+00
  430603914    348.671    351.929   3.404907   3.404713    33.9607    33.9599     6.5007     6.4994     6.4693     6.4679     0.0000     0.0000     0.0794    95.7454     0.0017     4.4689   19.78717    1.36058     59.185    26.6712    26.6707    1481.18          0      17347          1  0.000e+00
  430603914    348.664    351.922   3.404920   3.404733    33.9608    33.9600     6.5008     6.4995     6.4694     6.4681     0.0000     0.0000     0.0794    95.7454     0.0017     4.4689   19.78715    1.36057     59.185    26.6712    26.6707    1481.19          0      17348          1  0.000e+00
  430603914    348.715    351.973   3.404973   3.404739    33.9612    33.9600     6.5009     6.4995     6.4695     6.4681     0.0000     0.0000     0.0781    95.7454     0.0017     4.4689   19.80027    1.36146     59.223    26.6715    26.6708    1481.19          0      17349          1  0.000e+00
  430603914    348.758    352.017   3.404940   3.404739    33.9607    33.9598     6.5010     6.4997     6.4696     6.4682     0.0000     0.0000     0.0781    95.7454     0.0017     4.4689   19.79984    1.36144     59.222    26.6712    26.6706    1481.19          0      17350          1  0.000e+00
  430603914    348.765    352.024   3.404947   3.404739    33.9610    33.9601     6.5008     6.4994     6.4693     6.4679     0.0000     0.0000     0.0781    95.7454     0.0017     4.4689   19.72861    1.35654     59.009    26.6714    26.6709    1481.19          0      17351          1  0.000e+00
  430603914    348.802    352.062   3.404933   3.404739    33.9607    33.9598     6.5009     6.4997     6.4695     6.4682     0.0000     0.0000     0.0781    95.7454     0.0017     4.4689   19.71462    1.35558     58.967    26.6711    26.6706    1481.19          0      17352          1  0.000e+00
  430603914    348.809    352.068   3.404947   3.404720    33.9611    33.9601     6.5007     6.4992     6.4692     6.4678     0.0000     0.0000     0.0794    95.7454     0.0017     4.4689   19.71410    1.35555     58.966    26.6715    26.6709    1481.19          0      17353          1  0.000e+00
  430603914    348.852    352.112   3.404913   3.404713    33.9603    33.9597     6.5011     6.4995     6.4697     6.4681     0.0000     0.0000     0.0794    95.7454     0.0017     4.4689   19.64402    1.35072     58.756    26.6708    26.6705    1481.19          0      17354          1  0.000e+00
  430603914    348.903    352.163   3.404920   3.404713    33.9608    33.9598     6.5006     6.4994     6.4692     6.4679     0.0000     0.0000     0.0781    95.7454     0.0017     4.4689   19.70243    1.35475     58.931    26.6713    26.6706    1481.19          0      17355          1  0.000e+00
  430603914    348.946    352.207   3.404907   3.404733    33.9607    33.9600     6.5006     6.4993     6.4692     6.4679     0.0000     0.0000     0.0781    95.7454     0.0017     4.4689   19.77435    1.35970     59.147    26.6711    26.6708    1481.19          0      17356          1  0.000e+00
  430603914    348.946    352.207   3.404920   3.404739    33.9608    33.9602     6.5007     6.4992     6.4692     6.4677     0.0000     0.0000     0.0794    95.7454     0.0017     4.4689   19.78897    1.36070     59.190    26.6712    26.6710    1481.19          0      17357          1  0.000e+00
  430603914    348.990    352.251   3.404907   3.404720    33.9608    33.9601     6.5005     6.4990     6.4690     6.4676     0.0000     0.0000     0.0781    95.7454     0.0017     4.4689   19.80372    1.36172     59.235    26.6713    26.6709    1481.19          0      17358          1  0.000e+00
  430603914    349.084    352.346   3.404920   3.404733    33.9609    33.9603     6.5005     6.4990     6.4690     6.4675     0.0000     0.0000     0.0794    95.7454     0.0017     4.4689   19.81859    1.36274     59.279    26.6714    26.6711    1481.19          0      17359          1  0.000e+00
  430603914    349.034    352.296   3.404907   3.404739    33.9607    33.9602     6.5005     6.4992     6.4691     6.4677     0.0000     0.0000     0.0781    95.7454     0.0017     4.4689   19.77645    1.35984     59.153    26.6712    26.6710    1481.19          0      17360          1  0.000e+00
  430603914    349.084    352.346   3.404900   3.404694    33.9608    33.9596     6.5003     6.4992     6.4688     6.4677     0.0000     0.0000     0.0781    95.7716     0.0017     4.4701   19.79284    1.36098     59.202    26.6713    26.6705    1481.19          0      17361          1  0.000e+00
  430603914    349.178    352.441   3.404940   3.404701    33.9612    33.9600     6.5003     6.4988     6.4688     6.4674     0.0000     0.0000     0.0781    95.7716     0.0017     4.4701   19.86705    1.36608     59.424    26.6716    26.6709    1481.19          0      17362          1  0.000e+00
  430603915    349.178    352.441   3.404914   3.404733    33.9610    33.9603     6.5002     6.4989     6.4687     6.4674     0.0000     0.0000     0.0794    95.7716     0.0017     4.4701   19.87031    1.36631     59.434    26.6715    26.6711    1481.19          0      17363          1  0.000e+00
  430603915    349.178    352.441   3.404900   3.404694    33.9610    33.9601     6.5001     6.4987     6.4687     6.4673     0.0000     0.0000     0.0781    95.7716     0.0017     4.4701   19.87302    1.36650     59.442    26.6714    26.6709    1481.19          0      17364          1  0.000e+00
  430603915    349.228    352.492   3.404920   3.404681    33.9611    33.9601     6.5001     6.4985     6.4687     6.4670     0.0000     0.0000     0.0794    95.7716     0.0017     4.4701   19.87532    1.36665     59.449    26.6716    26.6710    1481.19          0      17365          1  0.000e+00
  430603915    349.316    352.581   3.404907   3.404681    33.9611    33.9601     6.5000     6.4985     6.4685     6.4670     0.0000     0.0000     0.0781    95.7716     0.0017     4.4701   19.80700    1.36196     59.245    26.6716    26.6710    1481.19          0      17366          1  0.000e+00
  430603915    349.272    352.536   3.404900   3.404681    33.9613    33.9602     6.4998     6.4984     6.4683     6.4669     0.0000     0.0000     0.0781    95.7716     0.0017     4.4701   19.80906    1.36211     59.251    26.6718    26.6711    1481.19          0      17367          1  0.000e+00
  430603915    349.360    352.625   3.404920   3.404701    33.9612    33.9604     6.5000     6.4984     6.4685     6.4669     0.0000     0.0000     0.0794    95.7716     0.0017     4.4701   19.81199    1.36230     59.260    26.6717    26.6713    1481.19          0      17368          1  0.000e+00
  430604094    320.513    323.485   3.403747   3.403565    33.9565    33.9559     6.5060     6.5045     6.4771     6.4757     0.0000     0.0000     0.0781    96.3471     0.0015     4.4969   19.97191    1.37315     59.732    26.6668    26.6665    1480.73          0      21683          2  0.000e+00
  430604094    320.582    323.555   3.403767   3.403565    33.9568    33.9557     6.5059     6.5047     6.4770     6.4759     0.0000     0.0000     0.0781    96.3471     0.0015     4.4969   19.97746    1.37353     59.749    26.6671    26.6663    1480.73          0      21684          2  0.000e+00
  430604094    320.538    323.511   3.403754   3.403539    33.9566    33.9557     6.5060     6.5044     6.4771     6.4756     0.0000     0.0000     0.0781    96.3209     0.0015     4.4957   19.98271    1.37389     59.764    26.6669    26.6664    1480.73          0      21685          2  0.000e+00
  430604094    320.582    323.555   3.403747   3.403533    33.9565    33.9557     6.5060     6.5044     6.4771     6.4756     0.0000     0.0000     0.0781    96.3209     0.0015     4.4957   19.98819    1.37427     59.781    26.6668    26.6664    1480.73          0      21686          2  0.000e+00
