ROS/FK009A_CTD013_20130820.ros
* Sea-Bird SBE 9 Data File:
* FileName = C:\Falkor-Data-2013\FK009A\CTD\FK009A_CTD013_20130820.hex
* Software Version Seasave V 7.21f
* Temperature SN = 5483
* Conductivity SN = 3916
* Number of Bytes Per Scan = 41
* Number of Voltage Words = 4
* Number of Scans Averaged by the Deck Unit = 1
* NMEA Latitude = 48 18.94 N
* NMEA Longitude = 126 26.67 W
* NMEA UTC (Time) = Aug 20 2013 18:24:28
* NMEA baud rate = 4800
** Ship: RV Falkor
** Station: LC11
** Operator: CP
# nquan = 27
# nvalues = 833                                   
# units = specified
# name 0 = timeQ: Time, NMEA [seconds]
# name 1 = depSM: Depth [salt water, m]
# name 2 = prDM: Pressure, Digiquartz [db]
# name 3 = c0S/m: Conductivity [S/m]
# name 4 = c1S/m: Conductivity, 2 [S/m]
# name 5 = sal00: Salinity, Practical [PSU]
# name 6 = sal11: Salinity, Practical, 2 [PSU]
# name 7 = t090C: Temperature [ITS-90, deg C]
# name 8 = t190C: Temperature, 2 [ITS-90, deg C]
# name 9 = potemp090C: Potential Temperature [ITS-90, deg C]
# name 10 = potemp190C: Potential Temperature, 2 [ITS-90, deg C]
# name 11 = v2: Voltage 2
# name 12 = v3: Voltage 3
# name 13 = v0: Voltage 0
# name 14 = CStarTr0: Beam Transmission, WET Labs C-Star [%]
# name 15 = CStarAt0: Beam Attenuation, WET Labs C-Star [1/m]
# name 16 = v5: Voltage 5
# name 17 = sbeox0PS: Oxygen, SBE 43 [% saturation]
# name 18 = sbeox0ML/L: Oxygen, SBE 43 [ml/l]
# name 19 = sbeox0Mm/Kg: Oxygen, SBE 43 [umol/Kg]
# name 20 = sigma-é00: Density [sigma-theta, Kg/m^3]
# name 21 = sigma-é11: Density, 2 [sigma-theta, Kg/m^3]
# name 22 = svCM: Sound Velocity [Chen-Millero, m/s]
# name 23 = modError: Modulo Error Count
# name 24 = scan: Scan Count
# name 25 = nbf: Bottles Fired
# name 26 = flag:  0.000e+00
# interval = seconds: 0.0416667
# start_time = Aug 20 2013 18:24:29 [NMEA time, first data scan]
# bad_flag = -9.990e-29
*END*
[from data line 376]
  430343174    401.281    405.085   3.350213   3.350015    34.0623    34.0617     5.7600     5.7585     5.7259     5.7244     3.0867     0.7448     0.0794   100.2449    -0.0001     4.6789   12.59119    0.88026     38.285    26.8458    26.8454    1479.25          0     117730          8  0.000e+00
  430343174    401.369    405.174   3.350252   3.350028    34.0625    34.0618     5.7602     5.7585     5.7262     5.7244     3.0867     0.7436     0.0781   100.2449    -0.0001     4.6789   12.59876    0.88078     38.307    26.8459    26.8455    1479.25          0     117731          8  0.000e+00
  430343174    401.325    405.129   3.350285   3.349996    34.0632    34.0616     5.7599     5.7583     5.7258     5.7242     3.0867     0.7448     0.0794   100.2449    -0.0001     4.6789   12.60555    0.88126     38.328    26.8465    26.8454    1479.25          0     117732          8  0.000e+00
  430343174    401.406    405.212   3.350252   3.350034    34.0624    34.0620     5.7604     5.7583     5.7263     5.7242     3.0867     0.7448     0.0794   100.2449    -0.0001     4.6789   12.54056    0.87671     38.130    26.8458    26.8457    1479.25          0     117733          8  0.000e+00
  430343174    401.419    405.224   3.350278   3.349996    34.0628    34.0615     5.7602     5.7583     5.7262     5.7242     3.0855     0.7436     0.0781   100.2449    -0.0001     4.6789   12.60455    0.88119     38.325    26.8461    26.8454    1479.25          0     117734          8  0.000e+00
  430343174    401.419    405.224   3.350245   3.350009    34.0625    34.0618     5.7602     5.7582     5.7261     5.7241     3.0867     0.7448     0.0794   100.2449    -0.0001     4.6789   12.53887    0.87660     38.125    26.8459    26.8456    1479.25          0     117735          8  0.000e+00
  430343174    401.463    405.269   3.350259   3.350066    34.0629    34.0620     5.7599     5.7586     5.7258     5.7245     3.0855     0.7448     0.0781   100.2188    -0.0001     4.6777   12.53095    0.87605     38.101    26.8462    26.8457    1479.25          0     117736          8  0.000e+00
  430343174    401.463    405.269   3.350272   3.350047    34.0625    34.0619     5.7605     5.7585     5.7264     5.7244     3.0867     0.7436     0.0781   100.2188    -0.0001     4.6777   12.52293    0.87548     38.077    26.8458    26.8457    1479.25          0     117737          8  0.000e+00
  430343174    401.513    405.320   3.350285   3.350047    34.0627    34.0619     5.7604     5.7585     5.7263     5.7244     3.0867     0.7436     0.0781   100.2188    -0.0001     4.6777   12.51502    0.87492     38.053    26.8460    26.8456    1479.25          0     117738          8  0.000e+00
  430343174    401.513    405.320   3.350272   3.350028    34.0626    34.0615     5.7604     5.7586     5.7263     5.7245     3.0867     0.7448     0.0781   100.2188    -0.0001     4.6777   12.52130    0.87536     38.072    26.8459    26.8453    1479.25          0     117739          8  0.000e+00
  430343174    401.544    405.351   3.350272   3.350054    34.0628    34.0618     5.7601     5.7586     5.7260     5.7245     3.0867     0.7460     0.0781   100.2188    -0.0001     4.6777   12.52822    0.87585     38.093    26.8462    26.8455    1479.25          0     117740          8  0.000e+00
  430343174    401.557    405.364   3.350259   3.350028    34.0624    34.0614     5.7604     5.7588     5.7262     5.7247     3.0855     0.7448     0.0769   100.2188    -0.0001     4.6777   12.52137    0.87537     38.072    26.8458    26.8452    1479.26          0     117741          8  0.000e+00
  430343175    401.601    405.408   3.350285   3.350022    34.0628    34.0611     5.7602     5.7590     5.7261     5.7249     3.0867     0.7448     0.0781   100.2188    -0.0001     4.6777   12.51459    0.87490     38.051    26.8461    26.8449    1479.26          0     117742          8  0.000e+00
  430343175    401.601    405.408   3.350292   3.350054    34.0629    34.0618     5.7602     5.7586     5.7261     5.7245     3.0855     0.7448     0.0781   100.2188    -0.0001     4.6777   12.50773    0.87442     38.031    26.8462    26.8455    1479.26          0     117743          8  0.000e+00
  430343175    401.651    405.459   3.350272   3.350079    34.0626    34.0619     5.7602     5.7588     5.7261     5.7247     3.0867     0.7460     0.0781   100.2188    -0.0001     4.6777   12.50096    0.87394     38.010    26.8460    26.8456    1479.26          0     117744          8  0.000e+00
  430343175    401.651    405.459   3.350272   3.350092    34.0624    34.0619     5.7605     5.7590     5.7264     5.7248     3.0867     0.7460     0.0781   100.2188    -0.0001     4.6777   12.42269    0.86847     37.772    26.8458    26.8455    1479.26          0     117745          8  0.000e+00
  430343397    303.647    306.453   3.380093   3.379848    33.9993    33.9978     6.2067     6.2055     6.1802     6.1789     2.8205     0.7778     0.0794   100.3496    -0.0001     4.6838   19.21874    1.33020     57.860    26.7390    26.7380    1479.33          0     123093          9  0.000e+00
  430343397    303.704    306.510   3.380179   3.379854    33.9994    33.9972     6.2075     6.2061     6.1809     6.1795     2.8205     0.7753     0.0781   100.3496    -0.0001     4.6838   19.17660    1.32726     57.732    26.7391    26.7375    1479.33          0     123094          9  0.000e+00
  430343398    303.754    306.560   3.380126   3.379835    33.9990    33.9977     6.2073     6.2054     6.1807     6.1788     2.8205     0.7766     0.0794   100.3496    -0.0001     4.6838   19.05057    1.31854     57.353    26.7387    26.7379    1479.33          0     123095          9  0.000e+00
  430343398    303.791    306.598   3.380166   3.379777    33.9992    33.9973     6.2075     6.2051     6.1809     6.1785     2.8205     0.7766     0.0781   100.3496    -0.0001     4.6838   19.10805    1.32251     57.525    26.7389    26.7377    1479.33          0     123096          9  0.000e+00
  430343398    303.848    306.655   3.380265   3.379745    33.9997    33.9972     6.2082     6.2048     6.1815     6.1782     2.8205     0.7766     0.0781   100.3496    -0.0001     4.6838   19.09463    1.32156     57.484    26.7392    26.7377    1479.34          0     123097          9  0.000e+00
  430343398    303.892    306.700   3.380397   3.379758    33.9999    33.9975     6.2094     6.2046     6.1828     6.1780     2.8205     0.7778     0.0781   100.3496    -0.0001     4.6838   19.08006    1.32051     57.438    26.7392    26.7379    1479.34          0     123098          9  0.000e+00
  430343398    303.973    306.782   3.380555   3.379899    34.0001    33.9977     6.2109     6.2059     6.1842     6.1793     2.8205     0.7766     0.0794   100.3496    -0.0001     4.6838   19.06450    1.31939     57.389    26.7392    26.7379    1479.35          0     123099          9  0.000e+00
  430343398    303.986    306.795   3.380641   3.380021    34.0001    33.9979     6.2119     6.2071     6.1852     6.1805     2.8205     0.7766     0.0781   100.3496    -0.0001     4.6838   19.06123    1.31913     57.378    26.7390    26.7379    1479.35          0     123100          9  0.000e+00
  430343398    304.029    306.839   3.380627   3.380156    33.9998    33.9984     6.2120     6.2081     6.1853     6.1815     2.8193     0.7753     0.0781   100.3496    -0.0001     4.6838   19.12740    1.32371     57.577    26.7388    26.7382    1479.35          0     123101          9  0.000e+00
  430343398    304.111    306.921   3.380581   3.380284    33.9994    33.9986     6.2118     6.2093     6.1852     6.1826     2.8205     0.7766     0.0781   100.3496    -0.0001     4.6838   19.13573    1.32430     57.603    26.7385    26.7382    1479.35          0     123102          9  0.000e+00
  430343398    304.123    306.934   3.380522   3.380290    33.9994    33.9985     6.2112     6.2095     6.1845     6.1829     2.8193     0.7766     0.0794   100.3496    -0.0001     4.6838   19.14283    1.32481     57.625    26.7386    26.7380    1479.35          0     123103          9  0.000e+00
  430343398    304.123    306.934   3.380449   3.380284    33.9992    33.9988     6.2106     6.2091     6.1839     6.1825     2.8193     0.7766     0.0781   100.3496    -0.0001     4.6838   19.14881    1.32524     57.644    26.7385    26.7384    1479.35          0     123104          9  0.000e+00
  430343398    304.255    307.067   3.380436   3.380355    33.9990    33.9986     6.2106     6.2100     6.1839     6.1833     2.8193     0.7778     0.0781   100.3496    -0.0001     4.6838   19.08416    1.32077     57.449    26.7383    26.7381    1479.35          0     123105          9  0.000e+00
  430343398    304.261    307.073   3.380482   3.380464    33.9993    33.9986     6.2107     6.2113     6.1841     6.1846     2.8193     0.7766     0.0781   100.3496    -0.0001     4.6838   19.07551    1.32016     57.423    26.7386    26.7379    1479.35          0     123106          9  0.000e+00
  430343398    304.261    307.073   3.380548   3.380592    33.9998    33.9997     6.2110     6.2116     6.1844     6.1850     2.8193     0.7778     0.0794   100.3496    -0.0001     4.6838   19.06629    1.31951     57.395    26.7389    26.7387    1479.35          0     123107          9  0.000e+00
  430343398    304.393    307.206   3.380680   3.380688    34.0001    33.9996     6.2121     6.2127     6.1855     6.1860     2.8193     0.7766     0.0781   100.3496    -0.0001     4.6838   19.12668    1.32365     57.575    26.7390    26.7386    1479.36          0     123108          9  0.000e+00
  430343398    304.355    307.168   3.380740   3.380688    34.0003    33.9994     6.2126     6.2129     6.1859     6.1862     2.8193     0.7778     0.0794   100.3496    -0.0001     4.6838   19.11519    1.32284     57.540    26.7391    26.7383    1479.36          0     123109          9  0.000e+00
  430343398    304.399    307.212   3.380773   3.380772    34.0003    33.9996     6.2129     6.2136     6.1863     6.1869     2.8193     0.7778     0.0794   100.3496    -0.0001     4.6838   19.10230    1.32194     57.500    26.7391    26.7384    1479.36          0     123110          9  0.000e+00
  430343398    304.437    307.250   3.381003   3.380849    34.0019    33.9999     6.2139     6.2142     6.1872     6.1875     2.8193     0.7766     0.0781   100.3234    -0.0001     4.6825   19.10126    1.32183     57.495    26.7402    26.7386    1479.37          0     123111          9  0.000e+00
  430343398    304.493    307.307   3.381320   3.381048    34.0032    34.0008     6.2162     6.2154     6.1895     6.1887     2.8193     0.7766     0.0781   100.3234    -0.0001     4.6825   19.09913    1.32160     57.485    26.7409    26.7392    1479.38          0     123112          9  0.000e+00
  430343398    304.493    307.307   3.381603   3.381458    34.0040    34.0024     6.2185     6.2185     6.1918     6.1918     2.8193     0.7766     0.0794   100.3496    -0.0001     4.6838   19.09576    1.32129     57.472    26.7413    26.7400    1479.39          0     123113          9  0.000e+00
  430343398    304.574    307.389   3.381827   3.381709    34.0045    34.0029     6.2205     6.2207     6.1938     6.1940     2.8193     0.7778     0.0794   100.3496    -0.0001     4.6838   19.16139    1.32576     57.666    26.7414    26.7402    1479.40          0     123114          9  0.000e+00
  430343398    304.587    307.402   3.382071   3.381824    34.0053    34.0032     6.2224     6.2217     6.1957     6.1950     2.8193     0.7766     0.0781   100.3496    -0.0001     4.6838   19.16836    1.32618     57.684    26.7418    26.7403    1479.41          0     123115          9  0.000e+00
  430343398    304.631    307.446   3.382170   3.381908    34.0052    34.0036     6.2235     6.2223     6.1968     6.1955     2.8193     0.7766     0.0794   100.3234    -0.0001     4.6825   19.18735    1.32746     57.740    26.7416    26.7405    1479.42          0     123116          9  0.000e+00
  430343398    304.625    307.440   3.382190   3.381959    34.0050    34.0035     6.2240     6.2229     6.1973     6.1962     2.8193     0.7766     0.0781   100.3496    -0.0001     4.6838   19.20516    1.32867     57.793    26.7413    26.7403    1479.42          0     123117          9  0.000e+00
  430343398    304.631    307.446   3.382263   3.381965    34.0053    34.0037     6.2245     6.2228     6.1977     6.1961     2.8205     0.7766     0.0781   100.3496    -0.0001     4.6838   19.22192    1.32982     57.843    26.7416    26.7405    1479.42          0     123118          9  0.000e+00
  430343399    304.681    307.497   3.382276   3.381946    34.0051    34.0030     6.2248     6.2232     6.1981     6.1965     2.8193     0.7766     0.0781   100.3496    -0.0001     4.6838   19.22420    1.32997     57.849    26.7414    26.7399    1479.42          0     123119          9  0.000e+00
  430343399    304.718    307.535   3.382375   3.382004    34.0057    34.0038     6.2253     6.2231     6.1985     6.1964     2.8193     0.7778     0.0794   100.3496    -0.0001     4.6838   19.22481    1.32999     57.850    26.7418    26.7405    1479.43          0     123120          9  0.000e+00
  430343399    304.725    307.541   3.382421   3.382004    34.0058    34.0036     6.2258     6.2232     6.1990     6.1965     2.8193     0.7766     0.0781   100.3496    -0.0001     4.6838   19.15387    1.32507     57.636    26.7417    26.7404    1479.43          0     123121          9  0.000e+00
  430343399    304.725    307.541   3.382441   3.382017    34.0058    34.0034     6.2259     6.2236     6.1992     6.1968     2.8193     0.7766     0.0769   100.3496    -0.0001     4.6838   19.13871    1.32401     57.590    26.7418    26.7402    1479.43          0     123122          9  0.000e+00
  430343399    304.762    307.579   3.382480   3.382030    34.0060    34.0037     6.2262     6.2234     6.1995     6.1967     2.8193     0.7790     0.0757   100.3234    -0.0001     4.6825   19.12256    1.32288     57.541    26.7418    26.7404    1479.43          0     123123          9  0.000e+00
  430343399    304.775    307.592   3.382500   3.382049    34.0060    34.0035     6.2264     6.2239     6.1996     6.1971     2.8193     0.7778     0.0769   100.3496    -0.0001     4.6838   19.18865    1.32745     57.740    26.7419    26.7402    1479.43          0     123124          9  0.000e+00
  430343399    304.819    307.636   3.382526   3.382081    34.0058    34.0040     6.2269     6.2237     6.2001     6.1970     2.8193     0.7778     0.0769   100.3496    -0.0001     4.6838   19.19685    1.32800     57.764    26.7416    26.7406    1479.43          0     123125          9  0.000e+00
  430343399    304.762    307.579   3.382572   3.382113    34.0059    34.0040     6.2273     6.2240     6.2006     6.1973     2.8193     0.7790     0.0757   100.3496    -0.0001     4.6838   19.20371    1.32846     57.784    26.7416    26.7406    1479.43          0     123126          9  0.000e+00
  430343399    304.819    307.636   3.382546   3.382094    34.0059    34.0041     6.2270     6.2237     6.2003     6.1970     2.8193     0.7778     0.0769   100.3496    -0.0001     4.6838   19.20982    1.32890     57.803    26.7417    26.7407    1479.43          0     123127          9  0.000e+00
  430343399    304.819    307.636   3.382546   3.382087    34.0055    34.0037     6.2273     6.2240     6.2006     6.1973     2.8193     0.7778     0.0769   100.3496    -0.0001     4.6838   19.21467    1.32923     57.817    26.7414    26.7403    1479.44          0     123128          9  0.000e+00
  430343399    304.806    307.623   3.382559   3.382113    34.0058    34.0040     6.2272     6.2240     6.2004     6.1973     2.8205     0.7778     0.0769   100.3234    -0.0001     4.6825   19.21843    1.32949     57.828    26.7416    26.7406    1479.43          0     123129          9  0.000e+00
