ROS/FK009A_CTD027_20130823.ros
* Sea-Bird SBE 9 Data File:
* FileName = C:\Falkor-Data-2013\FK009A\CTD\FK009A_CTD027_20130823.hex
* Software Version Seasave V 7.21f
* Temperature SN = 5483
* Conductivity SN = 3916
* Number of Bytes Per Scan = 41
* Number of Voltage Words = 4
* Number of Scans Averaged by the Deck Unit = 1
* NMEA Latitude = 48 29.45 N
* NMEA Longitude = 126 07.09 W
* NMEA UTC (Time) = Aug 23 2013 05:04:48
* NMEA baud rate = 4800
** Ship: RV Falkor
** Station: LC08
** Operator: CPeazy
# nquan = 27
# nvalues = 196                                   
# units = specified
# name 0 = timeQ: Time, NMEA [seconds]
# name 1 = depSM: Depth [salt water, m]
# name 2 = prDM: Pressure, Digiquartz [db]
# name 3 = c0S/m: Conductivity [S/m]
# name 4 = c1S/m: Conductivity, 2 [S/m]
# name 5 = sal00: Salinity, Practical [PSU]
# name 6 = sal11: Salinity, Practical, 2 [PSU]
# name 7 = t090C: Temperature [ITS-90, deg C]
# name 8 = t190C: Temperature, 2 [ITS-90, deg C]
# name 9 = potemp090C: Potential Temperature [ITS-90, deg C]
# name 10 = potemp190C: Potential Temperature, 2 [ITS-90, deg C]
# name 11 = v2: Voltage 2
# name 12 = v3: Voltage 3
# name 13 = v0: Voltage 0
# name 14 = CStarTr0: Beam Transmission, WET Labs C-Star [%]
# name 15 = CStarAt0: Beam Attenuation, WET Labs C-Star [1/m]
# name 16 = v5: Voltage 5
# name 17 = sbeox0PS: Oxygen, SBE 43 [% saturation]
# name 18 = sbeox0ML/L: Oxygen, SBE 43 [ml/l]
# name 19 = sbeox0Mm/Kg: Oxygen, SBE 43 [umol/Kg]
# name 20 = sigma-é00: Density [sigma-theta, Kg/m^3]
# name 21 = sigma-é11: Density, 2 [sigma-theta, Kg/m^3]
# name 22 = svCM: Sound Velocity [Chen-Millero, m/s]
# name 23 = modError: Modulo Error Count
# name 24 = scan: Scan Count
# name 25 = nbf: Bottles Fired
# name 26 = flag:  0.000e+00
# interval = seconds: 0.0416667
# start_time = Aug 23 2013 05:04:49 [NMEA time, first data scan]
# bad_flag = -9.990e-29
*END*
[from data line 108]
  430550411     92.464     93.272   3.426523   3.426299    33.5500    33.5489     7.2893     7.2880     7.2806     7.2793     0.0000     0.0000     0.0781    99.8002     0.0001     4.6581   40.44981    2.73876    119.186    26.2380    26.2373    1479.49          6      22116          3  0.000e+00
  430550411     92.464     93.272   3.426576   3.426312    33.5508    33.5489     7.2891     7.2881     7.2805     7.2794     0.0000     0.0000     0.0769    99.8002     0.0001     4.6581   40.51260    2.74301    119.371    26.2386    26.2373    1479.49          6      22117          3  0.000e+00
  430550411     92.514     93.322   3.426543   3.426351    33.5502    33.5495     7.2893     7.2879     7.2806     7.2792     0.0000     0.0000     0.0781    99.8002     0.0001     4.6581   40.50902    2.74277    119.360    26.2382    26.2378    1479.49          6      22118          3  0.000e+00
  430550411    399.947    403.744   3.426632   3.426427    33.4039    33.4030     7.2893     7.2879     7.2510     7.2496     0.0000     0.0000     0.0781    99.8002     0.0001     4.6581   42.14791    2.85647    124.322    26.1272    26.1267    1484.41          6      22119          3  0.000e+00
  430550411     92.420     93.228   3.426576   3.426351    33.5508    33.5493     7.2891     7.2881     7.2805     7.2794     0.0000     0.0000     0.0781    99.8002     0.0001     4.6581   40.51286    2.74303    119.371    26.2387    26.2377    1479.49          6      22120          3  0.000e+00
  430550411     92.464     93.272   3.426616   3.426383    33.5512    33.5499     7.2891     7.2878     7.2805     7.2792     0.0000     0.0000     0.0781    99.8002     0.0001     4.6581   40.52171    2.74362    119.397    26.2390    26.2381    1479.49          6      22121          3  0.000e+00
  430550411     92.514     93.322   3.426623   3.426428    33.5512    33.5505     7.2891     7.2877     7.2804     7.2791     0.0000     0.0000     0.0781    99.8002     0.0001     4.6581   40.53107    2.74425    119.425    26.2390    26.2386    1479.49          6      22122          3  0.000e+00
  430550412     92.414     93.222   3.426623   3.426422    33.5513    33.5503     7.2891     7.2879     7.2805     7.2792     0.0000     0.0000     0.0769    99.8002     0.0001     4.6581   40.52816    2.74405    119.416    26.2390    26.2385    1479.49          6      22123          3  0.000e+00
  430550412     92.514     93.322   3.426603   3.426409    33.5510    33.5501     7.2891     7.2879     7.2804     7.2792     0.0000     0.0000     0.0781    99.8002     0.0001     4.6581   40.52628    2.74393    119.411    26.2388    26.2383    1479.49          6      22124          3  0.000e+00
  430550412     92.420     93.228   3.426596   3.426396    33.5508    33.5503     7.2893     7.2876     7.2806     7.2790     0.0000     0.0000     0.0781    99.8002     0.0001     4.6581   40.52339    2.74373    119.402    26.2387    26.2385    1479.49          6      22125          3  0.000e+00
  430550412     92.514     93.322   3.426616   3.426383    33.5513    33.5496     7.2890     7.2881     7.2803     7.2794     0.0000     0.0000     0.0781    99.8002     0.0001     4.6581   40.52151    2.74361    119.397    26.2391    26.2379    1479.49          6      22126          3  0.000e+00
  430550412     92.420     93.228   3.426603   3.426409    33.5509    33.5502     7.2893     7.2879     7.2806     7.2792     0.0000     0.0000     0.0781    99.8002     0.0001     4.6581   40.51860    2.74340    119.388    26.2387    26.2383    1479.49          6      22127          3  0.000e+00
  430550412     92.464     93.272   3.426596   3.426402    33.5510    33.5499     7.2891     7.2881     7.2805     7.2794     0.0000     0.0000     0.0769    99.8002     0.0001     4.6581   40.51645    2.74327    119.382    26.2388    26.2381    1479.49          6      22128          3  0.000e+00
  430550412     92.414     93.222   3.426570   3.426383    33.5506    33.5500     7.2893     7.2877     7.2806     7.2791     0.0000     0.0000     0.0781    99.8002     0.0001     4.6581   40.51378    2.74308    119.374    26.2385    26.2383    1479.49          6      22129          3  0.000e+00
  430550412     92.464     93.272   3.426563   3.426344    33.5506    33.5493     7.2891     7.2880     7.2805     7.2793     0.0000     0.0000     0.0781    99.8002     0.0001     4.6581   40.52363    2.74376    119.403    26.2385    26.2377    1479.49          6      22130          3  0.000e+00
  430550412     92.464     93.272   3.426583   3.426390    33.5505    33.5499     7.2894     7.2879     7.2808     7.2792     0.0000     0.0000     0.0781    99.8002     0.0001     4.6581   40.58832    2.74812    119.593    26.2384    26.2382    1479.49          6      22131          3  0.000e+00
  430550412     92.420     93.228   3.426570   3.426396    33.5507    33.5498     7.2891     7.2881     7.2805     7.2794     0.0000     0.0000     0.0781    99.8002     0.0001     4.6581   40.51862    2.74342    119.388    26.2386    26.2380    1479.49          6      22132          3  0.000e+00
  430550412     92.420     93.228   3.426537   3.426396    33.5502    33.5498     7.2893     7.2881     7.2806     7.2794     0.0000     0.0000     0.0781    99.8002     0.0001     4.6581   40.51573    2.74322    119.380    26.2382    26.2380    1479.49          6      22133          3  0.000e+00
  430550412     92.420     93.228   3.426596   3.426383    33.5507    33.5499     7.2894     7.2878     7.2808     7.2792     0.0000     0.0000     0.0769    99.8002     0.0001     4.6581   40.51285    2.74301    119.371    26.2385    26.2382    1479.49          6      22134          3  0.000e+00
  430550412     92.414     93.222   3.426623   3.426409    33.5513    33.5502     7.2891     7.2879     7.2805     7.2792     0.0000     0.0012     0.0781    99.8002     0.0001     4.6581   40.44335    2.73831    119.166    26.2390    26.2383    1479.49          6      22135          3  0.000e+00
  430550412     92.420     93.228   3.426576   3.426390    33.5506    33.5498     7.2893     7.2881     7.2806     7.2794     0.0000     0.0000     0.0781    99.8002     0.0001     4.6581   40.50807    2.74269    119.357    26.2385    26.2380    1479.49          6      22136          3  0.000e+00
  430550412     92.377     93.184   3.426583   3.426364    33.5509    33.5497     7.2891     7.2879     7.2805     7.2792     0.0000     0.0000     0.0781    99.8264     0.0001     4.6593   40.51791    2.74337    119.386    26.2387    26.2380    1479.49          6      22137          3  0.000e+00
  430550412     92.377     93.184   3.426570   3.426261    33.5506    33.5481     7.2893     7.2884     7.2806     7.2797     0.0000     0.0000     0.0794    99.8264     0.0001     4.6593   40.52844    2.74407    119.417    26.2385    26.2366    1479.49          6      22138          3  0.000e+00
  430550412     92.377     93.184   3.426517   3.426164    33.5500    33.5470     7.2893     7.2884     7.2806     7.2798     0.0000     0.0000     0.0781    99.8264     0.0001     4.6593   40.53946    2.74483    119.450    26.2380    26.2357    1479.49          6      22139          3  0.000e+00
  430550412     92.377     93.184   3.426570   3.426190    33.5506    33.5473     7.2893     7.2884     7.2806     7.2797     0.0000     0.0000     0.0781    99.8264     0.0001     4.6593   40.53898    2.74479    119.448    26.2385    26.2360    1479.49          6      22140          3  0.000e+00
  430550412     92.371     93.177   3.426523   3.426222    33.5499    33.5478     7.2894     7.2882     7.2808     7.2796     0.0000     0.0000     0.0781    99.8264     0.0001     4.6593   40.53846    2.74475    119.447    26.2379    26.2364    1479.49          6      22141          3  0.000e+00
  430550412     92.327     93.133   3.426477   3.426190    33.5494    33.5475     7.2894     7.2882     7.2808     7.2796     0.0000     0.0000     0.0794    99.8002     0.0001     4.6581   40.53775    2.74472    119.445    26.2375    26.2362    1479.49          6      22142          3  0.000e+00
  430550412     92.377     93.184   3.426470   3.426138    33.5495    33.5467     7.2893     7.2884     7.2806     7.2798     0.0000     0.0000     0.0781    99.8002     0.0001     4.6581   40.53754    2.74471    119.445    26.2376    26.2355    1479.49          6      22143          3  0.000e+00
  430550412     92.283     93.089   3.426470   3.426138    33.5495    33.5468     7.2893     7.2884     7.2806     7.2797     0.0000     0.0000     0.0781    99.8264     0.0001     4.6593   40.53657    2.74464    119.442    26.2376    26.2356    1479.49          6      22144          3  0.000e+00
  430550412     92.327     93.133   3.426470   3.426131    33.5497    33.5467     7.2891     7.2884     7.2805     7.2797     0.0000     0.0000     0.0781    99.8264     0.0001     4.6593   40.53634    2.74464    119.442    26.2378    26.2355    1479.49          6      22145          3  0.000e+00
  430550412     92.327     93.133   3.426470   3.426138    33.5495    33.5468     7.2893     7.2884     7.2806     7.2797     0.0000     0.0000     0.0781    99.8002     0.0001     4.6581   40.46923    2.74008    119.244    26.2376    26.2356    1479.49          6      22146          3  0.000e+00
  430550413     92.283     93.089   3.426444   3.426144    33.5493    33.5467     7.2893     7.2885     7.2806     7.2799     0.0000     0.0000     0.0794    99.8264     0.0001     4.6593   40.45751    2.73930    119.209    26.2374    26.2355    1479.49          6      22147          3  0.000e+00
  430550413     92.283     93.089   3.426437   3.426183    33.5490    33.5474     7.2894     7.2883     7.2808     7.2796     0.0000     0.0000     0.0794    99.8264     0.0001     4.6593   40.52507    2.74386    119.408    26.2372    26.2361    1479.49          6      22148          3  0.000e+00
  430550413     92.327     93.133   3.426391   3.426138    33.5483    33.5468     7.2896     7.2884     7.2809     7.2797     0.0000     0.0000     0.0781    99.8264     0.0001     4.6593   40.53822    2.74476    119.447    26.2367    26.2356    1479.49          6      22149          3  0.000e+00
  430550413     92.283     93.089   3.426325   3.426151    33.5478    33.5471     7.2894     7.2882     7.2808     7.2796     0.0000     0.0000     0.0794    99.8264     0.0001     4.6593   40.55141    2.74567    119.487    26.2363    26.2359    1479.49          6      22150          3  0.000e+00
  430550413     92.233     93.039   3.426311   3.426144    33.5475    33.5467     7.2896     7.2885     7.2810     7.2799     0.0000     0.0000     0.0781    99.8264     0.0001     4.6593   40.56503    2.74659    119.527    26.2360    26.2355    1479.49          6      22151          3  0.000e+00
  430550413     92.233     93.039   3.426311   3.426106    33.5475    33.5463     7.2896     7.2885     7.2810     7.2799     0.0000     0.0000     0.0794    99.8264     0.0001     4.6593   40.56742    2.74675    119.534    26.2360    26.2352    1479.49          6      22152          3  0.000e+00
  430550413     92.233     93.039   3.426311   3.426112    33.5475    33.5463     7.2896     7.2886     7.2810     7.2800     0.0000     0.0000     0.0794    99.8264     0.0001     4.6593   40.56982    2.74691    119.541    26.2360    26.2352    1479.49          6      22153          3  0.000e+00
  430550413     92.283     93.089   3.426291   3.426093    33.5471    33.5463     7.2898     7.2884     7.2811     7.2797     0.0000     0.0000     0.0794    99.8264     0.0001     4.6593   40.57246    2.74709    119.548    26.2357    26.2352    1479.49          6      22154          3  0.000e+00
  430550543     72.770     73.402   3.417072   3.417524    33.4290    33.4355     7.3181     7.3164     7.3113     7.3096     0.0000     0.0000     0.0781    99.9310     0.0000     4.6642   45.15819    3.05797    133.090    26.1385    26.1439    1479.13          7      25260          4  0.000e+00
  430550543     72.770     73.402   3.417052   3.417627    33.4286    33.4369     7.3182     7.3161     7.3114     7.3093     0.0000     0.0000     0.0794    99.9049     0.0000     4.6630   45.14439    3.05703    133.049    26.1382    26.1451    1479.13          7      25261          4  0.000e+00
  430550543     72.783     73.415   3.417058   3.417647    33.4287    33.4370     7.3182     7.3163     7.3114     7.3095     0.0000     0.0000     0.0781    99.9049     0.0000     4.6630   45.19564    3.06050    133.200    26.1383    26.1451    1479.13          7      25262          4  0.000e+00
  430550543     72.720     73.352   3.417125   3.417589    33.4295    33.4366     7.3182     7.3161     7.3114     7.3093     0.0000     0.0000     0.0794    99.9049     0.0000     4.6630   45.12320    3.05558    132.986    26.1389    26.1448    1479.13          7      25263          4  0.000e+00
  430550543     72.720     73.352   3.417211   3.417556    33.4305    33.4359     7.3181     7.3164     7.3113     7.3096     0.0000     0.0000     0.0781    99.9049     0.0000     4.6630   45.10468    3.05432    132.931    26.1397    26.1442    1479.13          7      25264          4  0.000e+00
  430550543     72.739     73.371   3.417356   3.417576    33.4319    33.4364     7.3182     7.3161     7.3114     7.3093     0.0000     0.0000     0.0781    99.9049     0.0000     4.6630   45.08482    3.05293    132.871    26.1408    26.1447    1479.13          7      25265          4  0.000e+00
  430550543     72.676     73.308   3.417462   3.417692    33.4334    33.4377     7.3179     7.3161     7.3111     7.3093     0.0000     0.0012     0.0781    99.9049     0.0000     4.6630   45.06310    3.05145    132.806    26.1420    26.1457    1479.13          7      25266          4  0.000e+00
  430550543     72.676     73.308   3.417575   3.417711    33.4348    33.4380     7.3178     7.3160     7.3109     7.3092     0.0000     0.0000     0.0794    99.9049     0.0000     4.6630   45.05218    3.05070    132.773    26.1432    26.1459    1479.13          7      25267          4  0.000e+00
  430550543     72.645     73.276   3.417654   3.417724    33.4358    33.4381     7.3176     7.3161     7.3108     7.3093     0.0000     0.0000     0.0781    99.9049     0.0000     4.6630   45.10651    3.05437    132.933    26.1440    26.1460    1479.13          7      25268          4  0.000e+00
  430550543     72.627     73.257   3.417674   3.417763    33.4360    33.4388     7.3177     7.3158     7.3109     7.3090     0.0000     0.0000     0.0781    99.9049     0.0000     4.6630   45.03812    3.04973    132.731    26.1441    26.1466    1479.13          7      25269          4  0.000e+00
  430550543     72.627     73.257   3.417701   3.417795    33.4365    33.4391     7.3174     7.3158     7.3106     7.3090     0.0000     0.0000     0.0769    99.9049     0.0000     4.6630   45.02389    3.04877    132.689    26.1445    26.1468    1479.13          7      25270          4  0.000e+00
  430550543     72.602     73.232   3.417727   3.417840    33.4366    33.4396     7.3176     7.3158     7.3108     7.3090     0.0000     0.0000     0.0781    99.9049     0.0000     4.6630   45.00852    3.04772    132.643    26.1446    26.1472    1479.13          7      25271          4  0.000e+00
  430550543     72.627     73.257   3.417787   3.417885    33.4371    33.4401     7.3178     7.3158     7.3110     7.3090     0.0000     0.0000     0.0781    99.9049     0.0000     4.6630   44.99250    3.04661    132.595    26.1450    26.1476    1479.13          7      25272          4  0.000e+00
  430550543     72.583     73.213   3.417800   3.417846    33.4374    33.4396     7.3176     7.3159     7.3108     7.3091     0.0000     0.0000     0.0781    99.9049     0.0000     4.6630   45.04153    3.04994    132.740    26.1453    26.1472    1479.13          7      25273          4  0.000e+00
