ROS/FK009A_CTD025_20130822.ros
* Sea-Bird SBE 9 Data File:
* FileName = C:\Falkor-Data-2013\FK009A\CTD\FK009A_CTD025_20130822.hex
* Software Version Seasave V 7.21f
* Temperature SN = 5483
* Conductivity SN = 3916
* Number of Bytes Per Scan = 41
* Number of Voltage Words = 4
* Number of Scans Averaged by the Deck Unit = 1
* NMEA Latitude = 48 47.95 N
* NMEA Longitude = 125 15.93 W
* NMEA UTC (Time) = Aug 22 2013 20:02:54
* NMEA baud rate = 4800
** Ship: RV Falkor
** Station: MB16
** Operator: Nathan Cunningham
# nquan = 27
# nvalues = 196                                   
# units = specified
# name 0 = timeQ: Time, NMEA [seconds]
# name 1 = depSM: Depth [salt water, m]
# name 2 = prDM: Pressure, Digiquartz [db]
# name 3 = c0S/m: Conductivity [S/m]
# name 4 = c1S/m: Conductivity, 2 [S/m]
# name 5 = sal00: Salinity, Practical [PSU]
# name 6 = sal11: Salinity, Practical, 2 [PSU]
# name 7 = t090C: Temperature [ITS-90, deg C]
# name 8 = t190C: Temperature, 2 [ITS-90, deg C]
# name 9 = potemp090C: Potential Temperature [ITS-90, deg C]
# name 10 = potemp190C: Potential Temperature, 2 [ITS-90, deg C]
# name 11 = v2: Voltage 2
# name 12 = v3: Voltage 3
# name 13 = v0: Voltage 0
# name 14 = CStarTr0: Beam Transmission, WET Labs C-Star [%]
# name 15 = CStarAt0: Beam Attenuation, WET Labs C-Star [1/m]
# name 16 = v5: Voltage 5
# name 17 = sbeox0PS: Oxygen, SBE 43 [% saturation]
# name 18 = sbeox0ML/L: Oxygen, SBE 43 [ml/l]
# name 19 = sbeox0Mm/Kg: Oxygen, SBE 43 [umol/Kg]
# name 20 = sigma-é00: Density [sigma-theta, Kg/m^3]
# name 21 = sigma-é11: Density, 2 [sigma-theta, Kg/m^3]
# name 22 = svCM: Sound Velocity [Chen-Millero, m/s]
# name 23 = modError: Modulo Error Count
# name 24 = scan: Scan Count
# name 25 = nbf: Bottles Fired
# name 26 = flag:  0.000e+00
# interval = seconds: 0.0416667
# start_time = Aug 22 2013 20:02:54 [NMEA time, first data scan]
# bad_flag = -9.990e-29
*END*
[from data line 108]
  430517762     59.818     60.338   3.472922   3.472522    32.4015    32.4037     9.0523     9.0453     9.0460     9.0390     0.0000     0.0000     0.1148    96.3471     0.0015     4.4969   48.74184    3.19557    139.223    25.0768    25.0796    1484.19          1      18912          3  0.000e+00
  430517762     59.769     60.288   3.472915   3.472522    32.4013    32.4038     9.0524     9.0452     9.0462     9.0389     0.0000     0.0000     0.1148    96.3471     0.0015     4.4969   48.67633    3.19127    139.036    25.0766    25.0797    1484.19          1      18913          3  0.000e+00
  430517762     59.769     60.288   3.472909   3.472542    32.4014    32.4035     9.0523     9.0458     9.0460     9.0395     0.0000     0.0000     0.1148    96.3471     0.0015     4.4969   48.67721    3.19134    139.039    25.0767    25.0793    1484.19          1      18914          3  0.000e+00
  430517762     59.769     60.288   3.472935   3.472574    32.4015    32.4033     9.0524     9.0463     9.0462     9.0401     0.0000     0.0000     0.1172    96.3471     0.0015     4.4969   48.67895    3.19144    139.043    25.0768    25.0791    1484.19          1      18915          3  0.000e+00
  430517762     59.725     60.244   3.472915   3.472626    32.4012    32.4026     9.0526     9.0477     9.0463     9.0415     0.0000     0.0000     0.1221    96.3471     0.0015     4.4969   48.67039    3.19087    139.018    25.0765    25.0784    1484.19          1      18916          3  0.000e+00
  430517762     59.675     60.193   3.472929   3.472691    32.4012    32.4018     9.0528     9.0494     9.0465     9.0431     0.0000     0.0000     0.1221    96.3471     0.0015     4.4969   48.66224    3.19033    138.995    25.0765    25.0775    1484.19          1      18917          3  0.000e+00
  430517763     59.725     60.244   3.472942   3.472756    32.4010    32.4012     9.0531     9.0508     9.0468     9.0445     0.0000     0.0000     0.1221    96.3471     0.0015     4.4969   48.65513    3.18984    138.974    25.0763    25.0768    1484.19          1      18918          3  0.000e+00
  430517763     59.675     60.193   3.472962   3.472743    32.4009    32.4015     9.0534     9.0504     9.0472     9.0441     0.0000     0.0000     0.1221    96.3471     0.0015     4.4969   48.64783    3.18934    138.952    25.0761    25.0770    1484.19          1      18919          3  0.000e+00
  430517763     59.675     60.193   3.473015   3.472717    32.4008    32.4014     9.0542     9.0502     9.0479     9.0439     0.0000     0.0000     0.1221    96.3471     0.0015     4.4969   48.70644    3.19313    139.117    25.0759    25.0770    1484.20          1      18920          3  0.000e+00
  430517763     59.631     60.149   3.473035   3.472684    32.4004    32.4017     9.0548     9.0495     9.0486     9.0432     0.0000     0.0000     0.1233    96.3471     0.0015     4.4969   48.64487    3.18906    138.939    25.0755    25.0773    1484.20          1      18921          3  0.000e+00
  430517763     59.631     60.149   3.473029   3.472658    32.4000    32.4014     9.0552     9.0495     9.0489     9.0433     0.0000     0.0000     0.1221    96.3471     0.0015     4.4969   48.70394    3.19291    139.107    25.0752    25.0771    1484.20          1      18922          3  0.000e+00
  430517763     59.631     60.149   3.473009   3.472691    32.3999    32.4018     9.0552     9.0495     9.0489     9.0432     0.0000     0.0000     0.1221    96.3471     0.0015     4.4969   48.64311    3.18893    138.934    25.0751    25.0774    1484.20          1      18923          3  0.000e+00
  430517763     59.538     60.055   3.473029   3.472730    32.4001    32.4014     9.0552     9.0504     9.0489     9.0441     0.0000     0.0000     0.1221    96.3471     0.0015     4.4969   48.71293    3.19350    139.133    25.0752    25.0770    1484.20          1      18924          3  0.000e+00
  430517763     59.588     60.105   3.473009   3.472756    32.3998    32.4009     9.0553     9.0511     9.0490     9.0449     0.0000     0.0000     0.1221    96.3471     0.0015     4.4969   48.72934    3.19458    139.180    25.0749    25.0765    1484.20          1      18925          3  0.000e+00
  430517763     59.538     60.055   3.473002   3.472794    32.3998    32.4007     9.0552     9.0518     9.0489     9.0456     0.0000     0.0000     0.1221    96.2948     0.0015     4.4945   48.73469    3.19493    139.195    25.0750    25.0762    1484.20          1      18926          3  0.000e+00
  430517763     59.494     60.011   3.473029   3.472749    32.4000    32.4002     9.0553     9.0519     9.0490     9.0457     0.0000     0.0000     0.1221    96.2686     0.0015     4.4933   48.67489    3.19100    139.024    25.0751    25.0758    1484.20          1      18927          3  0.000e+00
  430517763     59.538     60.055   3.473029   3.472736    32.4002    32.4006     9.0550     9.0513     9.0488     9.0451     0.0000     0.0000     0.1221    96.2686     0.0015     4.4933   48.65995    3.19004    138.982    25.0753    25.0762    1484.20          1      18928          3  0.000e+00
  430517763     59.450     59.967   3.473009   3.472717    32.4004    32.4013     9.0547     9.0504     9.0484     9.0441     0.0000     0.0000     0.1221    96.2686     0.0015     4.4933   48.64419    3.18903    138.938    25.0755    25.0769    1484.19          1      18929          3  0.000e+00
  430517763     59.450     59.967   3.472909   3.472639    32.4005    32.4017     9.0534     9.0490     9.0472     9.0428     0.0000     0.0000     0.1221    96.2686     0.0015     4.4933   48.70509    3.19310    139.116    25.0758    25.0774    1484.19          1      18930          3  0.000e+00
  430517763     59.450     59.967   3.472802   3.472587    32.4024    32.4024     9.0502     9.0476     9.0439     9.0414     0.0000     0.0000     0.1221    96.2686     0.0015     4.4933   48.71137    3.19371    139.142    25.0778    25.0782    1484.18          1      18931          3  0.000e+00
  430517763     59.376     59.891   3.472736   3.472509    32.4039    32.4039     9.0478     9.0451     9.0415     9.0389     0.0000     0.0000     0.1221    96.2686     0.0015     4.4933   48.72802    3.19494    139.195    25.0793    25.0798    1484.17          1      18932          3  0.000e+00
  430517763     59.450     59.967   3.472716   3.472393    32.4048    32.4065     9.0465     9.0410     9.0402     9.0347     0.0000     0.0000     0.1221    96.2686     0.0015     4.4933   48.73510    3.19548    139.218    25.0803    25.0824    1484.17          1      18933          3  0.000e+00
  430517763     59.357     59.872   3.472629   3.472321    32.4050    32.4075     9.0453     9.0391     9.0391     9.0328     0.0000     0.0000     0.1221    96.2686     0.0015     4.4933   48.74111    3.19595    139.239    25.0806    25.0835    1484.16          1      18934          3  0.000e+00
  430517763     59.313     59.828   3.472622   3.472230    32.4057    32.4079     9.0445     9.0376     9.0383     9.0314     0.0000     0.0000     0.1221    96.2686     0.0015     4.4933   48.68223    3.19213    139.072    25.0812    25.0841    1484.16          1      18935          3  0.000e+00
  430517763     59.357     59.872   3.472576   3.472133    32.4059    32.4094     9.0438     9.0349     9.0375     9.0286     0.0000     0.0000     0.1221    96.2686     0.0015     4.4933   48.74425    3.19625    139.252    25.0815    25.0856    1484.16          1      18936          3  0.000e+00
  430517763     59.313     59.828   3.472516   3.472068    32.4062    32.4109     9.0427     9.0325     9.0365     9.0262     0.0000     0.0000     0.1221    96.2686     0.0015     4.4933   48.75101    3.19676    139.274    25.0819    25.0872    1484.15          1      18937          3  0.000e+00
  430517763     59.313     59.828   3.472482   3.472055    32.4069    32.4116     9.0416     9.0316     9.0354     9.0254     0.0000     0.0000     0.1221    96.2686     0.0015     4.4933   48.75804    3.19728    139.297    25.0826    25.0878    1484.15          1      18938          3  0.000e+00
  430517763     59.263     59.778   3.472462   3.472029    32.4073    32.4114     9.0410     9.0315     9.0347     9.0253     0.0000     0.0000     0.1221    96.2686     0.0015     4.4933   48.75385    3.19705    139.286    25.0831    25.0877    1484.15          1      18939          3  0.000e+00
  430517763     59.263     59.778   3.472423   3.472023    32.4072    32.4111     9.0406     9.0318     9.0344     9.0255     0.0000     0.0000     0.1221    96.2686     0.0015     4.4933   48.76040    3.19750    139.306    25.0831    25.0875    1484.15          1      18940          3  0.000e+00
  430517763     59.220     59.734   3.472409   3.472042    32.4078    32.4112     9.0399     9.0319     9.0336     9.0257     0.0000     0.0000     0.1197    96.2686     0.0015     4.4933   48.69063    3.19297    139.109    25.0836    25.0875    1484.14          1      18941          3  0.000e+00
  430517764     59.220     59.734   3.472376   3.472055    32.4079    32.4112     9.0393     9.0320     9.0331     9.0258     0.0000     0.0000     0.1197    96.2686     0.0015     4.4933   48.74104    3.19631    139.254    25.0838    25.0875    1484.14          1      18942          3  0.000e+00
  430517764     59.170     59.684   3.472329   3.472055    32.4084    32.4112     9.0383     9.0321     9.0320     9.0259     0.0000     0.0000     0.1209    96.2686     0.0015     4.4933   48.67082    3.19177    139.056    25.0844    25.0875    1484.14          1      18943          3  0.000e+00
  430517764     59.170     59.684   3.472336   3.472055    32.4094    32.4109     9.0372     9.0325     9.0310     9.0262     0.0000     0.0000     0.1197    96.2686     0.0015     4.4933   48.73171    3.19582    139.232    25.0853    25.0872    1484.14          1      18944          3  0.000e+00
  430517764     59.126     59.640   3.472289   3.472055    32.4093    32.4109     9.0369     9.0324     9.0306     9.0262     0.0000     0.0000     0.1197    96.2425     0.0015     4.4921   48.73755    3.19623    139.250    25.0853    25.0872    1484.13          1      18945          3  0.000e+00
  430517764     59.170     59.684   3.472256   3.471978    32.4097    32.4104     9.0361     9.0321     9.0299     9.0259     0.0000     0.0000     0.1197    95.8762     0.0017     4.4750   48.75486    3.19741    139.302    25.0857    25.0868    1484.13          1      18946          3  0.000e+00
  430517764     59.126     59.640   3.472269   3.472003    32.4099    32.4105     9.0360     9.0323     9.0298     9.0261     0.0000     0.0000     0.1197    95.6931     0.0018     4.4664   48.70683    3.19426    139.165    25.0858    25.0869    1484.13          1      18947          3  0.000e+00
  430517764     59.083     59.595   3.472256   3.472023    32.4101    32.4103     9.0356     9.0328     9.0294     9.0266     0.0000     0.0000     0.1209    95.6669     0.0018     4.4652   48.77961    3.19906    139.374    25.0861    25.0867    1484.13          1      18948          3  0.000e+00
  430517764     59.083     59.595   3.472229   3.472042    32.4103    32.4104     9.0351     9.0328     9.0289     9.0266     0.0000     0.0000     0.1209    95.6931     0.0018     4.4664   48.85267    3.20388    139.584    25.0863    25.0868    1484.13          1      18949          3  0.000e+00
  430517764     59.083     59.595   3.472216   3.472029    32.4110    32.4102     9.0341     9.0329     9.0279     9.0267     0.0000     0.0000     0.1197    95.6931     0.0018     4.4664   48.79451    3.20012    139.420    25.0870    25.0866    1484.12          1      18950          3  0.000e+00
  430517908     34.414     34.711   3.477774   3.477699    32.1922    32.1891     9.3514     9.3540     9.3478     9.3503     0.0000     0.0000     0.1331    96.2948     0.0015     4.4945   52.01511    3.39225    147.822    24.8657    24.8629    1484.62          1      22398          4  0.000e+00
  430517908     34.364     34.661   3.477741   3.477712    32.1933    32.1890     9.3499     9.3543     9.3462     9.3506     0.0000     0.0000     0.1319    96.2686     0.0015     4.4933   51.96035    3.38877    147.670    24.8668    24.8628    1484.61          1      22399          4  0.000e+00
  430517908     34.364     34.661   3.477728   3.477699    32.1949    32.1886     9.3479     9.3546     9.3442     9.3509     0.0000     0.0000     0.1319    96.2948     0.0015     4.4945   51.95965    3.38884    147.673    24.8684    24.8624    1484.61          1      22400          4  0.000e+00
  430517908     34.364     34.661   3.477768   3.477712    32.1954    32.1888     9.3478     9.3545     9.3441     9.3508     0.0000     0.0000     0.1331    96.3471     0.0015     4.4969   51.95795    3.38872    147.668    24.8688    24.8626    1484.61          1      22401          4  0.000e+00
  430517908     34.321     34.617   3.477761   3.477718    32.1956    32.1887     9.3476     9.3548     9.3439     9.3511     0.0000     0.0000     0.1331    96.3733     0.0015     4.4982   51.95512    3.38855    147.660    24.8690    24.8624    1484.61          1      22402          4  0.000e+00
  430517908     34.321     34.617   3.477741   3.477738    32.1952    32.1886     9.3478     9.3551     9.3441     9.3514     0.0000     0.0000     0.1319    96.3994     0.0015     4.4994   51.95170    3.38832    147.651    24.8686    24.8623    1484.61          1      22403          4  0.000e+00
  430517908     34.321     34.617   3.477748   3.477751    32.1953    32.1886     9.3477     9.3553     9.3440     9.3516     0.0000     0.0000     0.1319    96.3733     0.0015     4.4982   51.94745    3.38804    147.638    24.8687    24.8623    1484.61          1      22404          4  0.000e+00
  430517908     34.321     34.617   3.477754   3.477751    32.1955    32.1886     9.3476     9.3553     9.3439     9.3516     0.0000     0.0000     0.1331    96.3733     0.0015     4.4982   51.94234    3.38772    147.624    24.8689    24.8623    1484.61          1      22405          4  0.000e+00
  430517908     34.277     34.573   3.477801   3.477751    32.1957    32.1885     9.3479     9.3553     9.3442     9.3516     0.0000     0.0000     0.1319    96.3733     0.0015     4.4982   51.93607    3.38728    147.605    24.8691    24.8622    1484.61          1      22406          4  0.000e+00
  430517908     34.321     34.617   3.477794   3.477770    32.1946    32.1886     9.3491     9.3554     9.3454     9.3517     0.0000     0.0000     0.1331    96.3733     0.0015     4.4982   51.92947    3.38679    147.584    24.8680    24.8623    1484.61          1      22407          4  0.000e+00
  430517908     34.277     34.573   3.477801   3.477783    32.1931    32.1889     9.3508     9.3553     9.3471     9.3516     0.0000     0.0000     0.1331    96.3733     0.0015     4.4982   51.92140    3.38616    147.557    24.8666    24.8625    1484.62          1      22408          4  0.000e+00
  430517908     34.227     34.522   3.477841   3.477757    32.1929    32.1892     9.3515     9.3546     9.3478     9.3509     0.0000     0.0000     0.1319    96.3733     0.0015     4.4982   51.91250    3.38554    147.529    24.8663    24.8629    1484.62          1      22409          4  0.000e+00
  430517908     34.227     34.522   3.477774   3.477725    32.1924    32.1889     9.3513     9.3547     9.3476     9.3510     0.0000     0.0000     0.1319    96.3733     0.0015     4.4982   51.96789    3.38917    147.688    24.8659    24.8626    1484.62          1      22410          4  0.000e+00
  430517908     34.321     34.617   3.477828   3.477718    32.1930    32.1889     9.3512     9.3545     9.3475     9.3508     0.0000     0.0000     0.1306    96.3733     0.0015     4.4982   51.90336    3.38496    147.504    24.8664    24.8627    1484.62          1      22411          4  0.000e+00
