ROS/FK009A_CTD039_20130827.ros
* Sea-Bird SBE 9 Data File:
* FileName = C:\Falkor-Data-2013\FK009A\CTD\FK009A_CTD039_20130827.hex
* Software Version Seasave V 7.21f
* Temperature SN = 5483
* Conductivity SN = 3916
* Number of Bytes Per Scan = 41
* Number of Voltage Words = 4
* Number of Scans Averaged by the Deck Unit = 1
* NMEA Latitude = 48 16.04 N
* NMEA Longitude = 125 12.64 W
* NMEA UTC (Time) = Aug 27 2013 23:23:36
* NMEA baud rate = 4800
** Ship: RV Falkor
** Station: TC01
** Operator: CP
# nquan = 27
# nvalues = 539                                   
# units = specified
# name 0 = timeQ: Time, NMEA [seconds]
# name 1 = depSM: Depth [salt water, m]
# name 2 = prDM: Pressure, Digiquartz [db]
# name 3 = c0S/m: Conductivity [S/m]
# name 4 = c1S/m: Conductivity, 2 [S/m]
# name 5 = sal00: Salinity, Practical [PSU]
# name 6 = sal11: Salinity, Practical, 2 [PSU]
# name 7 = t090C: Temperature [ITS-90, deg C]
# name 8 = t190C: Temperature, 2 [ITS-90, deg C]
# name 9 = potemp090C: Potential Temperature [ITS-90, deg C]
# name 10 = potemp190C: Potential Temperature, 2 [ITS-90, deg C]
# name 11 = v2: Voltage 2
# name 12 = v3: Voltage 3
# name 13 = v0: Voltage 0
# name 14 = CStarTr0: Beam Transmission, WET Labs C-Star [%]
# name 15 = CStarAt0: Beam Attenuation, WET Labs C-Star [1/m]
# name 16 = v5: Voltage 5
# name 17 = sbeox0PS: Oxygen, SBE 43 [% saturation]
# name 18 = sbeox0ML/L: Oxygen, SBE 43 [ml/l]
# name 19 = sbeox0Mm/Kg: Oxygen, SBE 43 [umol/Kg]
# name 20 = sigma-é00: Density [sigma-theta, Kg/m^3]
# name 21 = sigma-é11: Density, 2 [sigma-theta, Kg/m^3]
# name 22 = svCM: Sound Velocity [Chen-Millero, m/s]
# name 23 = modError: Modulo Error Count
# name 24 = scan: Scan Count
# name 25 = nbf: Bottles Fired
# name 26 = flag:  0.000e+00
# interval = seconds: 0.0416667
# start_time = Aug 27 2013 23:23:37 [NMEA time, first data scan]
# bad_flag = -9.990e-29
*END*
  430961562    202.511    204.331   3.392406   3.392204    33.9010    33.8996     6.4940     6.4931     6.4760     6.4751     0.0000     0.0000     0.0806    93.4172     0.0027     4.3602   12.70084    0.87380     38.012    26.6232    26.6222    1478.66          0      13098          1  0.000e+00
  430961562    202.536    204.356   3.392380   3.392217    33.9007    33.8999     6.4940     6.4930     6.4760     6.4750     0.0000     0.0000     0.0818    93.3387     0.0028     4.3565   12.76777    0.87840     38.212    26.6230    26.6225    1478.66          0      13099          1  0.000e+00
  430961562    202.555    204.375   3.392393   3.392204    33.9009    33.8997     6.4940     6.4930     6.4760     6.4750     0.0000     0.0000     0.0818    93.3387     0.0028     4.3565   12.76625    0.87830     38.208    26.6231    26.6223    1478.66          0      13100          1  0.000e+00
  430961562    202.555    204.375   3.392420   3.392204    33.9010    33.8996     6.4941     6.4931     6.4761     6.4751     0.0000     0.0000     0.0806    93.3387     0.0028     4.3565   12.76470    0.87819     38.203    26.6232    26.6222    1478.66          0      13101          1  0.000e+00
  430961562    202.511    204.331   3.392387   3.392223    33.9006    33.9000     6.4941     6.4930     6.4761     6.4750     0.0000     0.0000     0.0806    93.3387     0.0028     4.3565   12.76308    0.87808     38.198    26.6229    26.6225    1478.66          0      13102          1  0.000e+00
  430961563    202.630    204.451   3.392413   3.392152    33.9010    33.8996     6.4940     6.4925     6.4760     6.4745     0.0000     0.0000     0.0806    93.3387     0.0028     4.3565   12.83016    0.88269     38.399    26.6232    26.6223    1478.66          0      13103          1  0.000e+00
  430961563    202.555    204.375   3.392433   3.392185    33.9011    33.9001     6.4941     6.4924     6.4761     6.4744     0.0000     0.0000     0.0806    93.3387     0.0028     4.3565   12.84036    0.88339     38.429    26.6233    26.6227    1478.66          0      13104          1  0.000e+00
  430961563    202.599    204.419   3.392406   3.392152    33.9008    33.8995     6.4941     6.4927     6.4761     6.4746     0.0000     0.0000     0.0818    93.3387     0.0028     4.3565   12.78181    0.87937     38.254    26.6230    26.6222    1478.66          0      13105          1  0.000e+00
  430961563    202.586    204.407   3.392380   3.392178    33.9007    33.8999     6.4940     6.4925     6.4760     6.4745     0.0000     0.0000     0.0806    93.3387     0.0028     4.3565   12.79211    0.88008     38.285    26.6229    26.6225    1478.66          0      13106          1  0.000e+00
  430961563    202.599    204.419   3.392393   3.392172    33.9012    33.8996     6.4936     6.4927     6.4756     6.4747     0.0000     0.0000     0.0806    93.3387     0.0028     4.3565   12.79008    0.87994     38.279    26.6234    26.6223    1478.66          0      13107          1  0.000e+00
  430961563    202.555    204.375   3.392400   3.392172    33.9009    33.8999     6.4940     6.4925     6.4760     6.4745     0.0000     0.0000     0.0806    93.3387     0.0028     4.3565   12.78794    0.87979     38.272    26.6231    26.6225    1478.66          0      13108          1  0.000e+00
  430961563    202.586    204.407   3.392400   3.392191    33.9011    33.8999     6.4938     6.4927     6.4758     6.4746     0.0000     0.0000     0.0818    93.3387     0.0028     4.3565   12.78593    0.87965     38.267    26.6233    26.6225    1478.66          0      13109          1  0.000e+00
  430961563    202.599    204.419   3.392400   3.392217    33.9009    33.9002     6.4940     6.4927     6.4760     6.4746     0.0000     0.0000     0.0818    93.3387     0.0028     4.3565   12.78388    0.87951     38.260    26.6231    26.6227    1478.66          0      13110          1  0.000e+00
  430961563    202.649    204.470   3.392373   3.392204    33.9007    33.9000     6.4938     6.4927     6.4758     6.4747     0.0000     0.0000     0.0818    93.3387     0.0028     4.3565   12.78190    0.87938     38.255    26.6230    26.6225    1478.66          0      13111          1  0.000e+00
  430961563    202.599    204.419   3.392413   3.392204    33.9012    33.9000     6.4938     6.4927     6.4758     6.4746     0.0000     0.0000     0.0806    93.3387     0.0028     4.3565   12.79266    0.88012     38.287    26.6234    26.6226    1478.66          0      13112          1  0.000e+00
  430961563    202.586    204.407   3.392387   3.392191    33.9009    33.9001     6.4938     6.4925     6.4758     6.4745     0.0000     0.0012     0.0806    93.3387     0.0028     4.3565   12.80400    0.88090     38.321    26.6232    26.6226    1478.66          0      13113          1  0.000e+00
  430961563    202.599    204.419   3.392347   3.392197    33.9006    33.9001     6.4936     6.4925     6.4756     6.4745     0.0000     0.0000     0.0818    93.3387     0.0028     4.3565   12.87142    0.88554     38.523    26.6230    26.6227    1478.66          0      13114          1  0.000e+00
  430961563    202.599    204.419   3.392406   3.392178    33.9011    33.8997     6.4938     6.4927     6.4758     6.4747     0.0000     0.0000     0.0806    93.3387     0.0028     4.3565   12.88226    0.88628     38.555    26.6233    26.6223    1478.66          0      13115          1  0.000e+00
  430961563    202.630    204.451   3.392387   3.392210    33.9009    33.9002     6.4938     6.4925     6.4758     6.4745     0.0000     0.0000     0.0806    93.3387     0.0028     4.3565   12.83711    0.88318     38.420    26.6231    26.6228    1478.66          0      13116          1  0.000e+00
  430961563    202.599    204.419   3.392393   3.392197    33.9012    33.9001     6.4936     6.4925     6.4756     6.4745     0.0000     0.0000     0.0806    93.3387     0.0028     4.3565   12.84842    0.88396     38.454    26.6234    26.6227    1478.66          0      13117          1  0.000e+00
  430961563    202.649    204.470   3.392420   3.392172    33.9013    33.8995     6.4938     6.4928     6.4758     6.4748     0.0000     0.0000     0.0794    93.3910     0.0027     4.3590   12.84747    0.88389     38.451    26.6234    26.6222    1478.66          0      13118          1  0.000e+00
  430961563    202.586    204.407   3.392387   3.392191    33.9009    33.9000     6.4938     6.4925     6.4758     6.4745     0.0000     0.0000     0.0806    93.4172     0.0027     4.3602   12.84633    0.88381     38.447    26.6232    26.6226    1478.66          0      13119          1  0.000e+00
  430961563    202.599    204.419   3.392367   3.392217    33.9007    33.9002     6.4938     6.4927     6.4758     6.4746     0.0000     0.0000     0.0806    93.4172     0.0027     4.3602   12.77689    0.87903     38.240    26.6230    26.6227    1478.66          0      13120          1  0.000e+00
  430961563    202.649    204.470   3.392387   3.392185    33.9009    33.8998     6.4938     6.4927     6.4758     6.4746     0.0000     0.0000     0.0806    93.4172     0.0027     4.3602   12.76407    0.87815     38.201    26.6231    26.6224    1478.66          0      13121          1  0.000e+00
  430961563    202.599    204.419   3.392400   3.392172    33.9011    33.8998     6.4938     6.4925     6.4758     6.4745     0.0000     0.0000     0.0806    93.4172     0.0027     4.3602   12.75160    0.87729     38.164    26.6233    26.6224    1478.66          0      13122          1  0.000e+00
  430961563    202.586    204.407   3.392373   3.392191    33.9006    33.9002     6.4940     6.4923     6.4760     6.4743     0.0000     0.0000     0.0794    93.4172     0.0027     4.3602   12.73970    0.87647     38.128    26.6229    26.6228    1478.66          0      13123          1  0.000e+00
  430961563    202.599    204.419   3.392387   3.392165    33.9009    33.8995     6.4938     6.4928     6.4758     6.4748     0.0000     0.0000     0.0806    93.4172     0.0027     4.3602   12.78390    0.87952     38.261    26.6232    26.6221    1478.66          0      13124          1  0.000e+00
  430961563    202.649    204.470   3.392400   3.392140    33.9009    33.8996     6.4940     6.4923     6.4760     6.4743     0.0000     0.0000     0.0806    93.4172     0.0027     4.3602   12.78449    0.87955     38.262    26.6231    26.6223    1478.66          0      13125          1  0.000e+00
  430961563    202.586    204.407   3.392420   3.392204    33.9011    33.9003     6.4940     6.4924     6.4760     6.4744     0.0000     0.0000     0.0806    93.4172     0.0027     4.3602   12.78491    0.87958     38.263    26.6233    26.6228    1478.66          0      13126          1  0.000e+00
  430961564    202.599    204.419   3.392406   3.392152    33.9011    33.8996     6.4938     6.4925     6.4758     6.4745     0.0000     0.0000     0.0794    93.4172     0.0027     4.3602   12.79835    0.88051     38.304    26.6233    26.6223    1478.66          0      13127          1  0.000e+00
  430961564    202.599    204.419   3.392446   3.392185    33.9016    33.9000     6.4938     6.4925     6.4758     6.4745     0.0000     0.0000     0.0794    93.4172     0.0027     4.3602   12.79939    0.88058     38.307    26.6237    26.6226    1478.66          0      13128          1  0.000e+00
  430961564    202.586    204.407   3.392387   3.392178    33.9009    33.8999     6.4938     6.4925     6.4758     6.4745     0.0000     0.0000     0.0794    93.4172     0.0027     4.3602   12.80040    0.88065     38.310    26.6232    26.6225    1478.66          0      13129          1  0.000e+00
  430961564    202.599    204.419   3.392387   3.392191    33.9009    33.9001     6.4938     6.4924     6.4758     6.4744     0.0000     0.0000     0.0806    93.4172     0.0027     4.3602   12.80145    0.88072     38.313    26.6232    26.6227    1478.66          0      13130          1  0.000e+00
  430961564    202.599    204.419   3.392400   3.392191    33.9011    33.8999     6.4938     6.4927     6.4758     6.4746     0.0000     0.0000     0.0806    93.4172     0.0027     4.3602   12.80249    0.88079     38.316    26.6233    26.6225    1478.66          0      13131          1  0.000e+00
  430961564    202.599    204.419   3.392373   3.392172    33.9008    33.8997     6.4938     6.4927     6.4758     6.4746     0.0000     0.0000     0.0806    93.4172     0.0027     4.3602   12.80352    0.88087     38.319    26.6230    26.6223    1478.66          0      13132          1  0.000e+00
  430961564    202.586    204.407   3.392387   3.392191    33.9009    33.9000     6.4938     6.4925     6.4758     6.4745     0.0000     0.0000     0.0806    93.4172     0.0027     4.3602   12.80453    0.88093     38.322    26.6232    26.6226    1478.66          0      13133          1  0.000e+00
  430961564    202.599    204.419   3.392400   3.392217    33.9009    33.9003     6.4940     6.4925     6.4760     6.4745     0.0000     0.0000     0.0794    93.4172     0.0027     4.3602   12.80558    0.88100     38.325    26.6231    26.6229    1478.66          0      13134          1  0.000e+00
  430961564    202.555    204.375   3.392400   3.392185    33.9011    33.8995     6.4938     6.4930     6.4758     6.4750     0.0000     0.0000     0.0806    93.4172     0.0027     4.3602   12.80655    0.88107     38.328    26.6233    26.6222    1478.66          0      13135          1  0.000e+00
  430961564    202.586    204.407   3.392380   3.392191    33.9009    33.8999     6.4938     6.4927     6.4758     6.4746     0.0000     0.0000     0.0806    93.4172     0.0027     4.3602   12.80763    0.88115     38.332    26.6231    26.6225    1478.66          0      13136          1  0.000e+00
  430961564    202.555    204.375   3.392413   3.392223    33.9011    33.9002     6.4940     6.4927     6.4760     6.4747     0.0000     0.0000     0.0806    93.4172     0.0027     4.3602   12.80861    0.88121     38.334    26.6232    26.6227    1478.66          0      13137          1  0.000e+00
  430961564    202.555    204.375   3.392433   3.392152    33.9013    33.8996     6.4940     6.4925     6.4760     6.4745     0.0000     0.0000     0.0794    93.5218     0.0027     4.3651   12.80964    0.88128     38.337    26.6234    26.6223    1478.66          0      13138          1  0.000e+00
  430961564    202.536    204.356   3.392406   3.392159    33.9010    33.8996     6.4940     6.4927     6.4760     6.4746     0.0000     0.0000     0.0794    93.6526     0.0026     4.3712   12.81064    0.88135     38.340    26.6232    26.6222    1478.66          0      13139          1  0.000e+00
  430961564    202.555    204.375   3.392400   3.392210    33.9011    33.9001     6.4938     6.4927     6.4758     6.4746     0.0000     0.0000     0.0806    93.6526     0.0026     4.3712   12.88014    0.88614     38.549    26.6233    26.6227    1478.66          0      13140          1  0.000e+00
  430961564    202.555    204.375   3.392373   3.392197    33.9008    33.8999     6.4938     6.4927     6.4758     6.4747     0.0000     0.0000     0.0806    93.6526     0.0026     4.3712   12.82462    0.88232     38.382    26.6231    26.6225    1478.66          0      13141          1  0.000e+00
  430961564    202.511    204.331   3.392387   3.392152    33.9010    33.8997     6.4938     6.4925     6.4758     6.4745     0.0000     0.0000     0.0806    93.6526     0.0026     4.3712   12.82506    0.88235     38.384    26.6232    26.6223    1478.66          0      13142          1  0.000e+00
  430961564    202.536    204.356   3.392420   3.392185    33.9012    33.8998     6.4940     6.4927     6.4760     6.4746     0.0000     0.0000     0.0806    93.6526     0.0026     4.3712   12.82562    0.88238     38.385    26.6233    26.6225    1478.66          0      13143          1  0.000e+00
  430961564    202.511    204.331   3.392406   3.392204    33.9010    33.9000     6.4940     6.4927     6.4760     6.4747     0.0000     0.0000     0.0794    93.6526     0.0026     4.3712   12.82609    0.88241     38.387    26.6232    26.6226    1478.66          0      13144          1  0.000e+00
  430961564    202.511    204.331   3.392373   3.392146    33.9007    33.8994     6.4940     6.4927     6.4760     6.4747     0.0000     0.0000     0.0806    93.6526     0.0026     4.3712   12.82661    0.88245     38.388    26.6229    26.6221    1478.66          0      13145          1  0.000e+00
  430961564    202.492    204.312   3.392387   3.392159    33.9010    33.8996     6.4938     6.4927     6.4758     6.4747     0.0000     0.0000     0.0806    93.6265     0.0026     4.3700   12.81420    0.88160     38.351    26.6232    26.6222    1478.66          0      13146          1  0.000e+00
  430961741    172.792    174.332   3.393783   3.393588    33.8948    33.8935     6.5306     6.5297     6.5152     6.5143     0.0000     0.0000     0.0806    94.6990     0.0022     4.4200   13.01711    0.89483     38.927    26.6131    26.6122    1478.30          0      17387          2  0.000e+00
  430961741    172.842    174.382   3.393776   3.393620    33.8943    33.8937     6.5309     6.5298     6.5155     6.5144     0.0000     0.0000     0.0806    94.6990     0.0022     4.4200   12.94352    0.88977     38.707    26.6128    26.6124    1478.30          0      17388          2  0.000e+00
  430961741    172.804    174.344   3.393750   3.393627    33.8944    33.8936     6.5306     6.5300     6.5152     6.5147     0.0000     0.0000     0.0806    94.6990     0.0022     4.4200   12.93989    0.88953     38.696    26.6128    26.6123    1478.30          0      17389          2  0.000e+00
  430961741    172.792    174.332   3.393809   3.393582    33.8951    33.8932     6.5306     6.5299     6.5152     6.5145     0.0000     0.0000     0.0794    94.6990     0.0022     4.4200   12.87028    0.88474     38.488    26.6134    26.6120    1478.30          0      17390          2  0.000e+00
