ROS/FK009A_CTD016_20130821.ros
* Sea-Bird SBE 9 Data File:
* FileName = C:\Falkor-Data-2013\FK009A\CTD\FK009A_CTD016_20130821.hex
* Software Version Seasave V 7.21f
* Temperature SN = 5483
* Conductivity SN = 3916
* Number of Bytes Per Scan = 41
* Number of Voltage Words = 4
* Number of Scans Averaged by the Deck Unit = 1
* NMEA Latitude = 48 29.37 N
* NMEA Longitude = 126 07.17 W
* NMEA UTC (Time) = Aug 21 2013 00:43:18
* NMEA baud rate = 4800
** Ship: RV Falkor
** Station: LC08
** Operator: Nathan Cunningham
** Shelf Break Station
# nquan = 27
# nvalues = 490                                   
# units = specified
# name 0 = timeQ: Time, NMEA [seconds]
# name 1 = depSM: Depth [salt water, m]
# name 2 = prDM: Pressure, Digiquartz [db]
# name 3 = c0S/m: Conductivity [S/m]
# name 4 = c1S/m: Conductivity, 2 [S/m]
# name 5 = sal00: Salinity, Practical [PSU]
# name 6 = sal11: Salinity, Practical, 2 [PSU]
# name 7 = t090C: Temperature [ITS-90, deg C]
# name 8 = t190C: Temperature, 2 [ITS-90, deg C]
# name 9 = potemp090C: Potential Temperature [ITS-90, deg C]
# name 10 = potemp190C: Potential Temperature, 2 [ITS-90, deg C]
# name 11 = v2: Voltage 2
# name 12 = v3: Voltage 3
# name 13 = v0: Voltage 0
# name 14 = CStarTr0: Beam Transmission, WET Labs C-Star [%]
# name 15 = CStarAt0: Beam Attenuation, WET Labs C-Star [1/m]
# name 16 = v5: Voltage 5
# name 17 = sbeox0PS: Oxygen, SBE 43 [% saturation]
# name 18 = sbeox0ML/L: Oxygen, SBE 43 [ml/l]
# name 19 = sbeox0Mm/Kg: Oxygen, SBE 43 [umol/Kg]
# name 20 = sigma-é00: Density [sigma-theta, Kg/m^3]
# name 21 = sigma-é11: Density, 2 [sigma-theta, Kg/m^3]
# name 22 = svCM: Sound Velocity [Chen-Millero, m/s]
# name 23 = modError: Modulo Error Count
# name 24 = scan: Scan Count
# name 25 = nbf: Bottles Fired
# name 26 = flag:  0.000e+00
# interval = seconds: 0.0416667
# start_time = Aug 21 2013 00:43:18 [NMEA time, first data scan]
# bad_flag = -9.990e-29
*END*
[from data line 215]
  430362225     99.358    100.227   3.438012   3.437850    33.7338    33.7332     7.2255     7.2243     7.2162     7.2150     0.0000     0.0000     0.0769   100.0095    -0.0000     4.6679   40.01565    2.71005    117.919    26.3916    26.3913    1479.59          0      29446          5  0.000e+00
  430362226     99.314    100.183   3.438005   3.437862    33.7336    33.7334     7.2256     7.2242     7.2163     7.2149     0.0000     0.0000     0.0757   100.0095    -0.0000     4.6679   40.01156    2.70976    117.906    26.3915    26.3915    1479.59          0      29447          5  0.000e+00
  430362226     99.358    100.227   3.438012   3.437908    33.7338    33.7339     7.2255     7.2243     7.2162     7.2150     0.0000     0.0000     0.0757   100.0095    -0.0000     4.6679   40.00843    2.70956    117.897    26.3916    26.3918    1479.59          0      29448          5  0.000e+00
  430362226     99.358    100.227   3.438012   3.437927    33.7340    33.7340     7.2253     7.2244     7.2160     7.2151     0.0000     0.0000     0.0757   100.0095    -0.0000     4.6679   40.07229    2.71389    118.086    26.3918    26.3919    1479.59          0      29449          5  0.000e+00
  430362226     99.314    100.183   3.438012   3.437875    33.7339    33.7335     7.2255     7.2243     7.2162     7.2150     0.0000     0.0000     0.0757   100.0095    -0.0000     4.6679   40.08072    2.71445    118.110    26.3917    26.3916    1479.59          0      29450          5  0.000e+00
  430362226     99.314    100.183   3.437978   3.437862    33.7335    33.7332     7.2255     7.2244     7.2162     7.2151     0.0000     0.0000     0.0769   100.0095    -0.0000     4.6679   40.10142    2.71586    118.172    26.3914    26.3913    1479.59          0      29451          5  0.000e+00
  430362226     99.358    100.227   3.437998   3.437862    33.7336    33.7333     7.2255     7.2244     7.2162     7.2151     0.0000     0.0000     0.0769   100.0095    -0.0000     4.6679   40.11079    2.71649    118.199    26.3915    26.3913    1479.59          0      29452          5  0.000e+00
  430362226     99.264    100.133   3.437965   3.437862    33.7332    33.7336     7.2256     7.2241     7.2163     7.2148     0.0000     0.0000     0.0769   100.0095    -0.0000     4.6679   40.11945    2.71708    118.225    26.3911    26.3916    1479.59          0      29453          5  0.000e+00
  430362226     99.314    100.183   3.437992   3.437798    33.7335    33.7327     7.2256     7.2242     7.2163     7.2149     0.0000     0.0000     0.0757   100.0095    -0.0000     4.6679   40.11682    2.71690    118.217    26.3913    26.3910    1479.59          0      29454          5  0.000e+00
  430362226     99.314    100.183   3.438012   3.437837    33.7336    33.7333     7.2258     7.2241     7.2165     7.2148     0.0000     0.0000     0.0757   100.0095    -0.0000     4.6679   40.05874    2.71295    118.045    26.3914    26.3914    1479.59          0      29455          5  0.000e+00
  430362226     99.314    100.183   3.438005   3.437862    33.7339    33.7334     7.2253     7.2242     7.2160     7.2149     0.0000     0.0000     0.0757   100.0095    -0.0000     4.6679   40.12310    2.71733    118.236    26.3917    26.3915    1479.59          0      29456          5  0.000e+00
  430362226     99.264    100.133   3.437939   3.437862    33.7331    33.7334     7.2255     7.2243     7.2162     7.2150     0.0000     0.0000     0.0757   100.0095    -0.0000     4.6679   40.13198    2.71794    118.262    26.3911    26.3915    1479.59          0      29457          5  0.000e+00
  430362226     99.314    100.183   3.437965   3.437882    33.7335    33.7338     7.2253     7.2241     7.2160     7.2148     0.0000     0.0000     0.0769   100.0095    -0.0000     4.6679   40.06263    2.71325    118.058    26.3914    26.3918    1479.59          0      29458          5  0.000e+00
  430362226     99.314    100.183   3.437959   3.437869    33.7333    33.7334     7.2255     7.2244     7.2162     7.2151     0.0000     0.0000     0.0769   100.0095    -0.0000     4.6679   40.06021    2.71308    118.050    26.3912    26.3914    1479.59          0      29459          5  0.000e+00
  430362226     99.314    100.183   3.437972   3.437882    33.7334    33.7335     7.2255     7.2244     7.2162     7.2151     0.0000     0.0000     0.0757    99.9833     0.0000     4.6667   40.04624    2.71213    118.009    26.3913    26.3915    1479.59          0      29460          5  0.000e+00
  430362226     99.358    100.227   3.437972   3.437895    33.7334    33.7336     7.2255     7.2244     7.2162     7.2151     0.0000     0.0000     0.0781   100.0095    -0.0000     4.6679   40.03251    2.71120    117.969    26.3913    26.3916    1479.59          0      29461          5  0.000e+00
  430362226     99.314    100.183   3.437932   3.437921    33.7333    33.7339     7.2252     7.2244     7.2159     7.2151     0.0000     0.0012     0.0781   100.0095    -0.0000     4.6679   40.03037    2.71107    117.963    26.3912    26.3918    1479.59          0      29462          5  0.000e+00
  430362226     99.358    100.227   3.437985   3.437927    33.7336    33.7338     7.2255     7.2245     7.2162     7.2152     0.0000     0.0000     0.0794   100.0095    -0.0000     4.6679   40.09588    2.71549    118.155    26.3914    26.3918    1479.59          0      29463          5  0.000e+00
  430362226     99.314    100.183   3.437992   3.437946    33.7338    33.7342     7.2253     7.2244     7.2160     7.2151     0.0000     0.0000     0.0781    99.9833     0.0000     4.6667   40.10577    2.71616    118.185    26.3916    26.3920    1479.59          0      29464          5  0.000e+00
  430362226     99.358    100.227   3.437932   3.437953    33.7330    33.7341     7.2255     7.2246     7.2162     7.2153     0.0000     0.0000     0.0794   100.0095    -0.0000     4.6679   40.11610    2.71687    118.215    26.3910    26.3919    1479.59          0      29465          5  0.000e+00
  430362226     99.358    100.227   3.437939   3.437998    33.7330    33.7346     7.2255     7.2245     7.2162     7.2152     0.0000     0.0000     0.0781   100.0095    -0.0000     4.6679   40.12621    2.71755    118.245    26.3910    26.3924    1479.59          0      29466          5  0.000e+00
  430362226     99.358    100.227   3.437972   3.437992    33.7334    33.7345     7.2255     7.2246     7.2162     7.2153     0.0000     0.0000     0.0781   100.0095    -0.0000     4.6679   40.06959    2.71371    118.078    26.3913    26.3923    1479.59          0      29467          5  0.000e+00
  430362226     99.401    100.272   3.437985   3.437985    33.7335    33.7344     7.2255     7.2245     7.2162     7.2152     0.0000     0.0000     0.0781    99.9833     0.0000     4.6667   40.13559    2.71818    118.272    26.3914    26.3922    1479.59          0      29468          5  0.000e+00
  430362226     99.401    100.272   3.437959   3.437966    33.7332    33.7342     7.2255     7.2246     7.2162     7.2153     0.0000     0.0000     0.0794   100.0095    -0.0000     4.6679   40.14618    2.71890    118.304    26.3912    26.3920    1479.59          0      29469          5  0.000e+00
  430362226     99.401    100.272   3.437879   3.437979    33.7324    33.7344     7.2255     7.2245     7.2162     7.2152     0.0000     0.0000     0.0781   100.0095    -0.0000     4.6679   40.15677    2.71963    118.336    26.3905    26.3922    1479.59          0      29470          5  0.000e+00
  430362227     99.451    100.322   3.437872   3.437985    33.7324    33.7344     7.2253     7.2246     7.2160     7.2153     0.0000     0.0000     0.0794    99.9833     0.0000     4.6667   40.08886    2.71504    118.136    26.3905    26.3922    1479.59          0      29471          5  0.000e+00
  430362227     99.451    100.322   3.437886   3.438005    33.7327    33.7343     7.2251     7.2249     7.2158     7.2156     0.0000     0.0000     0.0781    99.9833     0.0000     4.6667   40.07587    2.71417    118.098    26.3908    26.3921    1479.59          0      29472          5  0.000e+00
  430362227     99.451    100.322   3.437912   3.438037    33.7329    33.7348     7.2253     7.2247     7.2160     7.2154     0.0000     0.0000     0.0781    99.9833     0.0000     4.6667   40.06286    2.71327    118.059    26.3909    26.3925    1479.59          0      29473          5  0.000e+00
  430362227     99.495    100.366   3.437919   3.438024    33.7326    33.7345     7.2256     7.2249     7.2163     7.2156     0.0000     0.0000     0.0781    99.9833     0.0000     4.6667   40.12884    2.71773    118.253    26.3907    26.3922    1479.59          0      29474          5  0.000e+00
  430362227     99.495    100.366   3.437965   3.438037    33.7333    33.7346     7.2255     7.2249     7.2161     7.2156     0.0000     0.0000     0.0781   100.0095    -0.0000     4.6679   40.13945    2.71844    118.284    26.3912    26.3923    1479.59          0      29475          5  0.000e+00
  430362391     70.379     70.990   3.421375   3.421133    33.4909    33.4894     7.3035     7.3024     7.2970     7.2958     0.0000     0.0000     0.0794    99.5125     0.0002     4.6447   38.48816    2.60610    113.418    26.1893    26.1883    1479.11          0      33419          6  0.000e+00
  430362391     70.411     71.022   3.421435   3.421094    33.4920    33.4890     7.3031     7.3024     7.2965     7.2958     0.0000     0.0000     0.0794    99.5125     0.0002     4.6447   38.47836    2.60545    113.390    26.1902    26.1879    1479.11          0      33420          6  0.000e+00
  430362391     70.361     70.972   3.421474   3.421101    33.4928    33.4892     7.3028     7.3022     7.2962     7.2956     0.0000     0.0000     0.0794    99.5125     0.0002     4.6447   38.46863    2.60479    113.361    26.1908    26.1881    1479.11          0      33421          6  0.000e+00
  430362391     70.411     71.022   3.421468   3.421088    33.4926    33.4888     7.3029     7.3025     7.2963     7.2960     0.0000     0.0000     0.0794    99.5125     0.0002     4.6447   38.47172    2.60500    113.370    26.1906    26.1877    1479.11          0      33422          6  0.000e+00
  430362391     70.379     70.990   3.421448   3.421120    33.4921    33.4892     7.3032     7.3025     7.2966     7.2960     0.0000     0.0000     0.0806    99.5125     0.0002     4.6447   38.43972    2.60282    113.275    26.1902    26.1880    1479.11          0      33423          6  0.000e+00
  430362391     70.454     71.066   3.421454   3.421139    33.4922    33.4895     7.3031     7.3024     7.2965     7.2958     0.0000     0.0000     0.0794    99.5125     0.0002     4.6447   38.50978    2.60757    113.482    26.1904    26.1883    1479.11          0      33424          6  0.000e+00
  430362391     70.411     71.022   3.421501   3.421236    33.4928    33.4905     7.3031     7.3024     7.2965     7.2958     0.0000     0.0000     0.0794    99.5125     0.0002     4.6447   38.53665    2.60938    113.561    26.1908    26.1891    1479.11          0      33425          6  0.000e+00
  430362391     70.411     71.022   3.421541   3.421243    33.4934    33.4908     7.3029     7.3022     7.2963     7.2956     0.0000     0.0000     0.0794    99.5125     0.0002     4.6447   38.48645    2.60598    113.413    26.1913    26.1893    1479.11          0      33426          6  0.000e+00
  430362391     70.429     71.041   3.421527   3.421275    33.4930    33.4916     7.3031     7.3018     7.2965     7.2952     0.0000     0.0000     0.0794    99.5125     0.0002     4.6447   38.42588    2.60188    113.234    26.1910    26.1900    1479.11          0      33427          6  0.000e+00
  430362391     70.411     71.022   3.421488   3.421294    33.4928    33.4918     7.3029     7.3018     7.2963     7.2952     0.0000     0.0000     0.0794    99.5125     0.0002     4.6447   38.43339    2.60240    113.257    26.1908    26.1902    1479.11          0      33428          6  0.000e+00
  430362391     70.411     71.022   3.421481   3.421294    33.4928    33.4919     7.3028     7.3016     7.2962     7.2950     0.0000     0.0000     0.0806    99.5125     0.0002     4.6447   38.49739    2.60674    113.446    26.1908    26.1903    1479.11          0      33429          6  0.000e+00
  430362391     70.454     71.066   3.421481   3.421320    33.4925    33.4919     7.3031     7.3019     7.2965     7.2953     0.0000     0.0000     0.0794    99.5125     0.0002     4.6447   38.30848    2.59394    112.889    26.1906    26.1902    1479.11          0      33430          6  0.000e+00
  430362392     70.473     71.085   3.421441   3.421326    33.4922    33.4922     7.3029     7.3016     7.2963     7.2950     0.0000     0.0000     0.0806    99.5125     0.0002     4.6447   38.55217    2.61045    113.607    26.1904    26.1906    1479.11          0      33431          6  0.000e+00
  430362392     70.411     71.022   3.421355   3.421307    33.4909    33.4918     7.3034     7.3019     7.2968     7.2953     0.0000     0.0000     0.0794    99.5125     0.0002     4.6447   38.57607    2.61207    113.678    26.1892    26.1901    1479.11          0      33432          6  0.000e+00
  430362392     70.498     71.110   3.421349   3.421339    33.4908    33.4922     7.3034     7.3018     7.2968     7.2952     0.0000     0.0000     0.0794    99.5125     0.0002     4.6447   38.61308    2.61457    113.787    26.1892    26.1905    1479.11          0      33433          6  0.000e+00
  430362392     70.454     71.066   3.421382   3.421378    33.4911    33.4930     7.3034     7.3014     7.2968     7.2948     0.0000     0.0000     0.0794    99.5125     0.0002     4.6447   38.58404    2.61260    113.701    26.1895    26.1912    1479.11          0      33434          6  0.000e+00
  430362392     70.473     71.085   3.421454   3.421410    33.4921    33.4933     7.3032     7.3015     7.2966     7.2949     0.0000     0.0000     0.0794    99.5125     0.0002     4.6447   38.59982    2.61366    113.747    26.1902    26.1914    1479.11          0      33435          6  0.000e+00
  430362392     70.498     71.110   3.421507   3.421488    33.4930    33.4943     7.3029     7.3013     7.2963     7.2947     0.0000     0.0000     0.0806    99.5125     0.0002     4.6447   38.61660    2.61480    113.797    26.1909    26.1923    1479.11          0      33436          6  0.000e+00
  430362392     70.498     71.110   3.421587   3.421559    33.4941    33.4955     7.3026     7.3008     7.2960     7.2942     0.0000     0.0000     0.0794    99.5125     0.0002     4.6447   38.70056    2.62049    114.044    26.1919    26.1933    1479.11          0      33437          6  0.000e+00
  430362392     70.548     71.160   3.421653   3.421642    33.4948    33.4964     7.3026     7.3008     7.2960     7.2942     0.0000     0.0000     0.0794    99.5125     0.0002     4.6447   38.71839    2.62168    114.096    26.1925    26.1940    1479.11          0      33438          6  0.000e+00
  430362392     70.523     71.135   3.421666   3.421623    33.4951    33.4964     7.3024     7.3006     7.2958     7.2940     0.0000     0.0000     0.0794    99.5386     0.0002     4.6459   38.70022    2.62046    114.043    26.1927    26.1940    1479.11          0      33439          6  0.000e+00
  430362392     70.548     71.160   3.421733   3.421584    33.4962    33.4958     7.3021     7.3008     7.2955     7.2942     0.0000     0.0000     0.0806    99.5648     0.0002     4.6471   38.63828    2.61626    113.860    26.1936    26.1935    1479.11          0      33440          6  0.000e+00
  430362392     70.548     71.160   3.421739   3.421526    33.4962    33.4950     7.3021     7.3009     7.2955     7.2943     0.0000     0.0000     0.0806    99.5648     0.0002     4.6471   38.70940    2.62108    114.069    26.1936    26.1928    1479.11          0      33441          6  0.000e+00
