ROS/FK009A_CTD039_20130827.ros
* Sea-Bird SBE 9 Data File:
* FileName = C:\Falkor-Data-2013\FK009A\CTD\FK009A_CTD039_20130827.hex
* Software Version Seasave V 7.21f
* Temperature SN = 5483
* Conductivity SN = 3916
* Number of Bytes Per Scan = 41
* Number of Voltage Words = 4
* Number of Scans Averaged by the Deck Unit = 1
* NMEA Latitude = 48 16.04 N
* NMEA Longitude = 125 12.64 W
* NMEA UTC (Time) = Aug 27 2013 23:23:36
* NMEA baud rate = 4800
** Ship: RV Falkor
** Station: TC01
** Operator: CP
# nquan = 27
# nvalues = 539                                   
# units = specified
# name 0 = timeQ: Time, NMEA [seconds]
# name 1 = depSM: Depth [salt water, m]
# name 2 = prDM: Pressure, Digiquartz [db]
# name 3 = c0S/m: Conductivity [S/m]
# name 4 = c1S/m: Conductivity, 2 [S/m]
# name 5 = sal00: Salinity, Practical [PSU]
# name 6 = sal11: Salinity, Practical, 2 [PSU]
# name 7 = t090C: Temperature [ITS-90, deg C]
# name 8 = t190C: Temperature, 2 [ITS-90, deg C]
# name 9 = potemp090C: Potential Temperature [ITS-90, deg C]
# name 10 = potemp190C: Potential Temperature, 2 [ITS-90, deg C]
# name 11 = v2: Voltage 2
# name 12 = v3: Voltage 3
# name 13 = v0: Voltage 0
# name 14 = CStarTr0: Beam Transmission, WET Labs C-Star [%]
# name 15 = CStarAt0: Beam Attenuation, WET Labs C-Star [1/m]
# name 16 = v5: Voltage 5
# name 17 = sbeox0PS: Oxygen, SBE 43 [% saturation]
# name 18 = sbeox0ML/L: Oxygen, SBE 43 [ml/l]
# name 19 = sbeox0Mm/Kg: Oxygen, SBE 43 [umol/Kg]
# name 20 = sigma-é00: Density [sigma-theta, Kg/m^3]
# name 21 = sigma-é11: Density, 2 [sigma-theta, Kg/m^3]
# name 22 = svCM: Sound Velocity [Chen-Millero, m/s]
# name 23 = modError: Modulo Error Count
# name 24 = scan: Scan Count
# name 25 = nbf: Bottles Fired
# name 26 = flag:  0.000e+00
# interval = seconds: 0.0416667
# start_time = Aug 27 2013 23:23:37 [NMEA time, first data scan]
# bad_flag = -9.990e-29
*END*
[from data line 376]
  430962590     49.745     50.173   3.416899   3.416725    33.5113    33.5120     7.2427     7.2399     7.2380     7.2353     0.0000     0.0000     0.0781    98.6230     0.0006     4.6032   30.85373    2.09179     91.033    26.2134    26.2144    1478.56          0      37747          8  0.000e+00
  430962590     49.732     50.161   3.416959   3.416718    33.5118    33.5120     7.2428     7.2399     7.2382     7.2352     0.0000     0.0000     0.0781    98.6230     0.0006     4.6032   30.80265    2.08831     90.882    26.2138    26.2144    1478.56          0      37748          8  0.000e+00
  430962590     49.732     50.161   3.416966   3.416693    33.5117    33.5117     7.2430     7.2399     7.2384     7.2352     0.0000     0.0000     0.0781    98.6230     0.0006     4.6032   30.79507    2.08779     90.859    26.2137    26.2142    1478.56          0      37749          8  0.000e+00
  430962590     49.732     50.161   3.416886   3.416706    33.5110    33.5120     7.2428     7.2398     7.2382     7.2351     0.0000     0.0000     0.0794    98.5707     0.0006     4.6007   30.78751    2.08730     90.838    26.2132    26.2144    1478.56          0      37750          8  0.000e+00
  430962590     49.695     50.123   3.416926   3.416712    33.5113    33.5123     7.2430     7.2395     7.2384     7.2349     0.0000     0.0000     0.0794    98.5445     0.0006     4.5995   30.77978    2.08676     90.814    26.2134    26.2147    1478.56          0      37751          8  0.000e+00
  430962590     49.733     50.161   3.416959   3.416693    33.5118    33.5121     7.2428     7.2395     7.2382     7.2349     0.0000     0.0000     0.0781    98.5445     0.0006     4.5995   30.78419    2.08706     90.827    26.2138    26.2145    1478.56          0      37752          8  0.000e+00
  430962590     49.733     50.161   3.416952   3.416686    33.5114    33.5120     7.2432     7.2396     7.2385     7.2349     0.0000     0.0000     0.0781    98.5184     0.0006     4.5983   30.78891    2.08737     90.841    26.2135    26.2144    1478.56          0      37753          8  0.000e+00
  430962590     49.695     50.123   3.416952   3.416725    33.5116    33.5120     7.2430     7.2400     7.2384     7.2354     0.0000     0.0000     0.0781    98.5445     0.0006     4.5995   30.79397    2.08772     90.856    26.2136    26.2144    1478.56          0      37754          8  0.000e+00
  430962590     49.733     50.161   3.416926   3.416718    33.5111    33.5118     7.2432     7.2401     7.2385     7.2354     0.0000     0.0000     0.0794    98.5184     0.0006     4.5983   30.86596    2.09260     91.068    26.2132    26.2142    1478.56          0      37755          8  0.000e+00
  430962590     49.683     50.110   3.416952   3.416738    33.5114    33.5120     7.2432     7.2402     7.2385     7.2356     0.0000     0.0000     0.0794    98.5445     0.0006     4.5995   30.87097    2.09294     91.083    26.2135    26.2143    1478.56          0      37756          8  0.000e+00
  430962590     49.683     50.110   3.416906   3.416738    33.5106    33.5118     7.2435     7.2403     7.2389     7.2357     0.0000     0.0000     0.0781    98.5445     0.0006     4.5995   30.87568    2.09325     91.097    26.2128    26.2142    1478.56          0      37757          8  0.000e+00
  430962590     49.745     50.173   3.416933   3.416738    33.5110    33.5117     7.2433     7.2404     7.2387     7.2358     0.0000     0.0000     0.0781    98.5445     0.0006     4.5995   30.88020    2.09356     91.110    26.2131    26.2141    1478.56          0      37758          8  0.000e+00
  430962590     49.733     50.161   3.416959   3.416744    33.5113    33.5117     7.2433     7.2405     7.2387     7.2359     0.0000     0.0000     0.0781    98.5445     0.0006     4.5995   30.81777    2.08932     90.926    26.2134    26.2141    1478.56          0      37759          8  0.000e+00
  430962590     49.683     50.110   3.416952   3.416718    33.5112    33.5117     7.2433     7.2402     7.2387     7.2356     0.0000     0.0000     0.0781    98.5445     0.0006     4.5995   30.81000    2.08880     90.903    26.2133    26.2142    1478.56          0      37760          8  0.000e+00
  430962590     49.745     50.173   3.416952   3.416731    33.5111    33.5120     7.2435     7.2401     7.2388     7.2354     0.0000     0.0000     0.0794    98.5445     0.0006     4.5995   30.80267    2.08829     90.881    26.2132    26.2143    1478.56          0      37761          8  0.000e+00
  430962590     49.733     50.161   3.416926   3.416725    33.5100    33.5121     7.2443     7.2399     7.2397     7.2352     0.0000     0.0000     0.0806    98.5445     0.0006     4.5995   30.80683    2.08855     90.892    26.2122    26.2145    1478.56          0      37762          8  0.000e+00
  430962737     30.178     30.436   3.417194   3.416618    33.1978    33.2016     7.5814     7.5710     7.5785     7.5681     0.0000     0.0000     0.0867    99.3555     0.0003     4.6374   39.28680    2.64847    115.292    25.9193    25.9237    1479.15          0      41291          9  0.000e+00
  430962737     30.085     30.342   3.417154   3.416631    33.1977    33.2020     7.5811     7.5707     7.5782     7.5679     0.0000     0.0000     0.0867    99.3555     0.0003     4.6374   39.35532    2.65311    115.494    25.9192    25.9240    1479.14          0      41292          9  0.000e+00
  430962737     30.134     30.392   3.417081   3.416618    33.1977    33.2018     7.5803     7.5707     7.5774     7.5679     0.0000     0.0000     0.0867    99.3555     0.0003     4.6374   39.29266    2.64893    115.313    25.9193    25.9239    1479.14          0      41293          9  0.000e+00
  430962737     30.134     30.392   3.417134   3.416631    33.1990    33.2018     7.5795     7.5709     7.5766     7.5680     0.0000     0.0000     0.0867    99.3555     0.0003     4.6374   39.36168    2.65361    115.516    25.9205    25.9239    1479.14          0      41294          9  0.000e+00
  430962737     30.134     30.392   3.417161   3.416663    33.1995    33.2021     7.5793     7.5710     7.5765     7.5681     0.0000     0.0000     0.0879    99.3555     0.0003     4.6374   39.37603    2.65458    115.558    25.9208    25.9241    1479.14          0      41295          9  0.000e+00
  430962737     30.178     30.436   3.417114   3.416650    33.1989    33.2021     7.5793     7.5707     7.5765     7.5679     0.0000     0.0000     0.0867    99.3555     0.0003     4.6374   39.32486    2.65114    115.409    25.9204    25.9242    1479.14          0      41296          9  0.000e+00
  430962737     30.134     30.392   3.417101   3.416644    33.1987    33.2021     7.5795     7.5707     7.5766     7.5679     0.0000     0.0000     0.0867    99.3555     0.0003     4.6374   39.39407    2.65580    115.611    25.9202    25.9241    1479.14          0      41297          9  0.000e+00
  430962737     30.085     30.342   3.417121   3.416637    33.1991    33.2021     7.5793     7.5707     7.5765     7.5678     0.0000     0.0000     0.0867    99.3555     0.0003     4.6374   39.33133    2.65157    115.427    25.9205    25.9241    1479.14          0      41298          9  0.000e+00
  430962737     30.178     30.436   3.417154   3.416592    33.1997    33.2020     7.5790     7.5703     7.5761     7.5674     0.0000     0.0000     0.0867    99.3555     0.0003     4.6374   39.33552    2.65187    115.440    25.9211    25.9241    1479.14          0      41299          9  0.000e+00
  430962737     30.134     30.392   3.417114   3.416650    33.1993    33.2025     7.5790     7.5704     7.5761     7.5676     0.0000     0.0000     0.0867    99.3555     0.0003     4.6374   39.33947    2.65214    115.452    25.9207    25.9245    1479.14          0      41300          9  0.000e+00
  430962737     30.134     30.392   3.417141   3.416644    33.1991    33.2023     7.5795     7.5705     7.5766     7.5676     0.0000     0.0000     0.0867    99.3555     0.0003     4.6374   39.34406    2.65242    115.464    25.9205    25.9244    1479.14          0      41301          9  0.000e+00
  430962737     30.134     30.392   3.417141   3.416637    33.1991    33.2016     7.5795     7.5712     7.5766     7.5683     0.0000     0.0000     0.0867    99.3555     0.0003     4.6374   39.34915    2.65277    115.479    25.9205    25.9237    1479.14          0      41302          9  0.000e+00
  430962737     30.178     30.436   3.417154   3.416644    33.1991    33.2014     7.5796     7.5714     7.5768     7.5685     0.0000     0.0000     0.0867    99.3555     0.0003     4.6374   39.35491    2.65315    115.496    25.9205    25.9235    1479.14          0      41303          9  0.000e+00
  430962738     30.178     30.436   3.417161   3.416663    33.1994    33.2016     7.5793     7.5715     7.5765     7.5686     0.0000     0.0012     0.0867    99.3555     0.0003     4.6374   39.34938    2.65279    115.480    25.9208    25.9236    1479.14          0      41304          9  0.000e+00
  430962738     30.178     30.436   3.417161   3.416650    33.1991    33.2014     7.5796     7.5716     7.5768     7.5687     0.0000     0.0000     0.0867    99.3555     0.0003     4.6374   39.40955    2.65683    115.656    25.9205    25.9234    1479.14          0      41305          9  0.000e+00
  430962738     30.178     30.436   3.417161   3.416644    33.1997    33.2016     7.5790     7.5712     7.5761     7.5683     0.0000     0.0000     0.0867    99.3293     0.0003     4.6361   39.41468    2.65720    115.672    25.9211    25.9237    1479.14          0      41306          9  0.000e+00
  430962738     30.178     30.436   3.417161   3.416683    33.1999    33.2020     7.5788     7.5713     7.5760     7.5684     0.0000     0.0000     0.0867    99.3555     0.0003     4.6374   39.41931    2.65752    115.686    25.9213    25.9239    1479.14          0      41307          9  0.000e+00
  430962738     30.178     30.436   3.417134   3.416657    33.1999    33.2016     7.5785     7.5714     7.5757     7.5685     0.0000     0.0000     0.0879    99.3817     0.0002     4.6386   39.43506    2.65860    115.733    25.9213    25.9236    1479.14          0      41308          9  0.000e+00
  430962738     30.222     30.480   3.417134   3.416663    33.2004    33.2012     7.5780     7.5719     7.5752     7.5690     0.0000     0.0000     0.0879    99.3817     0.0002     4.6386   39.45105    2.65970    115.781    25.9217    25.9233    1479.14          0      41309          9  0.000e+00
  430962738     30.178     30.436   3.417154   3.416695    33.2003    33.2018     7.5784     7.5716     7.5755     7.5687     0.0000     0.0000     0.0879    99.4078     0.0002     4.6398   39.46654    2.66073    115.826    25.9216    25.9238    1479.14          0      41310          9  0.000e+00
  430962738     30.228     30.487   3.417134   3.416683    33.2005    33.2013     7.5779     7.5720     7.5750     7.5691     0.0000     0.0000     0.0879    99.4078     0.0002     4.6398   39.47099    2.66105    115.840    25.9219    25.9233    1479.14          0      41311          9  0.000e+00
  430962738     30.222     30.480   3.417128   3.416676    33.2004    33.2012     7.5779     7.5720     7.5750     7.5691     0.0000     0.0000     0.0879    99.4078     0.0002     4.6398   39.54039    2.66573    116.044    25.9218    25.9232    1479.14          0      41312          9  0.000e+00
  430962738     30.222     30.480   3.417088   3.416695    33.2002    33.2014     7.5777     7.5720     7.5749     7.5691     0.0000     0.0000     0.0879    99.3817     0.0002     4.6386   39.48855    2.66225    115.892    25.9216    25.9234    1479.13          0      41313          9  0.000e+00
  430962738     30.272     30.531   3.417094   3.416683    33.2007    33.2008     7.5773     7.5725     7.5744     7.5696     0.0000     0.0000     0.0879    99.3817     0.0002     4.6386   39.49115    2.66245    115.900    25.9221    25.9229    1479.13          0      41314          9  0.000e+00
  430962738     30.272     30.531   3.417101   3.416695    33.2017    33.2003     7.5763     7.5731     7.5734     7.5703     0.0000     0.0000     0.0879    99.3817     0.0002     4.6386   39.43890    2.65896    115.749    25.9230    25.9224    1479.13          0      41315          9  0.000e+00
  430962738     30.272     30.531   3.417035   3.416766    33.2017    33.2004     7.5755     7.5739     7.5726     7.5710     0.0000     0.0000     0.0879    99.3817     0.0002     4.6386   39.44173    2.65920    115.759    25.9231    25.9223    1479.13          0      41316          9  0.000e+00
  430962738     30.272     30.531   3.417002   3.416792    33.2020    33.1998     7.5749     7.5747     7.5720     7.5718     0.0000     0.0000     0.0879    99.3817     0.0002     4.6386   39.51075    2.66389    115.963    25.9234    25.9218    1479.13          0      41317          9  0.000e+00
  430962738     30.315     30.575   3.417002   3.416799    33.2045    33.1994     7.5721     7.5752     7.5693     7.5723     0.0000     0.0000     0.0879    99.3817     0.0002     4.6386   39.57968    2.66866    116.170    25.9258    25.9214    1479.12          0      41318          9  0.000e+00
  430962738     30.272     30.531   3.416982   3.416792    33.2054    33.1992     7.5710     7.5754     7.5682     7.5725     0.0000     0.0000     0.0879    99.3817     0.0002     4.6386   39.52675    2.66514    116.017    25.9267    25.9212    1479.12          0      41319          9  0.000e+00
  430962738     30.315     30.575   3.417002   3.416844    33.2051    33.1995     7.5715     7.5756     7.5686     7.5728     0.0000     0.0000     0.0879    99.4078     0.0002     4.6398   39.58250    2.66888    116.180    25.9264    25.9214    1479.12          0      41320          9  0.000e+00
  430962738     30.315     30.575   3.416982   3.416811    33.2054    33.1991     7.5710     7.5757     7.5682     7.5728     0.0000     0.0000     0.0879    99.3817     0.0002     4.6386   39.58207    2.66887    116.180    25.9267    25.9211    1479.12          0      41321          9  0.000e+00
  430962738     30.359     30.619   3.416949   3.416792    33.2055    33.1999     7.5705     7.5746     7.5677     7.5717     0.0000     0.0000     0.0879    99.3817     0.0002     4.6386   39.51473    2.66436    115.983    25.9268    25.9219    1479.12          0      41322          9  0.000e+00
  430962738     30.359     30.619   3.416903   3.416728    33.2060    33.2024     7.5694     7.5713     7.5666     7.5684     0.0000     0.0000     0.0879    99.4078     0.0002     4.6398   39.50092    2.66349    115.945    25.9274    25.9243    1479.11          0      41323          9  0.000e+00
  430962738     30.359     30.619   3.416836   3.416657    33.2081    33.2035     7.5666     7.5693     7.5637     7.5664     0.0000     0.0000     0.0879    99.3817     0.0002     4.6386   39.55205    2.66707    116.101    25.9294    25.9254    1479.10          0      41324          9  0.000e+00
  430962738     30.365     30.625   3.416797   3.416663    33.2104    33.2046     7.5637     7.5682     7.5608     7.5653     0.0000     0.0000     0.0879    99.4078     0.0002     4.6398   39.55876    2.66766    116.126    25.9316    25.9265    1479.10          0      41325          9  0.000e+00
  430962738     30.409     30.669   3.416790   3.416670    33.2117    33.2042     7.5623     7.5687     7.5594     7.5659     0.0000     0.0000     0.0879    99.3817     0.0002     4.6386   39.57622    2.66890    116.180    25.9328    25.9260    1479.09          0      41326          9  0.000e+00
  430962738     30.409     30.669   3.416770   3.416650    33.2121    33.2040     7.5616     7.5686     7.5587     7.5658     0.0000     0.0000     0.0879    99.3555     0.0003     4.6374   39.59294    2.67006    116.231    25.9333    25.9259    1479.09          0      41327          9  0.000e+00
