ROS/FK009A_CTD011_20130820.ros
* Sea-Bird SBE 9 Data File:
* FileName = C:\Falkor-Data-2013\FK009A\CTD\FK009A_CTD011_20130820.hex
* Software Version Seasave V 7.21f
* Temperature SN = 5483
* Conductivity SN = 3916
* Number of Bytes Per Scan = 41
* Number of Voltage Words = 4
* Number of Scans Averaged by the Deck Unit = 1
* NMEA Latitude = 48 13.95 N
* NMEA Longitude = 126 11.50 W
* NMEA UTC (Time) = Aug 20 2013 09:04:09
* NMEA baud rate = 4800
** Ship: RV Falkor
** Station: BCC7
** Operator: CP
# nquan = 27
# nvalues = 1176                                  
# units = specified
# name 0 = timeQ: Time, NMEA [seconds]
# name 1 = depSM: Depth [salt water, m]
# name 2 = prDM: Pressure, Digiquartz [db]
# name 3 = c0S/m: Conductivity [S/m]
# name 4 = c1S/m: Conductivity, 2 [S/m]
# name 5 = sal00: Salinity, Practical [PSU]
# name 6 = sal11: Salinity, Practical, 2 [PSU]
# name 7 = t090C: Temperature [ITS-90, deg C]
# name 8 = t190C: Temperature, 2 [ITS-90, deg C]
# name 9 = potemp090C: Potential Temperature [ITS-90, deg C]
# name 10 = potemp190C: Potential Temperature, 2 [ITS-90, deg C]
# name 11 = v2: Voltage 2
# name 12 = v3: Voltage 3
# name 13 = v0: Voltage 0
# name 14 = CStarTr0: Beam Transmission, WET Labs C-Star [%]
# name 15 = CStarAt0: Beam Attenuation, WET Labs C-Star [1/m]
# name 16 = v5: Voltage 5
# name 17 = sbeox0PS: Oxygen, SBE 43 [% saturation]
# name 18 = sbeox0ML/L: Oxygen, SBE 43 [ml/l]
# name 19 = sbeox0Mm/Kg: Oxygen, SBE 43 [umol/Kg]
# name 20 = sigma-é00: Density [sigma-theta, Kg/m^3]
# name 21 = sigma-é11: Density, 2 [sigma-theta, Kg/m^3]
# name 22 = svCM: Sound Velocity [Chen-Millero, m/s]
# name 23 = modError: Modulo Error Count
# name 24 = scan: Scan Count
# name 25 = nbf: Bottles Fired
# name 26 = flag:  0.000e+00
# interval = seconds: 0.0416667
# start_time = Aug 20 2013 09:04:10 [NMEA time, first data scan]
# bad_flag = -9.990e-29
*END*
[from data line 752]
  430310772    102.124    103.016   3.426944   3.426534    33.4973    33.4942     7.3436     7.3423     7.3340     7.3326     2.0391     0.8559     0.0781   100.1141    -0.0000     4.6728   49.77520    3.36714    146.539    26.1891    26.1868    1479.80         13     146861         16  0.000e+00
  430310772    102.168    103.060   3.427109   3.426734    33.4989    33.4957     7.3438     7.3429     7.3342     7.3333     2.0391     0.8584     0.0794   100.1141    -0.0000     4.6728   49.76876    3.36666    146.518    26.1903    26.1880    1479.80         13     146862         16  0.000e+00
  430310772    102.168    103.060   3.427295   3.426908    33.5003    33.4973     7.3444     7.3432     7.3348     7.3336     2.0379     0.8571     0.0794   100.1141    -0.0000     4.6728   49.76248    3.36616    146.496    26.1914    26.1892    1479.80         13     146863         16  0.000e+00
  430310772    102.168    103.060   3.427547   3.427044    33.5029    33.4986     7.3446     7.3433     7.3350     7.3337     2.0391     0.8571     0.0794   100.1141    -0.0000     4.6728   49.69002    3.36119    146.279    26.1933    26.1902    1479.81         13     146864         16  0.000e+00
  430310772    102.218    103.111   3.427759   3.427205    33.5047    33.5000     7.3451     7.3437     7.3355     7.3341     2.0391     0.8559     0.0781   100.1141    -0.0000     4.6728   49.67401    3.36003    146.228    26.1947    26.1912    1479.81         13     146865         16  0.000e+00
  430310772    102.262    103.155   3.427871   3.427347    33.5059    33.5014     7.3451     7.3438     7.3355     7.3342     2.0379     0.8584     0.0794   100.1141    -0.0000     4.6728   49.67093    3.35979    146.218    26.1957    26.1923    1479.81         13     146866         16  0.000e+00
  430310772    102.218    103.111   3.427964   3.427560    33.5065    33.5034     7.3455     7.3441     7.3358     7.3345     2.0379     0.8571     0.0794   100.1141    -0.0000     4.6728   49.73540    3.36411    146.406    26.1961    26.1939    1479.82         13     146867         16  0.000e+00
  430310772    102.262    103.155   3.428090   3.427740    33.5078    33.5051     7.3456     7.3445     7.3359     7.3348     2.0379     0.8571     0.0794   100.1141    -0.0000     4.6728   49.74621    3.36480    146.436    26.1971    26.1951    1479.82         13     146868         16  0.000e+00
  430310772    102.355    103.249   3.428203   3.427805    33.5087    33.5054     7.3459     7.3448     7.3363     7.3351     2.0379     0.8571     0.0794   100.1141    -0.0000     4.6728   49.74630    3.36477    146.434    26.1977    26.1953    1479.82         13     146869         16  0.000e+00
  430310772    102.262    103.155   3.428289   3.427928    33.5094    33.5066     7.3461     7.3450     7.3365     7.3353     2.0379     0.8584     0.0781   100.1141    -0.0000     4.6728   49.74569    3.36469    146.431    26.1983    26.1962    1479.82         13     146870         16  0.000e+00
  430310772    102.305    103.199   3.428349   3.427986    33.5099    33.5071     7.3462     7.3451     7.3366     7.3355     2.0379     0.8571     0.0781   100.1141    -0.0000     4.6728   49.81313    3.36923    146.628    26.1987    26.1966    1479.82         13     146871         16  0.000e+00
  430310772    102.355    103.249   3.428415   3.428044    33.5103    33.5075     7.3465     7.3453     7.3369     7.3356     2.0366     0.8584     0.0769   100.1141    -0.0000     4.6728   49.75871    3.36552    146.467    26.1990    26.1969    1479.83         13     146872         16  0.000e+00
  430310772    102.355    103.249   3.428448   3.428102    33.5107    33.5080     7.3465     7.3454     7.3369     7.3358     2.0366     0.8559     0.0769   100.1403    -0.0001     4.6740   49.82636    3.37009    146.666    26.1992    26.1973    1479.83         13     146873         16  0.000e+00
  430310772    102.355    103.249   3.428455   3.428140    33.5107    33.5083     7.3466     7.3456     7.3369     7.3359     2.0366     0.8559     0.0757   100.1141    -0.0000     4.6728   49.76014    3.36560    146.470    26.1993    26.1975    1479.83         13     146874         16  0.000e+00
  430310772    102.399    103.293   3.428521   3.428192    33.5115    33.5090     7.3465     7.3454     7.3369     7.3358     2.0366     0.8571     0.0781   100.1141    -0.0000     4.6728   49.69469    3.36116    146.277    26.1999    26.1980    1479.83         13     146875         16  0.000e+00
  430310772    102.355    103.249   3.428521   3.428282    33.5112    33.5100     7.3468     7.3454     7.3372     7.3358     2.0366     0.8571     0.0769   100.1141    -0.0000     4.6728   49.67282    3.35967    146.212    26.1996    26.1988    1479.83         13     146876         16  0.000e+00
  430310772    102.449    103.344   3.428548   3.428282    33.5114    33.5096     7.3468     7.3457     7.3372     7.3361     2.0366     0.8571     0.0769   100.1141    -0.0000     4.6728   49.67629    3.35990    146.222    26.1998    26.1985    1479.83         13     146877         16  0.000e+00
  430310772    102.399    103.293   3.428574   3.428315    33.5118    33.5098     7.3467     7.3459     7.3371     7.3362     2.0366     0.8571     0.0757   100.1141    -0.0000     4.6728   49.60162    3.35485    146.002    26.2001    26.1987    1479.83         13     146878         16  0.000e+00
  430310772    102.399    103.293   3.428541   3.428360    33.5115    33.5100     7.3467     7.3462     7.3370     7.3366     2.0366     0.8571     0.0781   100.1141    -0.0000     4.6728   49.65059    3.35817    146.147    26.1999    26.1988    1479.83         13     146879         16  0.000e+00
  430310772    102.449    103.344   3.428514   3.428392    33.5112    33.5107     7.3467     7.3459     7.3370     7.3362     2.0366     0.8571     0.0769   100.1141    -0.0000     4.6728   49.64563    3.35784    146.133    26.1996    26.1993    1479.83         13     146880         16  0.000e+00
  430310772    102.399    103.293   3.428567   3.428373    33.5117    33.5106     7.3468     7.3457     7.3372     7.3361     2.0366     0.8584     0.0769   100.1403    -0.0001     4.6740   49.57430    3.35299    145.922    26.2000    26.1993    1479.83         13     146881         16  0.000e+00
  430310772    102.449    103.344   3.428581   3.428392    33.5119    33.5107     7.3467     7.3459     7.3371     7.3362     2.0366     0.8584     0.0769   100.1665    -0.0001     4.6752   49.62694    3.35656    146.077    26.2002    26.1993    1479.83         13     146882         16  0.000e+00
  430310772    102.399    103.293   3.428581   3.428373    33.5118    33.5103     7.3468     7.3460     7.3372     7.3364     2.0366     0.8571     0.0769   100.1665    -0.0001     4.6752   49.62469    3.35640    146.070    26.2001    26.1990    1479.83         13     146883         16  0.000e+00
  430310772    102.449    103.344   3.428541   3.428295    33.5113    33.5098     7.3468     7.3457     7.3372     7.3361     2.0354     0.8571     0.0769   100.1665    -0.0001     4.6752   49.69075    3.36088    146.265    26.1997    26.1986    1479.83         13     146884         16  0.000e+00
  430310772    102.449    103.344   3.428514   3.428063    33.5112    33.5075     7.3467     7.3454     7.3370     7.3358     2.0354     0.8571     0.0769   100.1665    -0.0001     4.6752   49.63509    3.35713    146.101    26.1996    26.1969    1479.83         13     146885         16  0.000e+00
  430310772    102.449    103.344   3.428455   3.427831    33.5107    33.5057     7.3466     7.3448     7.3369     7.3351     2.0354     0.8584     0.0769   100.1665    -0.0001     4.6752   49.63557    3.35718    146.104    26.1992    26.1955    1479.83         13     146886         16  0.000e+00
  430310773    102.449    103.344   3.428422   3.427689    33.5102    33.5043     7.3467     7.3446     7.3370     7.3350     2.0366     0.8571     0.0769   100.1665    -0.0001     4.6752   49.63700    3.35728    146.108    26.1988    26.1945    1479.83         13     146887         16  0.000e+00
  430310773    102.449    103.344   3.428382   3.427702    33.5101    33.5043     7.3464     7.3448     7.3367     7.3351     2.0366     0.8571     0.0769   100.1665    -0.0001     4.6752   49.63942    3.35747    146.116    26.1988    26.1944    1479.83         13     146888         16  0.000e+00
  430310773    102.399    103.293   3.428362   3.427857    33.5096    33.5060     7.3467     7.3448     7.3370     7.3351     2.0366     0.8559     0.0757   100.1665    -0.0001     4.6752   49.64243    3.35766    146.125    26.1984    26.1958    1479.83         13     146889         16  0.000e+00
  430310773    102.449    103.344   3.428296   3.427973    33.5093    33.5069     7.3463     7.3451     7.3366     7.3355     2.0366     0.8571     0.0757   100.1665    -0.0001     4.6752   49.64709    3.35801    146.140    26.1982    26.1964    1479.83         13     146890         16  0.000e+00
  430310773    102.399    103.293   3.428243   3.428037    33.5086    33.5074     7.3464     7.3453     7.3367     7.3356     2.0354     0.8571     0.0769   100.1665    -0.0001     4.6752   49.65203    3.35835    146.155    26.1976    26.1969    1479.82         13     146891         16  0.000e+00
  430310773    102.449    103.344   3.428329   3.428011    33.5098    33.5074     7.3460     7.3450     7.3364     7.3353     2.0354     0.8571     0.0769   100.1665    -0.0001     4.6752   49.65861    3.35880    146.174    26.1986    26.1969    1479.83         13     146892         16  0.000e+00
  430310982     69.838     70.442   3.376597   3.376795    32.9500    32.9499     7.3613     7.3636     7.3548     7.3571     1.8584     0.8584     0.0830   100.0880    -0.0000     4.6716   61.14950    4.14979    180.676    25.7557    25.7553    1478.65         13     151906         17  0.000e+00
  430310982     69.769     70.373   3.376603   3.376884    32.9498    32.9506     7.3615     7.3639     7.3550     7.3574     1.8584     0.8584     0.0830   100.0880    -0.0000     4.6716   61.15415    4.15008    180.689    25.7555    25.7558    1478.65         13     151907         17  0.000e+00
  430310982     69.863     70.467   3.376603   3.376929    32.9497    32.9504     7.3616     7.3646     7.3551     7.3581     1.8584     0.8596     0.0830   100.0880    -0.0000     4.6716   61.21598    4.15427    180.871    25.7555    25.7556    1478.65         13     151908         17  0.000e+00
  430310982     69.863     70.467   3.376610   3.376916    32.9498    32.9503     7.3616     7.3646     7.3551     7.3581     1.8584     0.8584     0.0818   100.0880    -0.0000     4.6716   61.22261    4.15472    180.891    25.7555    25.7555    1478.65         13     151909         17  0.000e+00
  430310982     69.813     70.417   3.376577   3.376916    32.9497    32.9505     7.3614     7.3644     7.3549     7.3579     1.8584     0.8596     0.0818   100.0880    -0.0000     4.6716   61.22934    4.15520    180.912    25.7554    25.7557    1478.65         13     151910         17  0.000e+00
  430310982     69.881     70.486   3.376551   3.376904    32.9498    32.9503     7.3609     7.3644     7.3544     7.3579     1.8584     0.8596     0.0818   100.0880    -0.0000     4.6716   61.30382    4.16029    181.134    25.7556    25.7555    1478.65         13     151911         17  0.000e+00
  430310982     69.906     70.511   3.376551   3.376936    32.9497    32.9503     7.3609     7.3647     7.3544     7.3582     1.8584     0.8596     0.0830   100.0880    -0.0000     4.6716   61.33481    4.16240    181.225    25.7556    25.7555    1478.65         13     151912         17  0.000e+00
  430310982     69.863     70.467   3.376544   3.376968    32.9495    32.9507     7.3611     7.3647     7.3546     7.3582     1.8584     0.8584     0.0830   100.0880    -0.0000     4.6716   61.28755    4.15918    181.085    25.7554    25.7558    1478.65         13     151913         17  0.000e+00
  430310982     69.906     70.511   3.376564   3.376942    32.9498    32.9501     7.3610     7.3650     7.3545     7.3585     1.8584     0.8596     0.0830   100.0880    -0.0000     4.6716   61.28459    4.15898    181.076    25.7556    25.7553    1478.65         13     151914         17  0.000e+00
  430310982     69.956     70.562   3.376571   3.376897    32.9493    32.9499     7.3616     7.3647     7.3551     7.3582     1.8584     0.8596     0.0830   100.0880    -0.0000     4.6716   61.29345    4.15954    181.101    25.7552    25.7551    1478.65         13     151915         17  0.000e+00
  430310982     69.925     70.530   3.376577   3.376814    32.9499    32.9497     7.3611     7.3639     7.3546     7.3574     1.8584     0.8584     0.0830   100.0880    -0.0000     4.6716   61.30225    4.16017    181.128    25.7556    25.7552    1478.65         13     151916         17  0.000e+00
  430310982     70.000     70.606   3.376571   3.376718    32.9498    32.9493     7.3610     7.3633     7.3545     7.3568     1.8584     0.8596     0.0830   100.0880    -0.0000     4.6716   61.31233    4.16086    181.158    25.7556    25.7549    1478.65         13     151917         17  0.000e+00
  430310982     70.000     70.606   3.376590   3.376698    32.9497    32.9497     7.3614     7.3626     7.3549     7.3561     1.8584     0.8584     0.0818   100.0880    -0.0000     4.6716   61.32224    4.16150    181.186    25.7554    25.7553    1478.65         13     151918         17  0.000e+00
  430310982     70.043     70.650   3.376610   3.376679    32.9497    32.9493     7.3616     7.3628     7.3551     7.3563     1.8584     0.8584     0.0830   100.0880    -0.0000     4.6716   61.33299    4.16221    181.217    25.7555    25.7550    1478.65         13     151919         17  0.000e+00
  430310982     70.018     70.625   3.376557   3.376775    32.9495    32.9500     7.3612     7.3632     7.3547     7.3566     1.8584     0.8584     0.0818   100.0880    -0.0000     4.6716   61.34372    4.16298    181.251    25.7553    25.7555    1478.65         13     151920         17  0.000e+00
  430310982     70.043     70.650   3.376564   3.376891    32.9498    32.9501     7.3609     7.3644     7.3544     7.3579     1.8584     0.8596     0.0830   100.0880    -0.0000     4.6716   61.42163    4.16829    181.482    25.7556    25.7554    1478.65         13     151921         17  0.000e+00
  430310982     70.093     70.700   3.376577   3.377032    32.9498    32.9507     7.3611     7.3654     7.3546     7.3588     1.8584     0.8596     0.0818   100.0880    -0.0000     4.6716   61.44475    4.16984    181.549    25.7556    25.7557    1478.65         13     151922         17  0.000e+00
  430310982     70.137     70.744   3.376623   3.377058    32.9499    32.9508     7.3615     7.3655     7.3550     7.3590     1.8584     0.8596     0.0806   100.0880    -0.0000     4.6716   61.38963    4.16606    181.385    25.7556    25.7558    1478.65         13     151923         17  0.000e+00
  430310982     70.137     70.744   3.376656   3.377115    32.9502    32.9509     7.3616     7.3660     7.3550     7.3595     1.8584     0.8596     0.0818   100.0880    -0.0000     4.6716   61.46731    4.17132    181.613    25.7558    25.7558    1478.65         13     151924         17  0.000e+00
  430310982     70.156     70.763   3.376643   3.377224    32.9499    32.9515     7.3617     7.3666     7.3552     7.3601     1.8584     0.8584     0.0806   100.0880    -0.0000     4.6716   61.49018    4.17286    181.681    25.7556    25.7562    1478.65         13     151925         17  0.000e+00
  430310982     70.231     70.839   3.376636   3.377289    32.9496    32.9517     7.3619     7.3671     7.3554     7.3605     1.8584     0.8584     0.0806   100.0880    -0.0000     4.6716   61.50166    4.17363    181.714    25.7553    25.7563    1478.65         13     151926         17  0.000e+00
