ROS/FK009A_CTD006_20130820.ros
* Sea-Bird SBE 9 Data File:
* FileName = C:\Falkor-Data-2013\FK009A\CTD\FK009A_CTD006_20130820.hex
* Software Version Seasave V 7.21f
* Temperature SN = 5483
* Conductivity SN = 3916
* Number of Bytes Per Scan = 41
* Number of Voltage Words = 4
* Number of Scans Averaged by the Deck Unit = 1
* NMEA Latitude = 48 24.36 N
* NMEA Longitude = 125 53.59 W
* NMEA UTC (Time) = Aug 20 2013 00:47:16
* NMEA baud rate = 4800
** Ship:
** Station: BCC2
** Operator:
# nquan = 27
# nvalues = 441                                   
# units = specified
# name 0 = timeQ: Time, NMEA [seconds]
# name 1 = depSM: Depth [salt water, m]
# name 2 = prDM: Pressure, Digiquartz [db]
# name 3 = c0S/m: Conductivity [S/m]
# name 4 = c1S/m: Conductivity, 2 [S/m]
# name 5 = sal00: Salinity, Practical [PSU]
# name 6 = sal11: Salinity, Practical, 2 [PSU]
# name 7 = t090C: Temperature [ITS-90, deg C]
# name 8 = t190C: Temperature, 2 [ITS-90, deg C]
# name 9 = potemp090C: Potential Temperature [ITS-90, deg C]
# name 10 = potemp190C: Potential Temperature, 2 [ITS-90, deg C]
# name 11 = v2: Voltage 2
# name 12 = v3: Voltage 3
# name 13 = v0: Voltage 0
# name 14 = CStarTr0: Beam Transmission, WET Labs C-Star [%]
# name 15 = CStarAt0: Beam Attenuation, WET Labs C-Star [1/m]
# name 16 = v5: Voltage 5
# name 17 = sbeox0PS: Oxygen, SBE 43 [% saturation]
# name 18 = sbeox0ML/L: Oxygen, SBE 43 [ml/l]
# name 19 = sbeox0Mm/Kg: Oxygen, SBE 43 [umol/Kg]
# name 20 = sigma-é00: Density [sigma-theta, Kg/m^3]
# name 21 = sigma-é11: Density, 2 [sigma-theta, Kg/m^3]
# name 22 = svCM: Sound Velocity [Chen-Millero, m/s]
# name 23 = modError: Modulo Error Count
# name 24 = scan: Scan Count
# name 25 = nbf: Bottles Fired
# name 26 = flag:  0.000e+00
# interval = seconds: 0.0416667
# start_time = Jan 01 2000 00:47:16 [NMEA time, first data scan]
# bad_flag = -9.990e-29
*END*
[from data line 108]
  430275481    125.059    126.160   3.427519   3.427056    33.8980    33.8971     6.9281     6.9238     6.9166     6.9124     2.4469     0.8278     0.0781    99.7217     0.0001     4.6545   30.71760    2.09231     91.025    26.5621    26.5619    1479.07          0      15467          3  0.000e+00
  430275481    125.077    126.179   3.427433   3.427049    33.8980    33.8974     6.9271     6.9235     6.9157     6.9120     2.4469     0.8278     0.0781    99.7217     0.0001     4.6545   30.72069    2.09256     91.036    26.5622    26.5622    1479.06          0      15468          3  0.000e+00
  430275481    125.059    126.160   3.427393   3.426985    33.8982    33.8978     6.9265     6.9224     6.9151     6.9109     2.4469     0.8266     0.0781    99.7217     0.0001     4.6545   30.72360    2.09279     91.046    26.5624    26.5626    1479.06          0      15469          3  0.000e+00
  430275481    125.102    126.204   3.427380   3.426914    33.8983    33.8977     6.9262     6.9216     6.9147     6.9101     2.4469     0.8254     0.0769    99.7217     0.0001     4.6545   30.65952    2.08844     90.856    26.5626    26.5627    1479.06          0      15470          3  0.000e+00
  430275481    125.121    126.223   3.427340   3.426895    33.8982    33.8982     6.9259     6.9209     6.9144     6.9094     2.4469     0.8266     0.0781    99.7217     0.0001     4.6545   30.71847    2.09247     91.032    26.5625    26.5632    1479.06          0      15471          3  0.000e+00
  430275481    125.152    126.255   3.427320   3.426921    33.8984    33.8981     6.9254     6.9213     6.9139     6.9098     2.4469     0.8266     0.0781    99.7217     0.0001     4.6545   30.72207    2.09273     91.043    26.5628    26.5630    1479.06          0      15472          3  0.000e+00
  430275481    125.152    126.255   3.427254   3.426946    33.8985    33.8978     6.9246     6.9219     6.9131     6.9104     2.4469     0.8254     0.0781    99.7217     0.0001     4.6545   30.72557    2.09301     91.055    26.5629    26.5627    1479.06          0      15473          3  0.000e+00
  430275481    125.171    126.274   3.427254   3.426979    33.8990    33.8979     6.9241     6.9222     6.9126     6.9107     2.4469     0.8266     0.0781    99.7217     0.0001     4.6545   30.72912    2.09327     91.066    26.5633    26.5627    1479.06          0      15474          3  0.000e+00
  430275481    125.196    126.299   3.427261   3.426895    33.8987    33.8979     6.9244     6.9211     6.9130     6.9097     2.4469     0.8254     0.0769    99.6956     0.0001     4.6532   30.73265    2.09350     91.076    26.5631    26.5629    1479.06          0      15475          3  0.000e+00
  430275481    125.196    126.299   3.427281   3.426862    33.8991    33.8986     6.9243     6.9201     6.9128     6.9086     2.4469     0.8266     0.0781    99.6956     0.0001     4.6532   30.73611    2.09374     91.087    26.5634    26.5636    1479.06          0      15476          3  0.000e+00
  430275481    125.265    126.368   3.427175   3.426824    33.8982    33.8989     6.9240     6.9194     6.9125     6.9079     2.4469     0.8266     0.0781    99.6956     0.0001     4.6532   30.75217    2.09486     91.136    26.5628    26.5639    1479.06          0      15477          3  0.000e+00
  430275481    125.240    126.343   3.427088   3.426708    33.8987    33.8987     6.9226     6.9183     6.9111     6.9068     2.4469     0.8266     0.0781    99.6956     0.0001     4.6532   30.75610    2.09519     91.150    26.5633    26.5639    1479.05          0      15478          3  0.000e+00
  430275481    125.333    126.437   3.427002   3.426682    33.8981    33.8988     6.9221     6.9178     6.9106     6.9064     2.4469     0.8278     0.0781    99.6956     0.0001     4.6532   30.76044    2.09551     91.164    26.5630    26.5641    1479.05          0      15479          3  0.000e+00
  430275481    125.265    126.368   3.427002   3.426727    33.8986    33.8979     6.9216     6.9192     6.9101     6.9078     2.4469     0.8278     0.0781    99.6956     0.0001     4.6532   30.69690    2.09120     90.976    26.5634    26.5632    1479.05          0      15480          3  0.000e+00
  430275481    125.333    126.437   3.426963   3.426740    33.8990    33.8985     6.9208     6.9188     6.9093     6.9073     2.4469     0.8266     0.0781    99.6956     0.0001     4.6532   30.68983    2.09075     90.957    26.5638    26.5637    1479.05          0      15481          3  0.000e+00
  430275481    125.333    126.437   3.426876   3.426701    33.8993    33.8984     6.9195     6.9184     6.9080     6.9069     2.4469     0.8266     0.0781    99.6956     0.0001     4.6532   30.75025    2.09493     91.138    26.5642    26.5637    1479.04          0      15482          3  0.000e+00
  430275481    125.352    126.456   3.426837   3.426611    33.9002    33.8990     6.9181     6.9169     6.9066     6.9054     2.4469     0.8266     0.0781    99.6956     0.0001     4.6532   30.75533    2.09533     91.156    26.5652    26.5643    1479.04          0      15483          3  0.000e+00
  430275481    125.383    126.488   3.426890   3.426566    33.9007    33.8995     6.9182     6.9158     6.9067     6.9043     2.4469     0.8254     0.0769    99.6956     0.0001     4.6532   30.74806    2.09482     91.134    26.5655    26.5649    1479.04          0      15484          3  0.000e+00
  430275481    125.383    126.488   3.427035   3.426508    33.9010    33.8994     6.9195     6.9153     6.9080     6.9038     2.4469     0.8266     0.0781    99.6956     0.0001     4.6532   30.74010    2.09421     91.107    26.5656    26.5649    1479.04          0      15485          3  0.000e+00
  430275481    125.383    126.488   3.427075   3.426450    33.8999    33.8990     6.9211     6.9150     6.9096     6.9035     2.4469     0.8266     0.0781    99.6956     0.0001     4.6532   30.81119    2.09899     91.315    26.5645    26.5646    1479.05          0      15486          3  0.000e+00
  430275481    125.402    126.507   3.427022   3.426418    33.8985    33.8992     6.9219     6.9144     6.9104     6.9029     2.4469     0.8266     0.0781    99.6956     0.0001     4.6532   30.75925    2.09543     91.161    26.5633    26.5649    1479.05          0      15487          3  0.000e+00
  430275481    125.427    126.532   3.426963   3.426398    33.8986    33.8994     6.9211     6.9140     6.9096     6.9025     2.4469     0.8266     0.0781    99.6956     0.0001     4.6532   30.76285    2.09572     91.173    26.5635    26.5651    1479.05          0      15488          3  0.000e+00
  430275481    125.427    126.532   3.426949   3.426405    33.8993    33.8995     6.9203     6.9140     6.9088     6.9025     2.4469     0.8266     0.0781    99.6956     0.0001     4.6532   30.69911    2.09140     90.985    26.5641    26.5651    1479.05          0      15489          3  0.000e+00
  430275481    125.496    126.601   3.426949   3.426418    33.9000    33.8993     6.9195     6.9143     6.9080     6.9028     2.4469     0.8254     0.0769    99.6956     0.0001     4.6532   30.69155    2.09092     90.964    26.5648    26.5650    1479.04          0      15490          3  0.000e+00
  430275482    125.471    126.576   3.426923   3.426456    33.8997    33.8999     6.9195     6.9142     6.9080     6.9027     2.4469     0.8266     0.0781    99.6956     0.0001     4.6532   30.75129    2.09499     91.141    26.5646    26.5654    1479.04          0      15491          3  0.000e+00
  430275482    125.471    126.576   3.426936   3.426443    33.8997    33.8995     6.9197     6.9144     6.9082     6.9029     2.4469     0.8278     0.0781    99.6956     0.0001     4.6532   30.68848    2.09070     90.955    26.5646    26.5650    1479.04          0      15492          3  0.000e+00
  430275482    125.446    126.551   3.426969   3.426424    33.9001    33.8991     6.9197     6.9146     6.9082     6.9032     2.4469     0.8266     0.0781    99.6956     0.0001     4.6532   30.74872    2.09480     91.133    26.5648    26.5647    1479.04          0      15493          3  0.000e+00
  430275482    125.521    126.627   3.426956   3.426456    33.8999    33.8994     6.9197     6.9146     6.9082     6.9031     2.4469     0.8278     0.0781    99.6956     0.0001     4.6532   30.74163    2.09432     91.112    26.5647    26.5650    1479.05          0      15494          3  0.000e+00
  430275482    125.471    126.576   3.426923   3.426430    33.8994    33.8988     6.9198     6.9150     6.9083     6.9035     2.4469     0.8254     0.0769    99.7217     0.0001     4.6545   30.80077    2.09835     91.287    26.5643    26.5645    1479.04          0      15495          3  0.000e+00
  430275482    125.539    126.645   3.426896   3.426456    33.8993    33.8992     6.9197     6.9148     6.9082     6.9033     2.4469     0.8266     0.0781    99.7217     0.0001     4.6545   30.74910    2.09484     91.135    26.5642    26.5648    1479.05          0      15496          3  0.000e+00
  430275482    125.521    126.627   3.426956   3.426482    33.8998    33.8993     6.9198     6.9150     6.9083     6.9035     2.4469     0.8266     0.0781    99.7217     0.0001     4.6545   30.68523    2.09047     90.945    26.5646    26.5649    1479.05          0      15497          3  0.000e+00
  430275482    125.521    126.627   3.426936   3.426495    33.8997    33.8992     6.9197     6.9153     6.9082     6.9038     2.4469     0.8278     0.0781    99.7217     0.0001     4.6545   30.67735    2.08995     90.922    26.5645    26.5647    1479.05          0      15498          3  0.000e+00
  430275482    125.539    126.645   3.426943   3.426476    33.8999    33.8988     6.9195     6.9155     6.9080     6.9040     2.4469     0.8254     0.0781    99.7217     0.0001     4.6545   30.67004    2.08945     90.900    26.5647    26.5644    1479.05          0      15499          3  0.000e+00
  430275482    125.521    126.627   3.426949   3.426508    33.9000    33.8992     6.9195     6.9154     6.9080     6.9039     2.4469     0.8278     0.0781    99.7217     0.0001     4.6545   30.66307    2.08898     90.880    26.5648    26.5647    1479.05          0      15500          3  0.000e+00
  430275482    125.521    126.627   3.426949   3.426501    33.8998    33.8991     6.9197     6.9155     6.9082     6.9040     2.4469     0.8266     0.0781    99.7217     0.0001     4.6545   30.72389    2.09311     91.060    26.5646    26.5646    1479.05          0      15501          3  0.000e+00
  430275482    125.521    126.627   3.426923   3.426514    33.8996    33.8991     6.9197     6.9156     6.9082     6.9041     2.4469     0.8266     0.0781    99.7217     0.0001     4.6545   30.72931    2.09349     91.076    26.5644    26.5646    1479.05          0      15502          3  0.000e+00
  430275482    125.539    126.645   3.426896   3.426501    33.8991    33.8992     6.9198     6.9153     6.9083     6.9038     2.4469     0.8266     0.0781    99.7217     0.0001     4.6545   30.72248    2.09302     91.056    26.5640    26.5648    1479.05          0      15503          3  0.000e+00
  430275482    125.564    126.671   3.426910   3.426463    33.8995    33.8988     6.9195     6.9153     6.9080     6.9038     2.4469     0.8278     0.0781    99.7217     0.0001     4.6545   30.71520    2.09254     91.034    26.5644    26.5644    1479.05          0      15504          3  0.000e+00
  430275482    125.521    126.627   3.426896   3.426489    33.8996    33.8994     6.9193     6.9150     6.9078     6.9035     2.4469     0.8266     0.0781    99.7217     0.0001     4.6545   30.63991    2.08741     90.812    26.5645    26.5650    1479.04          0      15505          3  0.000e+00
  430275601     99.283    100.151   3.449040   3.448772    33.8377    33.8354     7.2422     7.2416     7.2329     7.2323     2.2918     0.8498     0.0769   100.0618    -0.0000     4.6703   36.47432    2.46758    107.360    26.4711    26.4693    1479.78          0      18360          4  0.000e+00
  430275601     99.189    100.056   3.449040   3.448784    33.8376    33.8359     7.2424     7.2413     7.2330     7.2320     2.2930     0.8498     0.0769   100.0618    -0.0000     4.6703   36.47964    2.46794    107.376    26.4710    26.4697    1479.78          0      18361          4  0.000e+00
  430275601     99.283    100.151   3.449060   3.448784    33.8378    33.8355     7.2424     7.2417     7.2330     7.2323     2.2930     0.8510     0.0769   100.0618    -0.0000     4.6703   36.48490    2.46829    107.391    26.4711    26.4694    1479.78          0      18362          4  0.000e+00
  430275601     99.283    100.151   3.449066   3.448784    33.8379    33.8357     7.2424     7.2415     7.2330     7.2321     2.2930     0.8498     0.0757   100.0357    -0.0000     4.6691   36.43405    2.46485    107.241    26.4712    26.4696    1479.78          0      18363          4  0.000e+00
  430275601     99.283    100.151   3.449046   3.448784    33.8376    33.8355     7.2424     7.2416     7.2330     7.2323     2.2918     0.8498     0.0769   100.0357    -0.0000     4.6691   36.42635    2.46433    107.219    26.4710    26.4694    1479.78          0      18364          4  0.000e+00
  430275601     99.233    100.100   3.449040   3.448784    33.8374    33.8353     7.2425     7.2418     7.2332     7.2325     2.2918     0.8498     0.0757   100.0357    -0.0000     4.6691   36.41793    2.46376    107.194    26.4708    26.4693    1479.78          0      18365          4  0.000e+00
  430275601     99.283    100.151   3.449060   3.448804    33.8378    33.8356     7.2424     7.2418     7.2330     7.2324     2.2918     0.8510     0.0769   100.0357    -0.0000     4.6691   36.40951    2.46319    107.169    26.4711    26.4694    1479.78          0      18366          4  0.000e+00
  430275601     99.283    100.151   3.449060   3.448817    33.8376    33.8360     7.2425     7.2415     7.2332     7.2322     2.2918     0.8510     0.0769   100.0357    -0.0000     4.6691   36.40036    2.46256    107.142    26.4710    26.4698    1479.78          0      18367          4  0.000e+00
  430275601     99.326    100.195   3.449040   3.448797    33.8374    33.8356     7.2425     7.2416     7.2332     7.2323     2.2918     0.8498     0.0769   100.0357    -0.0000     4.6691   36.45768    2.46645    107.311    26.4708    26.4695    1479.78          0      18368          4  0.000e+00
  430275601     99.283    100.151   3.449040   3.448784    33.8374    33.8357     7.2425     7.2415     7.2332     7.2321     2.2918     0.8498     0.0769   100.0357    -0.0000     4.6691   36.45843    2.46650    107.313    26.4708    26.4696    1479.78          0      18369          4  0.000e+00
  430275601     99.370    100.239   3.449040   3.448784    33.8374    33.8357     7.2425     7.2414     7.2332     7.2320     2.2918     0.8498     0.0769   100.0357    -0.0000     4.6691   36.45885    2.46653    107.314    26.4708    26.4696    1479.78          0      18370          4  0.000e+00
  430275602     99.326    100.195   3.449060   3.448784    33.8375    33.8356     7.2427     7.2415     7.2333     7.2321     2.2918     0.8498     0.0769   100.0357    -0.0000     4.6691   36.46969    2.46725    107.346    26.4708    26.4695    1479.78          0      18371          4  0.000e+00
  430275602     99.370    100.239   3.449046   3.448759    33.8373    33.8350     7.2427     7.2418     7.2333     7.2324     2.2918     0.8498     0.0769   100.0357    -0.0000     4.6691   36.41376    2.46347    107.181    26.4707    26.4690    1479.79          0      18372          4  0.000e+00
  430275602     99.370    100.239   3.449060   3.448817    33.8377    33.8358     7.2424     7.2417     7.2330     7.2323     2.2918     0.8498     0.0769   100.0357    -0.0000     4.6691   36.40079    2.46260    107.144    26.4711    26.4696    1479.78          0      18373          4  0.000e+00
