ROS/FK009A_CTD037_20130827.ros
* Sea-Bird SBE 9 Data File:
* FileName = C:\Falkor-Data-2013\FK009A\CTD\FK009A_CTD037_20130827.hex
* Software Version Seasave V 7.21f
* Temperature SN = 5483
* Conductivity SN = 3916
* Number of Bytes Per Scan = 41
* Number of Voltage Words = 4
* Number of Scans Averaged by the Deck Unit = 1
* NMEA Latitude = 48 21.32 N
* NMEA Longitude = 125 27.82 W
* NMEA UTC (Time) = Aug 27 2013 18:59:00
* NMEA baud rate = 4800
** Ship: RV Falkor
** Station: NN02
** Operator: Nathan Cunningham
# nquan = 27
# nvalues = 441                                   
# units = specified
# name 0 = timeQ: Time, NMEA [seconds]
# name 1 = depSM: Depth [salt water, m]
# name 2 = prDM: Pressure, Digiquartz [db]
# name 3 = c0S/m: Conductivity [S/m]
# name 4 = c1S/m: Conductivity, 2 [S/m]
# name 5 = sal00: Salinity, Practical [PSU]
# name 6 = sal11: Salinity, Practical, 2 [PSU]
# name 7 = t090C: Temperature [ITS-90, deg C]
# name 8 = t190C: Temperature, 2 [ITS-90, deg C]
# name 9 = potemp090C: Potential Temperature [ITS-90, deg C]
# name 10 = potemp190C: Potential Temperature, 2 [ITS-90, deg C]
# name 11 = v2: Voltage 2
# name 12 = v3: Voltage 3
# name 13 = v0: Voltage 0
# name 14 = CStarTr0: Beam Transmission, WET Labs C-Star [%]
# name 15 = CStarAt0: Beam Attenuation, WET Labs C-Star [1/m]
# name 16 = v5: Voltage 5
# name 17 = sbeox0PS: Oxygen, SBE 43 [% saturation]
# name 18 = sbeox0ML/L: Oxygen, SBE 43 [ml/l]
# name 19 = sbeox0Mm/Kg: Oxygen, SBE 43 [umol/Kg]
# name 20 = sigma-é00: Density [sigma-theta, Kg/m^3]
# name 21 = sigma-é11: Density, 2 [sigma-theta, Kg/m^3]
# name 22 = svCM: Sound Velocity [Chen-Millero, m/s]
# name 23 = modError: Modulo Error Count
# name 24 = scan: Scan Count
# name 25 = nbf: Bottles Fired
# name 26 = flag:  0.000e+00
# interval = seconds: 0.0416667
# start_time = Jan 01 2000 18:59:00 [NMEA time, first data scan]
# bad_flag = -9.990e-29
*END*
[from data line 162]
  430946038     70.974     71.589   3.429022   3.429563    33.6047    33.6085     7.2718     7.2739     7.2651     7.2672     0.0000     0.0012     0.0769    99.6433     0.0001     4.6508   37.51949    2.54046    110.551    26.2832    26.2859    1479.14          0      21552          4  0.000e+00
  430946038     70.924     71.539   3.428783   3.429279    33.6040    33.6070     7.2698     7.2723     7.2632     7.2657     0.0000     0.0000     0.0769    99.6433     0.0001     4.6508   37.53888    2.54190    110.614    26.2829    26.2849    1479.13          0      21553          4  0.000e+00
  430946038     70.924     71.539   3.428558   3.429008    33.6029    33.6054     7.2684     7.2709     7.2618     7.2642     0.0000     0.0000     0.0769    99.6433     0.0001     4.6508   37.55943    2.54339    110.679    26.2823    26.2839    1479.12          0      21554          4  0.000e+00
  430946038     70.805     71.419   3.428246   3.428970    33.6010    33.6062     7.2669     7.2697     7.2603     7.2631     0.0000     0.0000     0.0769    99.6433     0.0001     4.6508   37.56847    2.54412    110.711    26.2810    26.2847    1479.11          0      21555          4  0.000e+00
  430946038     70.787     71.400   3.428100   3.428905    33.6002    33.6056     7.2661     7.2696     7.2595     7.2630     0.0000     0.0000     0.0769    99.6433     0.0001     4.6508   37.57842    2.54485    110.743    26.2804    26.2842    1479.11          0      21556          4  0.000e+00
  430946038     70.743     71.356   3.428074   3.428931    33.6002    33.6062     7.2658     7.2693     7.2592     7.2626     0.0000     0.0000     0.0769    99.6433     0.0001     4.6508   37.58870    2.54557    110.774    26.2805    26.2847    1479.10          0      21557          4  0.000e+00
  430946038     70.743     71.356   3.427981   3.428782    33.6000    33.6049     7.2650     7.2690     7.2584     7.2623     0.0000     0.0000     0.0769    99.6433     0.0001     4.6508   37.66609    2.55086    111.004    26.2804    26.2838    1479.10          0      21558          4  0.000e+00
  430946038     70.625     71.237   3.427835   3.428357    33.5989    33.6018     7.2645     7.2675     7.2579     7.2609     0.0000     0.0000     0.0769    99.6433     0.0001     4.6508   37.67602    2.55158    111.035    26.2797    26.2815    1479.10          0      21559          4  0.000e+00
  430946038     70.693     71.306   3.427703   3.427795    33.5981    33.5982     7.2639     7.2648     7.2573     7.2582     0.0000     0.0000     0.0757    99.6433     0.0001     4.6508   37.62000    2.54784    110.873    26.2791    26.2791    1479.09          0      21560          4  0.000e+00
  430946038     70.512     71.124   3.427623   3.427337    33.5976    33.5947     7.2636     7.2634     7.2570     7.2568     0.0000     0.0000     0.0769    99.6694     0.0001     4.6520   37.68410    2.55220    111.063    26.2788    26.2765    1479.09          0      21561          4  0.000e+00
  430946038     70.606     71.218   3.427517   3.427131    33.5966    33.5925     7.2634     7.2633     7.2568     7.2567     0.0000     0.0000     0.0769    99.6694     0.0001     4.6520   37.69409    2.55291    111.093    26.2780    26.2748    1479.09          0      21562          4  0.000e+00
  430946039     70.487     71.098   3.427371   3.427002    33.5949    33.5912     7.2636     7.2632     7.2570     7.2566     0.0000     0.0000     0.0769    99.6694     0.0001     4.6520   37.63616    2.54900    110.924    26.2766    26.2738    1479.08          0      21563          4  0.000e+00
  430946039     70.462     71.073   3.427332   3.426892    33.5945    33.5902     7.2636     7.2631     7.2570     7.2565     0.0000     0.0000     0.0769    99.6433     0.0001     4.6508   37.71195    2.55414    111.147    26.2763    26.2730    1479.08          0      21564          4  0.000e+00
  430946039     70.462     71.073   3.427305   3.426924    33.5942    33.5905     7.2636     7.2631     7.2570     7.2565     0.0000     0.0000     0.0769    99.6694     0.0001     4.6520   37.73289    2.55556    111.209    26.2761    26.2732    1479.08          0      21565          4  0.000e+00
  430946039     70.344     70.954   3.427318   3.426905    33.5944    33.5905     7.2636     7.2629     7.2570     7.2563     0.0000     0.0000     0.0769    99.6433     0.0001     4.6508   37.75326    2.55694    111.269    26.2762    26.2733    1479.08          0      21566          4  0.000e+00
  430946039     70.419     71.029   3.427285   3.426931    33.5943    33.5905     7.2633     7.2632     7.2567     7.2566     0.0000     0.0000     0.0769    99.6694     0.0001     4.6520   37.77459    2.55841    111.333    26.2762    26.2732    1479.08          0      21567          4  0.000e+00
  430946039     70.281     70.891   3.427192   3.426944    33.5932    33.5905     7.2634     7.2634     7.2568     7.2568     0.0000     0.0000     0.0769    99.6694     0.0001     4.6520   37.86124    2.56428    111.589    26.2753    26.2732    1479.08          0      21568          4  0.000e+00
  430946039     70.325     70.935   3.427172   3.426866    33.5926    33.5894     7.2637     7.2636     7.2572     7.2570     0.0000     0.0000     0.0769    99.6694     0.0001     4.6520   37.88142    2.56564    111.648    26.2748    26.2723    1479.08          0      21569          4  0.000e+00
  430946039     70.238     70.847   3.427153   3.426866    33.5922    33.5895     7.2641     7.2636     7.2575     7.2570     0.0000     0.0000     0.0769    99.6694     0.0001     4.6520   37.90001    2.56689    111.702    26.2744    26.2724    1479.08          0      21570          4  0.000e+00
  430946039     70.207     70.815   3.427146   3.426873    33.5923    33.5898     7.2639     7.2634     7.2573     7.2569     0.0000     0.0000     0.0769    99.6694     0.0001     4.6520   37.91796    2.56811    111.756    26.2745    26.2726    1479.08          0      21571          4  0.000e+00
  430946039     70.188     70.796   3.427186   3.426873    33.5927    33.5899     7.2639     7.2633     7.2573     7.2568     0.0000     0.0000     0.0757    99.6694     0.0001     4.6520   38.00138    2.57376    112.001    26.2749    26.2727    1479.08          0      21572          4  0.000e+00
  430946039     70.144     70.752   3.427159   3.426821    33.5926    33.5891     7.2637     7.2636     7.2572     7.2570     0.0000     0.0000     0.0769    99.6694     0.0001     4.6520   37.96193    2.57109    111.885    26.2748    26.2720    1479.08          0      21573          4  0.000e+00
  430946039     70.100     70.708   3.427186   3.426815    33.5927    33.5892     7.2639     7.2634     7.2573     7.2569     0.0000     0.0000     0.0769    99.6694     0.0001     4.6520   37.97645    2.57207    111.928    26.2749    26.2721    1479.08          0      21574          4  0.000e+00
  430946039     70.069     70.677   3.427139   3.426840    33.5921    33.5894     7.2641     7.2635     7.2575     7.2569     0.0000     0.0000     0.0769    99.6433     0.0001     4.6508   38.05647    2.57749    112.164    26.2744    26.2723    1479.08          0      21575          4  0.000e+00
  430946039     70.007     70.614   3.427113   3.426866    33.5918    33.5900     7.2641     7.2632     7.2575     7.2567     0.0000     0.0000     0.0769    99.6694     0.0001     4.6520   38.07996    2.57908    112.233    26.2741    26.2728    1479.08          0      21576          4  0.000e+00
  430946039     70.007     70.614   3.427113   3.426853    33.5920    33.5893     7.2639     7.2637     7.2574     7.2572     0.0000     0.0000     0.0757    99.6433     0.0001     4.6508   38.16873    2.58510    112.495    26.2743    26.2722    1479.07          0      21577          4  0.000e+00
  430946039     69.957     70.563   3.427113   3.426840    33.5916    33.5895     7.2644     7.2634     7.2578     7.2569     0.0000     0.0000     0.0769    99.5909     0.0002     4.6484   38.21222    2.58803    112.622    26.2739    26.2724    1479.08          0      21578          4  0.000e+00
  430946039     69.888     70.494   3.427066   3.426840    33.5912    33.5899     7.2642     7.2631     7.2577     7.2566     0.0000     0.0000     0.0769    99.5648     0.0002     4.6471   38.24235    2.59008    112.712    26.2737    26.2727    1479.07          0      21579          4  0.000e+00
  430946039     69.913     70.519   3.427073   3.426847    33.5913    33.5898     7.2642     7.2632     7.2577     7.2567     0.0000     0.0000     0.0757    99.5648     0.0002     4.6471   38.27104    2.59202    112.796    26.2737    26.2727    1479.07          0      21580          4  0.000e+00
  430946039     69.820     70.425   3.427060   3.426866    33.5909    33.5902     7.2645     7.2631     7.2580     7.2565     0.0000     0.0000     0.0769    99.5909     0.0002     4.6484   38.29719    2.59378    112.873    26.2733    26.2730    1479.07          0      21581          4  0.000e+00
  430946039     69.820     70.425   3.427007   3.426808    33.5905    33.5893     7.2644     7.2633     7.2579     7.2568     0.0000     0.0000     0.0769    99.5909     0.0002     4.6484   38.33385    2.59628    112.982    26.2730    26.2723    1479.07          0      21582          4  0.000e+00
  430946039     69.795     70.400   3.427013   3.426827    33.5904    33.5897     7.2645     7.2632     7.2580     7.2567     0.0000     0.0000     0.0781    99.5648     0.0002     4.6471   38.42341    2.60234    113.245    26.2729    26.2725    1479.07          0      21583          4  0.000e+00
  430946039     69.732     70.337   3.427020   3.426821    33.5903    33.5894     7.2647     7.2634     7.2582     7.2569     0.0000     0.0000     0.0794    99.5648     0.0002     4.6471   38.45544    2.60450    113.339    26.2729    26.2723    1479.07          0      21584          4  0.000e+00
  430946039     69.732     70.337   3.426973   3.426840    33.5900    33.5897     7.2645     7.2633     7.2580     7.2568     0.0000     0.0000     0.0794    99.5648     0.0002     4.6471   38.47354    2.60574    113.393    26.2726    26.2726    1479.07          0      21585          4  0.000e+00
  430946127     61.227     61.756   3.425843   3.425908    33.5189    33.5206     7.3294     7.3284     7.3237     7.3226     0.0000     0.0000     0.0757    99.9833     0.0000     4.6667   44.84497    3.03418    132.046    26.2075    26.2090    1479.09          0      23676          5  0.000e+00
  430946127     61.271     61.800   3.425837   3.425850    33.5189    33.5198     7.3293     7.3285     7.3235     7.3228     0.0000     0.0000     0.0757    99.9833     0.0000     4.6667   44.84618    3.03427    132.050    26.2076    26.2084    1479.09          0      23677          5  0.000e+00
  430946127     61.314     61.844   3.425857   3.425863    33.5190    33.5201     7.3294     7.3284     7.3237     7.3226     0.0000     0.0000     0.0757    99.9833     0.0000     4.6667   44.84784    3.03437    132.054    26.2076    26.2086    1479.09          0      23678          5  0.000e+00
  430946127     61.314     61.844   3.425817   3.425856    33.5185    33.5199     7.3294     7.3285     7.3237     7.3228     0.0000     0.0000     0.0757    99.9310     0.0000     4.6642   44.84973    3.03451    132.060    26.2073    26.2084    1479.09          0      23679          5  0.000e+00
  430946127     61.314     61.844   3.425877   3.425843    33.5192    33.5199     7.3294     7.3284     7.3237     7.3226     0.0000     0.0000     0.0745    99.9049     0.0000     4.6630   44.85210    3.03466    132.067    26.2078    26.2085    1479.09          0      23680          5  0.000e+00
  430946127     61.364     61.895   3.425877   3.425850    33.5193    33.5196     7.3293     7.3287     7.3235     7.3229     0.0000     0.0000     0.0757    99.9049     0.0000     4.6630   44.78899    3.03040    131.881    26.2079    26.2082    1479.09          0      23681          5  0.000e+00
  430946127     61.314     61.844   3.425890   3.425876    33.5192    33.5199     7.3296     7.3287     7.3239     7.3229     0.0000     0.0000     0.0757    99.9049     0.0000     4.6630   44.78111    3.02985    131.857    26.2077    26.2085    1479.09          0      23682          5  0.000e+00
  430946127     61.408     61.939   3.425989   3.425805    33.5202    33.5193     7.3296     7.3285     7.3238     7.3228     0.0000     0.0000     0.0757    99.9049     0.0000     4.6630   44.84127    3.03389    132.033    26.2086    26.2080    1479.10          0      23683          5  0.000e+00
  430946127     61.408     61.939   3.426115   3.425818    33.5214    33.5194     7.3298     7.3285     7.3240     7.3228     0.0000     0.0000     0.0745    99.9049     0.0000     4.6630   44.84647    3.03421    132.047    26.2095    26.2081    1479.10          0      23684          5  0.000e+00
  430946127     61.408     61.939   3.426148   3.425773    33.5218    33.5191     7.3298     7.3284     7.3240     7.3226     0.0000     0.0000     0.0757    99.9049     0.0000     4.6630   44.78590    3.03011    131.868    26.2098    26.2078    1479.10          0      23685          5  0.000e+00
  430946127     61.408     61.939   3.426214   3.425734    33.5224    33.5183     7.3299     7.3287     7.3242     7.3229     0.0000     0.0000     0.0757    99.9049     0.0000     4.6630   44.84740    3.03424    132.048    26.2102    26.2072    1479.10          0      23686          5  0.000e+00
  430946127     61.458     61.989   3.426215   3.425792    33.5222    33.5191     7.3301     7.3285     7.3243     7.3228     0.0000     0.0000     0.0757    99.9049     0.0000     4.6630   44.85478    3.03474    132.070    26.2100    26.2078    1479.10          0      23687          5  0.000e+00
  430946127     61.458     61.989   3.426188   3.425824    33.5222    33.5197     7.3298     7.3282     7.3240     7.3225     0.0000     0.0000     0.0757    99.9049     0.0000     4.6630   44.79613    3.03079    131.898    26.2101    26.2084    1479.10          0      23688          5  0.000e+00
  430946127     61.458     61.989   3.426181   3.425850    33.5221    33.5197     7.3298     7.3285     7.3240     7.3228     0.0000     0.0000     0.0745    99.9049     0.0000     4.6630   44.85953    3.03508    132.085    26.2100    26.2083    1479.10          0      23689          5  0.000e+00
  430946127     61.526     62.058   3.426201   3.425895    33.5223    33.5200     7.3298     7.3287     7.3240     7.3229     0.0000     0.0000     0.0757    99.9049     0.0000     4.6630   44.86892    3.03571    132.112    26.2102    26.2085    1479.10          0      23690          5  0.000e+00
  430946127     61.501     62.033   3.426188   3.425889    33.5222    33.5201     7.3298     7.3285     7.3240     7.3228     0.0000     0.0000     0.0757    99.9049     0.0000     4.6630   44.86641    3.03555    132.105    26.2101    26.2086    1479.10          0      23691          5  0.000e+00
  430946127     61.501     62.033   3.426181   3.425850    33.5221    33.5196     7.3298     7.3287     7.3240     7.3229     0.0000     0.0000     0.0757    99.9049     0.0000     4.6630   44.87587    3.03619    132.133    26.2100    26.2082    1479.10          0      23692          5  0.000e+00
  430946128     61.501     62.033   3.426155   3.425831    33.5217    33.5195     7.3299     7.3285     7.3242     7.3228     0.0000     0.0000     0.0757    99.9049     0.0000     4.6630   44.87397    3.03606    132.127    26.2097    26.2081    1479.10          0      23693          5  0.000e+00
