ROS/FK009A_CTD028_20130823.ros
* Sea-Bird SBE 9 Data File:
* FileName = C:\Falkor-Data-2013\FK009A\CTD\FK009A_CTD028_20130823.hex
* Software Version Seasave V 7.21f
* Temperature SN = 5483
* Conductivity SN = 3916
* Number of Bytes Per Scan = 41
* Number of Voltage Words = 4
* Number of Scans Averaged by the Deck Unit = 1
* NMEA Latitude = 48 14.70 N
* NMEA Longitude = 125 01.21 W
* NMEA UTC (Time) = Aug 23 2013 19:59:51
* NMEA baud rate = 4800
** Ship: RV Falkor
** Station: RD04
** Operator: CPeazy
# nquan = 27
# nvalues = 686                                   
# units = specified
# name 0 = timeQ: Time, NMEA [seconds]
# name 1 = depSM: Depth [salt water, m]
# name 2 = prDM: Pressure, Digiquartz [db]
# name 3 = c0S/m: Conductivity [S/m]
# name 4 = c1S/m: Conductivity, 2 [S/m]
# name 5 = sal00: Salinity, Practical [PSU]
# name 6 = sal11: Salinity, Practical, 2 [PSU]
# name 7 = t090C: Temperature [ITS-90, deg C]
# name 8 = t190C: Temperature, 2 [ITS-90, deg C]
# name 9 = potemp090C: Potential Temperature [ITS-90, deg C]
# name 10 = potemp190C: Potential Temperature, 2 [ITS-90, deg C]
# name 11 = v2: Voltage 2
# name 12 = v3: Voltage 3
# name 13 = v0: Voltage 0
# name 14 = CStarTr0: Beam Transmission, WET Labs C-Star [%]
# name 15 = CStarAt0: Beam Attenuation, WET Labs C-Star [1/m]
# name 16 = v5: Voltage 5
# name 17 = sbeox0PS: Oxygen, SBE 43 [% saturation]
# name 18 = sbeox0ML/L: Oxygen, SBE 43 [ml/l]
# name 19 = sbeox0Mm/Kg: Oxygen, SBE 43 [umol/Kg]
# name 20 = sigma-é00: Density [sigma-theta, Kg/m^3]
# name 21 = sigma-é11: Density, 2 [sigma-theta, Kg/m^3]
# name 22 = svCM: Sound Velocity [Chen-Millero, m/s]
# name 23 = modError: Modulo Error Count
# name 24 = scan: Scan Count
# name 25 = nbf: Bottles Fired
# name 26 = flag:  0.000e+00
# interval = seconds: 0.0416667
# start_time = Aug 23 2013 19:59:51 [NMEA time, first data scan]
# bad_flag = -9.990e-29
*END*
[from data line 162]
  430604592    201.360    203.168   3.407508   3.407341    33.9402    33.9394     6.6239     6.6228     6.6058     6.6047     0.0000     0.0000     0.0781    97.5243     0.0010     4.5519   20.94239    1.43611     62.472    26.6370    26.6366    1479.20          1      33627          4  0.000e+00
  430604592    201.360    203.168   3.407508   3.407321    33.9401    33.9393     6.6240     6.6227     6.6059     6.6046     0.0000     0.0000     0.0781    97.5243     0.0010     4.5519   20.94188    1.43607     62.471    26.6369    26.6364    1479.20          1      33628          4  0.000e+00
  430604592    201.435    203.244   3.407508   3.407334    33.9402    33.9396     6.6239     6.6225     6.6058     6.6044     0.0000     0.0000     0.0781    97.5243     0.0010     4.5519   20.94157    1.43605     62.470    26.6370    26.6367    1479.20          1      33629          4  0.000e+00
  430604592    201.403    203.212   3.407528   3.407289    33.9403    33.9391     6.6240     6.6225     6.6059     6.6044     0.0000     0.0000     0.0794    97.5243     0.0010     4.5519   20.94097    1.43601     62.468    26.6371    26.6363    1479.20          1      33630          4  0.000e+00
  430604592    201.403    203.212   3.407535   3.407321    33.9404    33.9392     6.6240     6.6228     6.6059     6.6047     0.0000     0.0000     0.0794    97.5243     0.0010     4.5519   20.94046    1.43597     62.466    26.6371    26.6364    1479.20          1      33631          4  0.000e+00
  430604592    201.478    203.288   3.407515   3.407315    33.9401    33.9391     6.6240     6.6227     6.6059     6.6046     0.0000     0.0000     0.0794    97.5243     0.0010     4.5519   20.88464    1.43215     62.300    26.6369    26.6363    1479.20          1      33632          4  0.000e+00
  430604592    201.447    203.256   3.407508   3.407328    33.9402    33.9390     6.6239     6.6230     6.6058     6.6049     0.0000     0.0000     0.0781    97.5243     0.0010     4.5519   20.94110    1.43602     62.469    26.6370    26.6362    1479.20          1      33633          4  0.000e+00
  430604592    201.497    203.307   3.407548   3.407315    33.9405    33.9391     6.6240     6.6228     6.6059     6.6047     0.0000     0.0000     0.0781    97.5243     0.0010     4.5519   20.94174    1.43606     62.470    26.6372    26.6363    1479.20          1      33634          4  0.000e+00
  430604592    201.478    203.288   3.407568   3.407328    33.9405    33.9393     6.6242     6.6227     6.6060     6.6046     0.0000     0.0000     0.0794    97.5243     0.0010     4.5519   20.94220    1.43608     62.471    26.6372    26.6365    1479.20          1      33635          4  0.000e+00
  430604592    201.497    203.307   3.407522   3.407315    33.9400    33.9390     6.6242     6.6229     6.6060     6.6048     0.0000     0.0000     0.0794    97.5243     0.0010     4.5519   20.94276    1.43613     62.473    26.6368    26.6362    1479.20          1      33636          4  0.000e+00
  430604593    201.497    203.307   3.407528   3.407328    33.9402    33.9392     6.6240     6.6228     6.6059     6.6047     0.0000     0.0000     0.0794    97.5243     0.0010     4.5519   20.94328    1.43616     62.475    26.6370    26.6364    1479.20          1      33637          4  0.000e+00
  430604593    201.522    203.332   3.407535   3.407321    33.9403    33.9392     6.6240     6.6227     6.6059     6.6046     0.0000     0.0000     0.0781    97.5243     0.0010     4.5519   20.94386    1.43620     62.477    26.6371    26.6364    1479.20          1      33638          4  0.000e+00
  430604593    201.541    203.351   3.407535   3.407334    33.9403    33.9392     6.6240     6.6229     6.6059     6.6048     0.0000     0.0000     0.0781    97.5243     0.0010     4.5519   20.94443    1.43624     62.478    26.6371    26.6363    1479.20          1      33639          4  0.000e+00
  430604593    201.541    203.351   3.407535   3.407341    33.9401    33.9395     6.6242     6.6226     6.6060     6.6045     0.0000     0.0000     0.0794    97.5243     0.0010     4.5519   20.94493    1.43627     62.480    26.6369    26.6366    1479.20          1      33640          4  0.000e+00
  430604593    201.572    203.383   3.407555   3.407341    33.9403    33.9392     6.6242     6.6229     6.6060     6.6048     0.0000     0.0000     0.0794    97.5243     0.0010     4.5519   20.93271    1.43543     62.443    26.6371    26.6364    1479.20          1      33641          4  0.000e+00
  430604593    201.541    203.351   3.407535   3.407315    33.9403    33.9391     6.6240     6.6227     6.6059     6.6046     0.0000     0.0000     0.0794    97.5243     0.0010     4.5519   20.91982    1.43456     62.405    26.6371    26.6363    1479.20          1      33642          4  0.000e+00
  430604593    201.585    203.395   3.407528   3.407309    33.9402    33.9391     6.6240     6.6226     6.6059     6.6045     0.0000     0.0000     0.0781    97.4981     0.0010     4.5507   20.91942    1.43453     62.404    26.6370    26.6363    1479.20          1      33643          4  0.000e+00
  430604593    201.572    203.383   3.407535   3.407309    33.9403    33.9392     6.6240     6.6225     6.6059     6.6044     0.0000     0.0000     0.0794    97.5243     0.0010     4.5519   20.91888    1.43449     62.402    26.6371    26.6364    1479.20          1      33644          4  0.000e+00
  430604593    201.585    203.395   3.407535   3.407328    33.9401    33.9391     6.6242     6.6229     6.6060     6.6048     0.0000     0.0000     0.0781    97.4981     0.0010     4.5507   20.93121    1.43533     62.439    26.6369    26.6363    1479.20          1      33645          4  0.000e+00
  430604593    201.585    203.395   3.407555   3.407315    33.9403    33.9390     6.6242     6.6228     6.6060     6.6046     0.0000     0.0000     0.0781    97.4981     0.0010     4.5507   20.94403    1.43621     62.477    26.6371    26.6363    1479.20          1      33646          4  0.000e+00
  430604593    201.616    203.427   3.407522   3.407309    33.9399    33.9392     6.6242     6.6225     6.6060     6.6044     0.0000     0.0000     0.0781    97.5243     0.0010     4.5519   20.94463    1.43625     62.479    26.6368    26.6364    1479.20          1      33647          4  0.000e+00
  430604593    201.585    203.395   3.407528   3.407328    33.9402    33.9392     6.6240     6.6227     6.6059     6.6046     0.0000     0.0000     0.0781    97.4981     0.0010     4.5507   20.94506    1.43629     62.480    26.6370    26.6364    1479.20          1      33648          4  0.000e+00
  430604593    201.635    203.446   3.407515   3.407321    33.9397    33.9391     6.6243     6.6228     6.6062     6.6046     0.0000     0.0000     0.0781    97.5243     0.0010     4.5519   20.94570    1.43632     62.482    26.6366    26.6363    1479.20          1      33649          4  0.000e+00
  430604593    201.572    203.383   3.407528   3.407334    33.9400    33.9393     6.6242     6.6227     6.6060     6.6046     0.0000     0.0000     0.0769    97.5243     0.0010     4.5519   20.95887    1.43723     62.521    26.6369    26.6365    1479.20          1      33650          4  0.000e+00
  430604593    201.635    203.446   3.407535   3.407341    33.9401    33.9394     6.6242     6.6227     6.6060     6.6046     0.0000     0.0000     0.0781    97.5243     0.0010     4.5519   20.96006    1.43731     62.525    26.6369    26.6365    1479.20          1      33651          4  0.000e+00
  430604593    201.635    203.446   3.407555   3.407289    33.9406    33.9387     6.6239     6.6228     6.6057     6.6046     0.0000     0.0000     0.0781    97.4981     0.0010     4.5507   20.96110    1.43739     62.528    26.6373    26.6360    1479.20          1      33652          4  0.000e+00
  430604593    201.616    203.427   3.407522   3.407321    33.9399    33.9390     6.6242     6.6229     6.6060     6.6047     0.0000     0.0000     0.0781    97.4981     0.0010     4.5507   20.96207    1.43745     62.531    26.6368    26.6362    1479.20          1      33653          4  0.000e+00
  430604593    201.585    203.395   3.407528   3.407341    33.9400    33.9394     6.6242     6.6227     6.6060     6.6046     0.0000     0.0000     0.0781    97.5243     0.0010     4.5519   20.95019    1.43663     62.495    26.6369    26.6365    1479.20          1      33654          4  0.000e+00
  430604594    201.635    203.446   3.407555   3.407315    33.9405    33.9389     6.6240     6.6229     6.6059     6.6048     0.0000     0.0000     0.0781    97.4981     0.0010     4.5507   20.93802    1.43580     62.459    26.6372    26.6361    1479.20          1      33655          4  0.000e+00
  430604594    201.616    203.427   3.407541   3.407328    33.9402    33.9392     6.6242     6.6227     6.6060     6.6046     0.0000     0.0000     0.0781    97.5243     0.0010     4.5519   20.99348    1.43960     62.625    26.6370    26.6364    1479.20          1      33656          4  0.000e+00
  430604594    201.635    203.446   3.407535   3.407360    33.9401    33.9396     6.6242     6.6227     6.6060     6.6046     0.0000     0.0000     0.0781    97.4981     0.0010     4.5507   20.93648    1.43569     62.455    26.6369    26.6367    1479.20          1      33657          4  0.000e+00
  430604594    201.635    203.446   3.407535   3.407321    33.9399    33.9390     6.6243     6.6229     6.6062     6.6047     0.0000     0.0000     0.0781    97.5243     0.0010     4.5519   20.93545    1.43562     62.451    26.6367    26.6362    1479.20          1      33658          4  0.000e+00
  430604594    201.585    203.395   3.407555   3.407328    33.9403    33.9392     6.6242     6.6228     6.6060     6.6046     0.0000     0.0000     0.0781    97.5243     0.0010     4.5519   20.94711    1.43642     62.486    26.6371    26.6364    1479.20          1      33659          4  0.000e+00
  430604594    201.616    203.427   3.407495   3.407315    33.9397    33.9388     6.6242     6.6230     6.6060     6.6049     0.0000     0.0000     0.0781    97.4981     0.0010     4.5507   20.95950    1.43728     62.523    26.6366    26.6360    1479.20          1      33660          4  0.000e+00
  430604770    174.334    175.889   3.409113   3.408793    33.9282    33.9266     6.6675     6.6655     6.6518     6.6498     0.0000     0.0000     0.0781    98.1521     0.0007     4.5812   21.82253    1.49508     65.039    26.6214    26.6204    1478.91          1      37899          5  0.000e+00
  430604770    174.378    175.933   3.409152   3.408825    33.9283    33.9269     6.6678     6.6655     6.6521     6.6498     0.0000     0.0000     0.0781    98.1521     0.0007     4.5812   21.74756    1.48993     64.815    26.6215    26.6207    1478.91          1      37900          5  0.000e+00
  430604770    174.284    175.838   3.409119   3.408838    33.9281    33.9273     6.6677     6.6654     6.6520     6.6497     0.0000     0.0000     0.0781    98.1521     0.0007     4.5812   21.79652    1.49329     64.961    26.6213    26.6210    1478.91          1      37901          5  0.000e+00
  430604770    174.284    175.838   3.409079   3.408838    33.9273    33.9271     6.6680     6.6655     6.6523     6.6498     0.0000     0.0000     0.0781    98.1521     0.0007     4.5812   21.78991    1.49283     64.941    26.6207    26.6208    1478.91          1      37902          5  0.000e+00
  430604771    174.284    175.838   3.409073   3.408812    33.9276    33.9271     6.6677     6.6653     6.6520     6.6496     0.0000     0.0000     0.0781    98.1521     0.0007     4.5812   21.78334    1.49239     64.922    26.6209    26.6209    1478.91          1      37903          5  0.000e+00
  430604771    174.284    175.838   3.408974   3.408825    33.9270    33.9270     6.6672     6.6655     6.6515     6.6498     0.0000     0.0000     0.0781    98.0998     0.0008     4.5788   21.77676    1.49196     64.903    26.6205    26.6207    1478.90          1      37904          5  0.000e+00
  430604771    174.284    175.838   3.408927   3.408857    33.9269    33.9273     6.6667     6.6655     6.6510     6.6498     0.0000     0.0000     0.0781    98.0213     0.0008     4.5751   21.78287    1.49240     64.922    26.6205    26.6210    1478.90          1      37905          5  0.000e+00
  430604771    174.284    175.838   3.408894   3.408844    33.9267    33.9272     6.6665     6.6655     6.6508     6.6498     0.0000     0.0000     0.0781    98.0213     0.0008     4.5751   21.78947    1.49286     64.942    26.6204    26.6209    1478.90          1      37906          5  0.000e+00
  430604771    174.247    175.800   3.408841   3.408838    33.9273    33.9273     6.6654     6.6654     6.6497     6.6497     0.0000     0.0000     0.0781    98.0213     0.0008     4.5751   21.86449    1.49803     65.167    26.6210    26.6210    1478.90          1      37907          5  0.000e+00
  430604771    174.284    175.838   3.408802   3.408838    33.9276    33.9269     6.6646     6.6657     6.6489     6.6500     0.0000     0.0000     0.0781    98.0213     0.0008     4.5751   21.88390    1.49938     65.226    26.6213    26.6207    1478.89          1      37908          5  0.000e+00
  430604771    174.284    175.838   3.408749   3.408857    33.9275    33.9271     6.6642     6.6657     6.6485     6.6500     0.0000     0.0000     0.0781    98.0213     0.0008     4.5751   21.82253    1.49520     65.044    26.6213    26.6208    1478.89          1      37909          5  0.000e+00
  430604771    174.284    175.838   3.408775   3.408818    33.9281    33.9269     6.6638     6.6655     6.6481     6.6498     0.0000     0.0000     0.0781    98.0213     0.0008     4.5751   21.81697    1.49482     65.028    26.6218    26.6207    1478.89          1      37910          5  0.000e+00
  430604771    174.241    175.794   3.408808   3.408805    33.9283    33.9269     6.6640     6.6654     6.6483     6.6497     0.0000     0.0000     0.0781    98.0213     0.0008     4.5751   21.81126    1.49442     65.010    26.6220    26.6207    1478.89          1      37911          5  0.000e+00
  430604771    174.284    175.838   3.408795   3.408805    33.9277    33.9267     6.6645     6.6655     6.6488     6.6498     0.0000     0.0000     0.0781    98.0213     0.0008     4.5751   21.80578    1.49404     64.993    26.6214    26.6206    1478.89          1      37912          5  0.000e+00
  430604771    174.334    175.889   3.408861   3.408805    33.9282    33.9266     6.6646     6.6657     6.6489     6.6500     0.0000     0.0000     0.0781    98.0213     0.0008     4.5751   21.80034    1.49365     64.977    26.6218    26.6204    1478.89          1      37913          5  0.000e+00
  430604771    174.241    175.794   3.408888   3.408805    33.9282    33.9267     6.6650     6.6656     6.6493     6.6499     0.0000     0.0000     0.0781    98.0213     0.0008     4.5751   21.79448    1.49324     64.959    26.6218    26.6205    1478.89          1      37914          5  0.000e+00
  430604771    174.284    175.838   3.408954   3.408876    33.9280    33.9269     6.6659     6.6661     6.6502     6.6504     0.0000     0.0000     0.0781    98.0213     0.0008     4.5751   21.78899    1.49283     64.941    26.6215    26.6206    1478.90          1      37915          5  0.000e+00
  430604771    174.334    175.889   3.409000   3.408902    33.9280    33.9272     6.6664     6.6661     6.6507     6.6504     0.0000     0.0000     0.0781    98.0213     0.0008     4.5751   21.78353    1.49244     64.924    26.6215    26.6208    1478.90          1      37916          5  0.000e+00
