ROS/FK009A_CTD016_20130821.ros
* Sea-Bird SBE 9 Data File:
* FileName = C:\Falkor-Data-2013\FK009A\CTD\FK009A_CTD016_20130821.hex
* Software Version Seasave V 7.21f
* Temperature SN = 5483
* Conductivity SN = 3916
* Number of Bytes Per Scan = 41
* Number of Voltage Words = 4
* Number of Scans Averaged by the Deck Unit = 1
* NMEA Latitude = 48 29.37 N
* NMEA Longitude = 126 07.17 W
* NMEA UTC (Time) = Aug 21 2013 00:43:18
* NMEA baud rate = 4800
** Ship: RV Falkor
** Station: LC08
** Operator: Nathan Cunningham
** Shelf Break Station
# nquan = 27
# nvalues = 490                                   
# units = specified
# name 0 = timeQ: Time, NMEA [seconds]
# name 1 = depSM: Depth [salt water, m]
# name 2 = prDM: Pressure, Digiquartz [db]
# name 3 = c0S/m: Conductivity [S/m]
# name 4 = c1S/m: Conductivity, 2 [S/m]
# name 5 = sal00: Salinity, Practical [PSU]
# name 6 = sal11: Salinity, Practical, 2 [PSU]
# name 7 = t090C: Temperature [ITS-90, deg C]
# name 8 = t190C: Temperature, 2 [ITS-90, deg C]
# name 9 = potemp090C: Potential Temperature [ITS-90, deg C]
# name 10 = potemp190C: Potential Temperature, 2 [ITS-90, deg C]
# name 11 = v2: Voltage 2
# name 12 = v3: Voltage 3
# name 13 = v0: Voltage 0
# name 14 = CStarTr0: Beam Transmission, WET Labs C-Star [%]
# name 15 = CStarAt0: Beam Attenuation, WET Labs C-Star [1/m]
# name 16 = v5: Voltage 5
# name 17 = sbeox0PS: Oxygen, SBE 43 [% saturation]
# name 18 = sbeox0ML/L: Oxygen, SBE 43 [ml/l]
# name 19 = sbeox0Mm/Kg: Oxygen, SBE 43 [umol/Kg]
# name 20 = sigma-é00: Density [sigma-theta, Kg/m^3]
# name 21 = sigma-é11: Density, 2 [sigma-theta, Kg/m^3]
# name 22 = svCM: Sound Velocity [Chen-Millero, m/s]
# name 23 = modError: Modulo Error Count
# name 24 = scan: Scan Count
# name 25 = nbf: Bottles Fired
# name 26 = flag:  0.000e+00
# interval = seconds: 0.0416667
# start_time = Aug 21 2013 00:43:18 [NMEA time, first data scan]
# bad_flag = -9.990e-29
*END*
[from data line 269]
  430362392     70.567     71.179   3.421779   3.421533    33.4970    33.4951     7.3018     7.3009     7.2952     7.2943     0.0000     0.0000     0.0806    99.5648     0.0002     4.6471   38.74182    2.62328    114.165    26.1943    26.1929    1479.11          0      33443          6  0.000e+00
  430362392     70.592     71.204   3.421819   3.421494    33.4975    33.4945     7.3017     7.3011     7.2951     7.2945     0.0000     0.0000     0.0806    99.5648     0.0002     4.6471   38.75811    2.62438    114.213    26.1947    26.1924    1479.11          0      33444          6  0.000e+00
  430362392     70.592     71.204   3.421845   3.421481    33.4978    33.4944     7.3016     7.3011     7.2950     7.2945     0.0000     0.0000     0.0806    99.5648     0.0002     4.6471   38.77427    2.62547    114.261    26.1950    26.1923    1479.11          0      33445          6  0.000e+00
  430362392     70.610     71.223   3.421859   3.421501    33.4976    33.4947     7.3019     7.3009     7.2953     7.2943     0.0000     0.0000     0.0806    99.5386     0.0002     4.6459   38.85686    2.63105    114.503    26.1948    26.1926    1479.11          0      33446          6  0.000e+00
  430362392     70.642     71.255   3.421865   3.421533    33.4982    33.4950     7.3015     7.3009     7.2949     7.2943     0.0000     0.0000     0.0818    99.5648     0.0002     4.6471   38.81778    2.62842    114.389    26.1953    26.1929    1479.11          0      33447          6  0.000e+00
  430362392     70.592     71.204   3.421852   3.421636    33.4979    33.4965     7.3016     7.3006     7.2950     7.2940     0.0000     0.0000     0.0818    99.5648     0.0002     4.6471   38.56774    2.61149    113.652    26.1950    26.1940    1479.11          0      33448          6  0.000e+00
  430362392     70.642     71.255   3.421859   3.421642    33.4983    33.4965     7.3013     7.3006     7.2947     7.2940     0.0000     0.0000     0.0806    99.5386     0.0002     4.6459   38.67271    2.61861    113.962    26.1953    26.1941    1479.11          0      33449          6  0.000e+00
  430362392     70.660     71.274   3.421852   3.421636    33.4979    33.4963     7.3016     7.3008     7.2950     7.2942     0.0000     0.0000     0.0806    99.5386     0.0002     4.6459   38.65662    2.61751    113.914    26.1950    26.1939    1479.11          0      33450          6  0.000e+00
  430362392     70.685     71.299   3.421859   3.421662    33.4978    33.4969     7.3018     7.3005     7.2952     7.2939     0.0000     0.0000     0.0806    99.5648     0.0002     4.6471   38.64105    2.61644    113.868    26.1949    26.1944    1479.11          0      33451          6  0.000e+00
  430362392     70.642     71.255   3.421812   3.421688    33.4974    33.4973     7.3017     7.3003     7.2951     7.2937     0.0000     0.0012     0.0806    99.5648     0.0002     4.6471   38.62564    2.61541    113.823    26.1946    26.1947    1479.11          0      33452          6  0.000e+00
  430362392     70.729     71.343   3.421859   3.421700    33.4977    33.4971     7.3018     7.3006     7.2952     7.2940     0.0000     0.0000     0.0806    99.5386     0.0002     4.6459   38.61133    2.61443    113.780    26.1949    26.1945    1479.12          0      33453          6  0.000e+00
  430362392     70.704     71.318   3.421865   3.421700    33.4981    33.4974     7.3015     7.3003     7.2948     7.2937     0.0000     0.0000     0.0818    99.5386     0.0002     4.6459   38.59697    2.61347    113.738    26.1952    26.1948    1479.11          0      33454          6  0.000e+00
  430362392     70.685     71.299   3.421878   3.421675    33.4981    33.4972     7.3016     7.3003     7.2950     7.2937     0.0000     0.0000     0.0806    99.5386     0.0002     4.6459   38.58309    2.61252    113.697    26.1952    26.1946    1479.11          0      33455          6  0.000e+00
  430362393     70.729     71.343   3.421845   3.421688    33.4978    33.4973     7.3016     7.3003     7.2950     7.2937     0.0000     0.0000     0.0806    99.5386     0.0002     4.6459   38.64825    2.61694    113.889    26.1949    26.1947    1479.11          0      33456          6  0.000e+00
  430362393     70.685     71.299   3.421852   3.421720    33.4980    33.4977     7.3015     7.3003     7.2948     7.2937     0.0000     0.0000     0.0806    99.5648     0.0002     4.6471   38.65849    2.61764    113.920    26.1951    26.1950    1479.11          0      33457          6  0.000e+00
  430362393     70.748     71.362   3.421878   3.421733    33.4981    33.4976     7.3016     7.3005     7.2950     7.2939     0.0000     0.0000     0.0806    99.5386     0.0002     4.6459   38.59148    2.61309    113.722    26.1952    26.1950    1479.12          0      33458          6  0.000e+00
  430362393     70.729     71.343   3.421845   3.421707    33.4979    33.4976     7.3015     7.3002     7.2948     7.2936     0.0000     0.0000     0.0818    99.5125     0.0002     4.6447   38.64588    2.61679    113.883    26.1950    26.1950    1479.11          0      33459          6  0.000e+00
  430362393     70.779     71.393   3.421912   3.421700    33.4986    33.4975     7.3015     7.3002     7.2949     7.2936     0.0000     0.0000     0.0806    99.4863     0.0002     4.6435   38.64565    2.61676    113.881    26.1955    26.1949    1479.12          0      33460          6  0.000e+00
  430362393     70.729     71.343   3.421925   3.421675    33.4986    33.4970     7.3016     7.3005     7.2950     7.2939     0.0000     0.0000     0.0818    99.4863     0.0002     4.6435   38.57856    2.61221    113.683    26.1956    26.1945    1479.12          0      33461          6  0.000e+00
  430362393     70.748     71.362   3.421925   3.421713    33.4989    33.4976     7.3013     7.3003     7.2947     7.2937     0.0000     0.0000     0.0806    99.4863     0.0002     4.6435   38.63363    2.61595    113.846    26.1959    26.1949    1479.11          0      33462          6  0.000e+00
  430362393     70.779     71.393   3.421938   3.421707    33.4990    33.4973     7.3013     7.3005     7.2947     7.2939     0.0000     0.0000     0.0806    99.4863     0.0002     4.6435   38.64567    2.61676    113.881    26.1960    26.1947    1479.12          0      33463          6  0.000e+00
  430362393     70.779     71.393   3.421925   3.421700    33.4989    33.4973     7.3013     7.3005     7.2947     7.2939     0.0000     0.0000     0.0806    99.5125     0.0002     4.6447   38.71251    2.62129    114.078    26.1959    26.1947    1479.12          0      33464          6  0.000e+00
  430362393     70.779     71.393   3.421938   3.421700    33.4989    33.4977     7.3015     7.3000     7.2948     7.2934     0.0000     0.0000     0.0806    99.4863     0.0002     4.6435   38.65754    2.61756    113.916    26.1958    26.1951    1479.12          0      33465          6  0.000e+00
  430362393     70.798     71.412   3.421951   3.421720    33.4992    33.4976     7.3013     7.3003     7.2947     7.2937     0.0000     0.0000     0.0818    99.4863     0.0002     4.6435   38.65764    2.61757    113.917    26.1961    26.1950    1479.12          0      33466          6  0.000e+00
  430362393     70.729     71.343   3.421958   3.421733    33.4991    33.4979     7.3015     7.3002     7.2948     7.2936     0.0000     0.0000     0.0806    99.4863     0.0002     4.6435   38.65729    2.61754    113.915    26.1960    26.1952    1479.12          0      33467          6  0.000e+00
  430362544     49.915     50.346   3.413196   3.413042    33.1041    33.1039     7.6246     7.6230     7.6199     7.6183     0.0000     0.0000     0.0977    99.2247     0.0003     4.6313   42.65808    2.87468    125.149    25.8397    25.8398    1479.52          0      37097          7  0.000e+00
  430362544     49.915     50.346   3.413202   3.413042    33.1040    33.1039     7.6248     7.6230     7.6200     7.6183     0.0000     0.0000     0.0977    99.2247     0.0003     4.6313   42.59121    2.87016    124.953    25.8396    25.8398    1479.52          0      37098          7  0.000e+00
  430362544     49.821     50.251   3.413202   3.413042    33.1046    33.1040     7.6241     7.6230     7.6194     7.6183     0.0000     0.0000     0.0977    99.2247     0.0003     4.6313   42.57866    2.86935    124.917    25.8402    25.8399    1479.52          0      37099          7  0.000e+00
  430362544     49.834     50.264   3.413202   3.413004    33.1042    33.1036     7.6246     7.6230     7.6199     7.6183     0.0000     0.0000     0.0977    99.2247     0.0003     4.6313   42.63254    2.87295    125.074    25.8398    25.8395    1479.52          0      37100          7  0.000e+00
  430362544     49.821     50.251   3.413176   3.413004    33.1041    33.1036     7.6245     7.6230     7.6197     7.6183     0.0000     0.0000     0.0977    99.1985     0.0003     4.6300   42.63108    2.87287    125.071    25.8397    25.8395    1479.52          0      37101          7  0.000e+00
  430362544     49.728     50.157   3.413169   3.413010    33.1040    33.1037     7.6245     7.6230     7.6197     7.6183     0.0000     0.0000     0.0977    99.2247     0.0003     4.6313   42.62871    2.87271    125.064    25.8397    25.8396    1479.52          0      37102          7  0.000e+00
  430362544     49.784     50.214   3.413143   3.413029    33.1037    33.1039     7.6245     7.6230     7.6197     7.6183     0.0000     0.0000     0.0977    99.1985     0.0003     4.6300   42.62670    2.87258    125.058    25.8395    25.8398    1479.52          0      37103          7  0.000e+00
  430362544     49.684     50.113   3.413202   3.413004    33.1044    33.1036     7.6245     7.6230     7.6197     7.6183     0.0000     0.0000     0.0977    99.2247     0.0003     4.6313   42.68928    2.87678    125.241    25.8400    25.8396    1479.52          0      37104          7  0.000e+00
  430362544     49.684     50.113   3.413209   3.413029    33.1043    33.1038     7.6246     7.6232     7.6199     7.6185     0.0000     0.0000     0.0977    99.1985     0.0003     4.6300   42.68509    2.87649    125.228    25.8399    25.8397    1479.52          0      37105          7  0.000e+00
  430362544     49.728     50.157   3.413176   3.413042    33.1041    33.1040     7.6245     7.6230     7.6197     7.6183     0.0000     0.0000     0.0977    99.2247     0.0003     4.6313   42.62546    2.87249    125.054    25.8398    25.8399    1479.52          0      37106          7  0.000e+00
  430362544     49.603     50.031   3.413209   3.412991    33.1047    33.1034     7.6243     7.6232     7.6196     7.6185     0.0000     0.0000     0.0977    99.2247     0.0003     4.6313   42.75105    2.88095    125.422    25.8402    25.8394    1479.51          0      37107          7  0.000e+00
  430362544     49.634     50.063   3.413156   3.413004    33.1042    33.1036     7.6241     7.6230     7.6194     7.6183     0.0000     0.0000     0.0977    99.2247     0.0003     4.6313   42.77818    2.88280    125.503    25.8399    25.8396    1479.51          0      37108          7  0.000e+00
  430362544     49.634     50.063   3.413156   3.413010    33.1042    33.1034     7.6241     7.6234     7.6194     7.6187     0.0000     0.0000     0.0977    99.2247     0.0003     4.6313   42.73828    2.88011    125.386    25.8399    25.8393    1479.51          0      37109          7  0.000e+00
  430362545     49.553     49.981   3.413189   3.413029    33.1045    33.1038     7.6243     7.6232     7.6196     7.6185     0.0000     0.0000     0.0977    99.2247     0.0003     4.6313   42.74061    2.88025    125.392    25.8401    25.8397    1479.51          0      37110          7  0.000e+00
  430362545     49.547     49.974   3.413176   3.412965    33.1045    33.1033     7.6241     7.6230     7.6194     7.6183     0.0000     0.0000     0.0977    99.2247     0.0003     4.6313   42.80836    2.88483    125.591    25.8401    25.8393    1479.51          0      37111          7  0.000e+00
  430362545     49.547     49.974   3.413189   3.412997    33.1046    33.1036     7.6241     7.6230     7.6194     7.6183     0.0000     0.0000     0.0977    99.2247     0.0003     4.6313   42.81998    2.88561    125.625    25.8402    25.8396    1479.51          0      37112          7  0.000e+00
  430362545     49.509     49.937   3.413195   3.413010    33.1047    33.1038     7.6241     7.6230     7.6194     7.6183     0.0000     0.0000     0.0977    99.2247     0.0003     4.6313   42.84161    2.88706    125.688    25.8403    25.8397    1479.51          0      37113          7  0.000e+00
  430362545     49.497     49.924   3.413176   3.413010    33.1047    33.1038     7.6240     7.6230     7.6193     7.6183     0.0000     0.0000     0.0977    99.2247     0.0003     4.6313   42.79654    2.88404    125.557    25.8403    25.8397    1479.51          0      37114          7  0.000e+00
  430362545     49.497     49.924   3.413169   3.412984    33.1044    33.1034     7.6241     7.6232     7.6194     7.6185     0.0000     0.0000     0.0977    99.2247     0.0003     4.6313   42.86012    2.88832    125.743    25.8401    25.8394    1479.51          0      37115          7  0.000e+00
  430362545     49.497     49.924   3.413143   3.412984    33.1040    33.1030     7.6243     7.6235     7.6196     7.6188     0.0000     0.0000     0.0989    99.2247     0.0003     4.6313   42.80162    2.88437    125.571    25.8397    25.8390    1479.51          0      37116          7  0.000e+00
  430362545     49.416     49.842   3.413136   3.412978    33.1041    33.1035     7.6241     7.6230     7.6194     7.6183     0.0000     0.0000     0.1001    99.1985     0.0003     4.6300   42.86246    2.88848    125.750    25.8398    25.8395    1479.51          0      37117          7  0.000e+00
  430362545     49.453     49.880   3.413156   3.412978    33.1043    33.1037     7.6241     7.6228     7.6194     7.6181     0.0000     0.0000     0.0989    99.1985     0.0003     4.6300   42.93370    2.89328    125.959    25.8400    25.8396    1479.51          0      37118          7  0.000e+00
  430362545     49.403     49.830   3.413169   3.412978    33.1043    33.1036     7.6243     7.6229     7.6196     7.6182     0.0000     0.0000     0.0989    99.1985     0.0003     4.6300   42.89351    2.89056    125.841    25.8400    25.8396    1479.51          0      37119          7  0.000e+00
  430362545     49.416     49.842   3.413169   3.412997    33.1045    33.1038     7.6241     7.6229     7.6194     7.6182     0.0000     0.0000     0.0989    99.1985     0.0003     4.6300   42.90753    2.89151    125.882    25.8401    25.8398    1479.51          0      37120          7  0.000e+00
  430362545     49.404     49.830   3.413169   3.412991    33.1045    33.1039     7.6241     7.6227     7.6194     7.6180     0.0000     0.0000     0.0989    99.1985     0.0003     4.6300   42.92046    2.89238    125.920    25.8401    25.8399    1479.51          0      37121          7  0.000e+00
  430362545     49.360     49.786   3.413142   3.413029    33.1044    33.1045     7.6240     7.6226     7.6193     7.6179     0.0000     0.0000     0.0989    99.2247     0.0003     4.6313   42.98662    2.89685    126.115    25.8400    25.8403    1479.51          0      37122          7  0.000e+00
  430362545     49.416     49.842   3.413176   3.413061    33.1047    33.1053     7.6240     7.6221     7.6193     7.6174     0.0000     0.0000     0.0989    99.1985     0.0003     4.6300   42.99669    2.89753    126.144    25.8403    25.8410    1479.51          0      37123          7  0.000e+00
  430362545     49.360     49.786   3.413149   3.413068    33.1047    33.1059     7.6237     7.6216     7.6190     7.6169     0.0000     0.0000     0.0989    99.1985     0.0003     4.6300   43.00430    2.89806    126.167    25.8404    25.8416    1479.51          0      37124          7  0.000e+00
