ROS/FK009A_CTD037_20130827.ros
* Sea-Bird SBE 9 Data File:
* FileName = C:\Falkor-Data-2013\FK009A\CTD\FK009A_CTD037_20130827.hex
* Software Version Seasave V 7.21f
* Temperature SN = 5483
* Conductivity SN = 3916
* Number of Bytes Per Scan = 41
* Number of Voltage Words = 4
* Number of Scans Averaged by the Deck Unit = 1
* NMEA Latitude = 48 21.32 N
* NMEA Longitude = 125 27.82 W
* NMEA UTC (Time) = Aug 27 2013 18:59:00
* NMEA baud rate = 4800
** Ship: RV Falkor
** Station: NN02
** Operator: Nathan Cunningham
# nquan = 27
# nvalues = 441                                   
# units = specified
# name 0 = timeQ: Time, NMEA [seconds]
# name 1 = depSM: Depth [salt water, m]
# name 2 = prDM: Pressure, Digiquartz [db]
# name 3 = c0S/m: Conductivity [S/m]
# name 4 = c1S/m: Conductivity, 2 [S/m]
# name 5 = sal00: Salinity, Practical [PSU]
# name 6 = sal11: Salinity, Practical, 2 [PSU]
# name 7 = t090C: Temperature [ITS-90, deg C]
# name 8 = t190C: Temperature, 2 [ITS-90, deg C]
# name 9 = potemp090C: Potential Temperature [ITS-90, deg C]
# name 10 = potemp190C: Potential Temperature, 2 [ITS-90, deg C]
# name 11 = v2: Voltage 2
# name 12 = v3: Voltage 3
# name 13 = v0: Voltage 0
# name 14 = CStarTr0: Beam Transmission, WET Labs C-Star [%]
# name 15 = CStarAt0: Beam Attenuation, WET Labs C-Star [1/m]
# name 16 = v5: Voltage 5
# name 17 = sbeox0PS: Oxygen, SBE 43 [% saturation]
# name 18 = sbeox0ML/L: Oxygen, SBE 43 [ml/l]
# name 19 = sbeox0Mm/Kg: Oxygen, SBE 43 [umol/Kg]
# name 20 = sigma-é00: Density [sigma-theta, Kg/m^3]
# name 21 = sigma-é11: Density, 2 [sigma-theta, Kg/m^3]
# name 22 = svCM: Sound Velocity [Chen-Millero, m/s]
# name 23 = modError: Modulo Error Count
# name 24 = scan: Scan Count
# name 25 = nbf: Bottles Fired
# name 26 = flag:  0.000e+00
# interval = seconds: 0.0416667
# start_time = Jan 01 2000 18:59:00 [NMEA time, first data scan]
# bad_flag = -9.990e-29
*END*
[from data line 108]
  430945882     99.969    100.843   3.415523   3.416314    33.8288    33.8252     6.8770     6.8896     6.8679     6.8805     0.0000     0.0000     0.0794    99.0154     0.0004     4.6215   25.03675    1.70814     74.315    26.5141    26.5096    1478.37          0      17807          3  0.000e+00
  430945882     99.969    100.843   3.415748   3.416275    33.8287    33.8252     6.8797     6.8891     6.8706     6.8800     0.0000     0.0000     0.0806    99.0154     0.0004     4.6215   25.04893    1.70887     74.347    26.5136    26.5097    1478.38          0      17808          3  0.000e+00
  430945882    100.019    100.893   3.415960   3.416249    33.8274    33.8249     6.8834     6.8891     6.8743     6.8800     0.0000     0.0000     0.0806    98.9893     0.0004     4.6203   25.06319    1.70971     74.384    26.5121    26.5094    1478.39          0      17809          3  0.000e+00
  430945882    100.019    100.893   3.416013   3.416262    33.8268    33.8247     6.8845     6.8894     6.8754     6.8803     0.0000     0.0000     0.0794    99.0154     0.0004     4.6215   25.07932    1.71077     74.430    26.5116    26.5092    1478.40          0      17810          3  0.000e+00
  430945882    100.019    100.893   3.416013   3.416269    33.8265    33.8247     6.8848     6.8896     6.8757     6.8805     0.0000     0.0000     0.0806    99.0154     0.0004     4.6215   25.08519    1.71116     74.447    26.5113    26.5092    1478.40          0      17811          3  0.000e+00
  430945882    100.106    100.982   3.416020   3.416249    33.8267    33.8246     6.8847     6.8894     6.8755     6.8803     0.0000     0.0000     0.0794    98.9893     0.0004     4.6203   25.10505    1.71252     74.506    26.5114    26.5091    1478.40          0      17812          3  0.000e+00
  430945883    100.063    100.938   3.415967   3.416146    33.8265    33.8244     6.8843     6.8884     6.8752     6.8793     0.0000     0.0000     0.0794    99.0154     0.0004     4.6215   25.12647    1.71400     74.570    26.5113    26.5091    1478.39          0      17813          3  0.000e+00
  430945883    100.156    101.032   3.415669   3.415979    33.8263    33.8252     6.8812     6.8858     6.8721     6.8766     0.0000     0.0000     0.0806    98.9893     0.0004     4.6203   25.15036    1.71576     74.647    26.5116    26.5101    1478.38          0      17814          3  0.000e+00
  430945883    100.200    101.076   3.415365   3.415908    33.8273    33.8254     6.8767     6.8847     6.8676     6.8755     0.0000     0.0000     0.0806    99.0154     0.0004     4.6215   25.17611    1.71768     74.730    26.5130    26.5104    1478.37          0      17815          3  0.000e+00
  430945883    100.200    101.076   3.415100   3.415876    33.8279    33.8253     6.8731     6.8845     6.8640     6.8753     0.0000     0.0000     0.0806    98.9893     0.0004     4.6203   25.19141    1.71886     74.781    26.5140    26.5103    1478.36          0      17816          3  0.000e+00
  430945883    100.200    101.076   3.414855   3.415708    33.8287    33.8258     6.8696     6.8821     6.8604     6.8730     0.0000     0.0000     0.0794    99.0154     0.0004     4.6215   25.20818    1.72013     74.837    26.5151    26.5110    1478.34          0      17817          3  0.000e+00
  430945883    100.294    101.171   3.414710   3.415541    33.8291    33.8267     6.8675     6.8792     6.8583     6.8701     0.0000     0.0000     0.0806    98.9893     0.0004     4.6203   25.22669    1.72147     74.895    26.5157    26.5122    1478.34          0      17818          3  0.000e+00
  430945883    100.337    101.215   3.414657   3.415405    33.8296    33.8259     6.8663     6.8785     6.8572     6.8693     0.0000     0.0000     0.0806    98.9893     0.0004     4.6203   25.24647    1.72286     74.956    26.5162    26.5117    1478.33          0      17819          3  0.000e+00
  430945883    100.337    101.215   3.414604   3.415399    33.8303    33.8259     6.8651     6.8784     6.8560     6.8693     0.0000     0.0000     0.0794    98.9631     0.0004     4.6190   25.26759    1.72435     75.020    26.5169    26.5117    1478.33          0      17820          3  0.000e+00
  430945883    100.387    101.265   3.414670   3.415547    33.8303    33.8256     6.8657     6.8804     6.8566     6.8712     0.0000     0.0000     0.0794    98.9369     0.0004     4.6178   25.35726    1.73044     75.285    26.5169    26.5111    1478.33          0      17821          3  0.000e+00
  430945883    100.431    101.309   3.414842   3.415592    33.8299    33.8256     6.8681     6.8808     6.8590     6.8717     0.0000     0.0000     0.0794    98.9369     0.0004     4.6178   25.38035    1.73193     75.350    26.5162    26.5111    1478.34          0      17822          3  0.000e+00
  430945883    100.475    101.353   3.414988   3.415592    33.8293    33.8260     6.8703     6.8804     6.8612     6.8712     0.0000     0.0000     0.0806    98.9369     0.0004     4.6178   25.40392    1.73345     75.416    26.5154    26.5115    1478.35          0      17823          3  0.000e+00
  430945883    100.525    101.404   3.414994   3.415657    33.8284    33.8256     6.8713     6.8815     6.8621     6.8723     0.0000     0.0000     0.0806    98.9369     0.0004     4.6178   25.42806    1.73507     75.487    26.5146    26.5110    1478.35          0      17824          3  0.000e+00
  430945883    100.525    101.404   3.414888   3.415683    33.8283    33.8255     6.8701     6.8819     6.8610     6.8728     0.0000     0.0000     0.0806    98.9369     0.0004     4.6178   25.45261    1.73679     75.562    26.5147    26.5108    1478.35          0      17825          3  0.000e+00
  430945883    100.612    101.492   3.414743   3.415728    33.8291    33.8256     6.8677     6.8822     6.8585     6.8731     0.0000     0.0000     0.0794    98.9369     0.0004     4.6178   25.47799    1.73861     75.641    26.5157    26.5109    1478.34          0      17826          3  0.000e+00
  430945883    100.568    101.448   3.414776   3.415605    33.8297    33.8251     6.8675     6.8815     6.8583     6.8723     0.0000     0.0000     0.0794    98.9369     0.0004     4.6178   25.50334    1.74035     75.716    26.5162    26.5106    1478.34          0      17827          3  0.000e+00
  430945883    100.756    101.637   3.414849   3.415425    33.8289    33.8268     6.8691     6.8776     6.8599     6.8684     0.0000     0.0000     0.0806    98.9369     0.0004     4.6178   25.59685    1.74667     75.991    26.5152    26.5125    1478.35          0      17828          3  0.000e+00
  430945883    100.706    101.586   3.414855   3.415354    33.8288    33.8270     6.8692     6.8767     6.8601     6.8675     0.0000     0.0000     0.0794    98.9369     0.0004     4.6178   25.63442    1.74923     76.103    26.5152    26.5127    1478.35          0      17829          3  0.000e+00
  430945883    100.756    101.637   3.414935   3.415438    33.8301    33.8267     6.8687     6.8778     6.8596     6.8686     0.0000     0.0000     0.0806    98.9369     0.0004     4.6178   25.66009    1.75099     76.179    26.5163    26.5124    1478.35          0      17830          3  0.000e+00
  430945883    100.799    101.681   3.415239   3.415515    33.8295    33.8260     6.8728     6.8794     6.8636     6.8702     0.0000     0.0000     0.0794    98.9369     0.0004     4.6178   25.68503    1.75253     76.246    26.5152    26.5116    1478.37          0      17831          3  0.000e+00
  430945883    100.893    101.775   3.415471   3.415535    33.8281    33.8258     6.8767     6.8797     6.8675     6.8705     0.0000     0.0000     0.0794    98.9369     0.0004     4.6178   25.70964    1.75407     76.313    26.5136    26.5114    1478.38          0      17832          3  0.000e+00
  430945883    100.843    101.725   3.415491   3.415534    33.8273    33.8261     6.8778     6.8795     6.8686     6.8703     0.0000     0.0000     0.0794    98.9369     0.0004     4.6178   25.73342    1.75566     76.383    26.5128    26.5117    1478.38          0      17833          3  0.000e+00
  430945883    100.937    101.819   3.415332   3.415483    33.8269    33.8262     6.8764     6.8788     6.8672     6.8696     0.0000     0.0000     0.0794    98.9369     0.0004     4.6178   25.69034    1.75278     76.257    26.5127    26.5118    1478.38          0      17834          3  0.000e+00
  430945883    101.030    101.914   3.415041   3.415399    33.8274    33.8264     6.8726     6.8776     6.8634     6.8684     0.0000     0.0000     0.0794    98.9369     0.0004     4.6178   25.76961    1.75834     76.499    26.5136    26.5121    1478.37          0      17835          3  0.000e+00
  430945883    100.980    101.863   3.414888   3.415283    33.8285    33.8267     6.8697     6.8760     6.8605     6.8668     0.0000     0.0000     0.0794    98.9369     0.0004     4.6178   25.85963    1.76458     76.771    26.5149    26.5127    1478.36          0      17836          3  0.000e+00
  430945884    101.074    101.958   3.414935   3.415161    33.8292    33.8267     6.8696     6.8746     6.8604     6.8654     0.0000     0.0000     0.0781    98.9369     0.0004     4.6178   25.89377    1.76691     76.872    26.5154    26.5128    1478.36          0      17837          3  0.000e+00
  430945884    101.074    101.958   3.415087   3.415155    33.8288    33.8266     6.8716     6.8747     6.8624     6.8655     0.0000     0.0000     0.0794    98.9369     0.0004     4.6178   25.92649    1.76906     76.966    26.5149    26.5127    1478.36          0      17838          3  0.000e+00
  430945884    101.168    102.052   3.415279   3.415161    33.8284    33.8262     6.8741     6.8751     6.8649     6.8659     0.0000     0.0000     0.0794    98.9369     0.0004     4.6178   25.94626    1.77031     77.020    26.5142    26.5123    1478.38          0      17839          3  0.000e+00
  430945884    101.168    102.052   3.415332   3.415090    33.8276    33.8269     6.8756     6.8736     6.8664     6.8644     0.0000     0.0000     0.0794    98.9108     0.0004     4.6166   25.96430    1.77150     77.072    26.5134    26.5131    1478.38          0      17840          3  0.000e+00
  430945884    101.211    102.096   3.415352   3.415135    33.8273    33.8267     6.8761     6.8742     6.8669     6.8650     0.0000     0.0000     0.0781    98.9108     0.0004     4.6166   25.99333    1.77346     77.157    26.5131    26.5128    1478.38          0      17841          3  0.000e+00
  430945884    101.211    102.096   3.415372   3.415180    33.8275    33.8268     6.8761     6.8747     6.8669     6.8654     0.0000     0.0000     0.0781    98.9108     0.0004     4.6166   26.00901    1.77453     77.203    26.5132    26.5129    1478.38          0      17842          3  0.000e+00
  430945884    101.305    102.191   3.415319   3.415213    33.8272    33.8267     6.8757     6.8751     6.8665     6.8659     0.0000     0.0000     0.0794    98.9108     0.0004     4.6166   26.02357    1.77554     77.248    26.5131    26.5127    1478.38          0      17843          3  0.000e+00
  430945884    101.305    102.191   3.415253   3.415174    33.8276    33.8257     6.8746     6.8756     6.8654     6.8664     0.0000     0.0000     0.0781    98.9108     0.0004     4.6166   26.03638    1.77645     77.287    26.5135    26.5119    1478.38          0      17844          3  0.000e+00
  430945884    101.349    102.235   3.415186   3.415090    33.8275    33.8264     6.8740     6.8739     6.8647     6.8647     0.0000     0.0000     0.0794    98.9108     0.0004     4.6166   26.04784    1.77726     77.323    26.5135    26.5127    1478.38          0      17845          3  0.000e+00
  430946037     71.386     72.005   3.431090   3.430757    33.6155    33.6142     7.2836     7.2812     7.2769     7.2745     0.0000     0.0000     0.0769    99.6171     0.0002     4.6496   37.33879    2.52737    109.981    26.2901    26.2894    1479.20          0      21537          4  0.000e+00
  430946037     71.429     72.049   3.431044   3.430680    33.6151    33.6138     7.2834     7.2807     7.2767     7.2741     0.0000     0.0000     0.0757    99.6433     0.0001     4.6508   37.33140    2.52688    109.960    26.2898    26.2891    1479.20          0      21538          4  0.000e+00
  430946038     71.386     72.005   3.430997   3.430647    33.6148    33.6137     7.2832     7.2804     7.2766     7.2738     0.0000     0.0000     0.0769    99.6433     0.0001     4.6508   37.32502    2.52646    109.942    26.2896    26.2891    1479.20          0      21539          4  0.000e+00
  430946038     71.361     71.979   3.430891   3.430480    33.6143    33.6124     7.2826     7.2799     7.2759     7.2732     0.0000     0.0000     0.0769    99.6433     0.0001     4.6508   37.32017    2.52618    109.929    26.2893    26.2881    1479.20          0      21540          4  0.000e+00
  430946038     71.342     71.961   3.430434   3.430151    33.6117    33.6102     7.2802     7.2785     7.2735     7.2718     0.0000     0.0000     0.0757    99.6433     0.0001     4.6508   37.31688    2.52614    109.928    26.2875    26.2866    1479.18          0      21541          4  0.000e+00
  430946038     71.292     71.910   3.430089   3.429757    33.6107    33.6083     7.2773     7.2761     7.2706     7.2695     0.0000     0.0000     0.0769    99.6433     0.0001     4.6508   37.31488    2.52619    109.930    26.2872    26.2854    1479.17          0      21542          4  0.000e+00
  430946038     71.248     71.866   3.430003   3.429467    33.6104    33.6070     7.2767     7.2742     7.2700     7.2676     0.0000     0.0000     0.0769    99.6433     0.0001     4.6508   37.31423    2.52618    109.930    26.2870    26.2847    1479.17          0      21543          4  0.000e+00
  430946038     71.267     71.885   3.429698   3.429273    33.6084    33.6061     7.2754     7.2729     7.2687     7.2662     0.0000     0.0000     0.0769    99.6433     0.0001     4.6508   37.44812    2.53536    110.329    26.2856    26.2842    1479.16          0      21544          4  0.000e+00
  430946038     71.198     71.816   3.429479   3.429086    33.6069    33.6052     7.2744     7.2718     7.2678     7.2652     0.0000     0.0000     0.0769    99.6433     0.0001     4.6508   37.40572    2.53257    110.208    26.2846    26.2836    1479.15          0      21545          4  0.000e+00
  430946038     71.111     71.728   3.429446   3.428925    33.6075    33.6047     7.2736     7.2705     7.2669     7.2639     0.0000     0.0000     0.0757    99.6433     0.0001     4.6508   37.41915    2.53352    110.249    26.2851    26.2834    1479.15          0      21546          4  0.000e+00
  430946038     71.130     71.747   3.429393   3.428976    33.6071    33.6059     7.2734     7.2699     7.2667     7.2633     0.0000     0.0000     0.0769    99.6433     0.0001     4.6508   37.43401    2.53454    110.294    26.2849    26.2844    1479.15          0      21547          4  0.000e+00
  430946038     71.111     71.728   3.429333   3.429196    33.6069    33.6073     7.2729     7.2710     7.2662     7.2643     0.0000     0.0000     0.0769    99.6433     0.0001     4.6508   37.44965    2.53563    110.341    26.2848    26.2853    1479.15          0      21548          4  0.000e+00
  430946038     71.061     71.677   3.429453   3.429415    33.6078    33.6081     7.2734     7.2726     7.2667     7.2659     0.0000     0.0000     0.0757    99.6433     0.0001     4.6508   37.46604    2.53670    110.387    26.2854    26.2858    1479.15          0      21549          4  0.000e+00
  430946038     71.018     71.633   3.429519   3.429608    33.6079    33.6091     7.2739     7.2737     7.2673     7.2671     0.0000     0.0000     0.0769    99.6433     0.0001     4.6508   37.47151    2.53703    110.402    26.2855    26.2864    1479.15          0      21550          4  0.000e+00
