ROS/FK009A_CTD012_20130820.ros
* Sea-Bird SBE 9 Data File:
* FileName = C:\Falkor-Data-2013\FK009A\CTD\FK009A_CTD012_20130820.hex
* Software Version Seasave V 7.21f
* Temperature SN = 5483
* Conductivity SN = 3916
* Number of Bytes Per Scan = 41
* Number of Voltage Words = 4
* Number of Scans Averaged by the Deck Unit = 1
* NMEA Latitude = 48 14.97 N
* NMEA Longitude = 126 39.93 W
* NMEA UTC (Time) = Aug 20 2013 14:07:47
* NMEA baud rate = 4800
** Ship: RV Falkor
** Station: LC12
** Operator: Nathan Cunningham
# nquan = 27
# nvalues = 931                                   
# units = specified
# name 0 = timeQ: Time, NMEA [seconds]
# name 1 = depSM: Depth [salt water, m]
# name 2 = prDM: Pressure, Digiquartz [db]
# name 3 = c0S/m: Conductivity [S/m]
# name 4 = c1S/m: Conductivity, 2 [S/m]
# name 5 = sal00: Salinity, Practical [PSU]
# name 6 = sal11: Salinity, Practical, 2 [PSU]
# name 7 = t090C: Temperature [ITS-90, deg C]
# name 8 = t190C: Temperature, 2 [ITS-90, deg C]
# name 9 = potemp090C: Potential Temperature [ITS-90, deg C]
# name 10 = potemp190C: Potential Temperature, 2 [ITS-90, deg C]
# name 11 = v2: Voltage 2
# name 12 = v3: Voltage 3
# name 13 = v0: Voltage 0
# name 14 = CStarTr0: Beam Transmission, WET Labs C-Star [%]
# name 15 = CStarAt0: Beam Attenuation, WET Labs C-Star [1/m]
# name 16 = v5: Voltage 5
# name 17 = sbeox0PS: Oxygen, SBE 43 [% saturation]
# name 18 = sbeox0ML/L: Oxygen, SBE 43 [ml/l]
# name 19 = sbeox0Mm/Kg: Oxygen, SBE 43 [umol/Kg]
# name 20 = sigma-é00: Density [sigma-theta, Kg/m^3]
# name 21 = sigma-é11: Density, 2 [sigma-theta, Kg/m^3]
# name 22 = svCM: Sound Velocity [Chen-Millero, m/s]
# name 23 = modError: Modulo Error Count
# name 24 = scan: Scan Count
# name 25 = nbf: Bottles Fired
# name 26 = flag:  0.000e+00
# interval = seconds: 0.0416667
# start_time = Aug 20 2013 14:07:48 [NMEA time, first data scan]
# bad_flag = -9.990e-29
*END*
[from data line 537]
  430330879    303.058    305.856   3.357908   3.357671    33.9886    33.9870     5.9690     5.9680     5.9430     5.9420     2.7998     0.7607     0.0806   100.5065    -0.0002     4.6911   19.77926    1.37671     59.881    26.7606    26.7594    1478.36          3     192249         11  0.000e+00
  430330879    303.096    305.894   3.357961   3.357722    33.9889    33.9870     5.9693     5.9685     5.9433     5.9425     2.7998     0.7595     0.0806   100.5065    -0.0002     4.6911   19.79522    1.37780     59.929    26.7608    26.7594    1478.36          3     192250         11  0.000e+00
  430331262    200.725    202.528   3.414314   3.414152    33.9057    33.9047     6.7351     6.7343     6.7169     6.7161     2.2991     0.8132     0.0794   100.3496    -0.0001     4.6838   36.93066    2.52657    109.914    26.5950    26.5944    1479.58          3     201444         12  0.000e+00
  430331262    200.819    202.622   3.414354   3.414126    33.9061    33.9045     6.7351     6.7341     6.7168     6.7159     2.2991     0.8144     0.0781   100.3496    -0.0001     4.6838   36.84860    2.52095    109.669    26.5954    26.5942    1479.58          3     201445         12  0.000e+00
  430331262    200.800    202.603   3.414367   3.414120    33.9056    33.9045     6.7357     6.7341     6.7175     6.7159     2.2991     0.8132     0.0781   100.3496    -0.0001     4.6838   36.90293    2.52464    109.830    26.5949    26.5942    1479.58          3     201446         12  0.000e+00
  430331262    200.863    202.667   3.414413   3.414094    33.9056    33.9042     6.7362     6.7341     6.7180     6.7159     2.2991     0.8132     0.0781   100.3496    -0.0001     4.6838   36.90167    2.52453    109.825    26.5948    26.5939    1479.59          3     201447         12  0.000e+00
  430331262    200.800    202.603   3.414453   3.414087    33.9058    33.9046     6.7365     6.7336     6.7183     6.7154     2.2991     0.8132     0.0781   100.3496    -0.0001     4.6838   36.89981    2.52438    109.818    26.5949    26.5944    1479.59          3     201448         12  0.000e+00
  430331262    200.863    202.667   3.414440   3.414087    33.9058    33.9047     6.7364     6.7335     6.7181     6.7152     2.2991     0.8132     0.0781   100.3496    -0.0001     4.6838   36.89859    2.52431    109.815    26.5949    26.5945    1479.59          3     201449         12  0.000e+00
  430331262    200.913    202.717   3.414453   3.414042    33.9057    33.9045     6.7365     6.7332     6.7183     6.7149     2.2991     0.8132     0.0781   100.3496    -0.0001     4.6838   36.89729    2.52421    109.811    26.5949    26.5944    1479.59          3     201450         12  0.000e+00
  430331262    200.894    202.698   3.414460   3.414049    33.9057    33.9045     6.7367     6.7333     6.7184     6.7151     2.2991     0.8144     0.0769   100.3496    -0.0001     4.6838   36.89566    2.52409    109.806    26.5948    26.5943    1479.59          3     201451         12  0.000e+00
  430331262    200.913    202.717   3.414466   3.414055    33.9056    33.9047     6.7368     6.7332     6.7186     6.7149     2.2991     0.8144     0.0757   100.3496    -0.0001     4.6838   36.89421    2.52398    109.801    26.5947    26.5945    1479.59          3     201452         12  0.000e+00
  430331262    201.000    202.805   3.414440   3.414030    33.9055    33.9040     6.7365     6.7335     6.7183     6.7152     2.2991     0.8144     0.0757   100.3496    -0.0001     4.6838   36.82488    2.51926    109.595    26.5947    26.5939    1479.59          3     201453         12  0.000e+00
  430331262    200.938    202.742   3.414407   3.414075    33.9057    33.9044     6.7360     6.7336     6.7178     6.7154     2.2991     0.8132     0.0769   100.3496    -0.0001     4.6838   36.89234    2.52390    109.797    26.5949    26.5942    1479.59          3     201454         12  0.000e+00
  430331262    201.000    202.805   3.414400   3.414036    33.9059    33.9041     6.7357     6.7335     6.7175     6.7152     2.2991     0.8132     0.0757   100.3496    -0.0001     4.6838   36.90490    2.52477    109.835    26.5951    26.5940    1479.59          3     201455         12  0.000e+00
  430331262    201.032    202.837   3.414380   3.414068    33.9057    33.9046     6.7357     6.7333     6.7175     6.7151     2.2979     0.8144     0.0769   100.3496    -0.0001     4.6838   36.91780    2.52566    109.874    26.5949    26.5944    1479.59          3     201456         12  0.000e+00
  430331263    201.050    202.856   3.414374   3.414068    33.9057    33.9045     6.7356     6.7334     6.7173     6.7152     2.2991     0.8120     0.0757   100.3496    -0.0001     4.6838   36.91841    2.52571    109.876    26.5950    26.5943    1479.59          3     201457         12  0.000e+00
  430331263    201.094    202.900   3.414374   3.414055    33.9056    33.9043     6.7357     6.7335     6.7175     6.7152     2.2991     0.8144     0.0769   100.3496    -0.0001     4.6838   36.91911    2.52575    109.878    26.5948    26.5941    1479.59          3     201458         12  0.000e+00
  430331263    201.075    202.881   3.414393   3.414055    33.9060    33.9046     6.7356     6.7332     6.7173     6.7149     2.2991     0.8144     0.0769   100.3496    -0.0001     4.6838   36.91954    2.52578    109.879    26.5952    26.5944    1479.59          3     201459         12  0.000e+00
  430331263    201.094    202.900   3.414380   3.414075    33.9058    33.9045     6.7356     6.7335     6.7173     6.7152     2.2991     0.8132     0.0757   100.3496    -0.0001     4.6838   36.92014    2.52583    109.881    26.5951    26.5943    1479.59          3     201460         12  0.000e+00
  430331263    201.138    202.944   3.414394   3.414088    33.9059    33.9045     6.7356     6.7336     6.7173     6.7154     2.2991     0.8144     0.0769   100.3496    -0.0001     4.6838   36.90811    2.52500    109.845    26.5951    26.5943    1479.59          3     201461         12  0.000e+00
  430331263    201.125    202.932   3.414407   3.414113    33.9062    33.9045     6.7354     6.7338     6.7171     6.7156     2.2991     0.8132     0.0757   100.3496    -0.0001     4.6838   36.90806    2.52500    109.845    26.5954    26.5943    1479.59          3     201462         12  0.000e+00
  430331263    201.188    202.995   3.414400   3.414139    33.9061    33.9046     6.7354     6.7340     6.7171     6.7157     2.2991     0.8144     0.0769   100.3496    -0.0001     4.6838   36.90836    2.52502    109.846    26.5953    26.5944    1479.59          3     201463         12  0.000e+00
  430331263    201.213    203.020   3.414354   3.414146    33.9056    33.9047     6.7354     6.7340     6.7171     6.7157     2.2991     0.8144     0.0769   100.3496    -0.0001     4.6838   36.89573    2.52417    109.809    26.5949    26.5944    1479.59          3     201464         12  0.000e+00
  430331263    201.188    202.995   3.414360   3.414107    33.9059    33.9046     6.7352     6.7336     6.7170     6.7154     2.2979     0.8144     0.0769   100.3496    -0.0001     4.6838   36.81412    2.51859    109.566    26.5951    26.5944    1479.59          3     201465         12  0.000e+00
  430331263    201.232    203.039   3.414394   3.414062    33.9062    33.9041     6.7352     6.7336     6.7170     6.7154     2.2991     0.8132     0.0757   100.3496    -0.0001     4.6838   36.85708    2.52152    109.694    26.5954    26.5940    1479.59          3     201466         12  0.000e+00
  430331263    201.263    203.071   3.414380   3.414075    33.9057    33.9044     6.7356     6.7335     6.7173     6.7152     2.2991     0.8144     0.0757   100.3496    -0.0001     4.6838   36.85618    2.52145    109.691    26.5950    26.5942    1479.59          3     201467         12  0.000e+00
  430331263    201.282    203.090   3.414367   3.414088    33.9057    33.9050     6.7354     6.7330     6.7171     6.7147     2.2991     0.8132     0.0769   100.3496    -0.0001     4.6838   36.86801    2.52227    109.726    26.5950    26.5948    1479.59          3     201468         12  0.000e+00
  430331263    201.282    203.090   3.414347   3.414107    33.9055    33.9048     6.7354     6.7335     6.7171     6.7152     2.2991     0.8144     0.0769   100.3496    -0.0001     4.6838   36.81200    2.51844    109.560    26.5948    26.5945    1479.59          3     201469         12  0.000e+00
  430331263    201.307    203.115   3.414360   3.414094    33.9053    33.9046     6.7357     6.7335     6.7174     6.7152     2.2991     0.8144     0.0769   100.3496    -0.0001     4.6838   36.80037    2.51763    109.525    26.5947    26.5944    1479.59          3     201470         12  0.000e+00
  430331263    201.325    203.134   3.414413   3.414088    33.9060    33.9044     6.7356     6.7336     6.7173     6.7153     2.3004     0.8132     0.0757   100.3496    -0.0001     4.6838   36.85749    2.52154    109.694    26.5953    26.5942    1479.59          3     201471         12  0.000e+00
  430331263    201.307    203.115   3.414380   3.414107    33.9054    33.9047     6.7359     6.7335     6.7176     6.7152     2.3004     0.8132     0.0769   100.3496    -0.0001     4.6838   36.92665    2.52626    109.900    26.5947    26.5945    1479.59          3     201472         12  0.000e+00
  430331263    201.369    203.178   3.414413   3.414094    33.9060    33.9047     6.7356     6.7333     6.7173     6.7150     2.3004     0.8144     0.0769   100.3496    -0.0001     4.6838   36.87147    2.52249    109.736    26.5952    26.5945    1479.59          3     201473         12  0.000e+00
  430331263    201.369    203.178   3.414413   3.414062    33.9059    33.9047     6.7357     6.7330     6.7174     6.7147     2.2991     0.8132     0.0757   100.3496    -0.0001     4.6838   36.87197    2.52252    109.737    26.5951    26.5945    1479.59          3     201474         12  0.000e+00
  430331263    201.357    203.165   3.414407   3.414075    33.9056    33.9045     6.7359     6.7333     6.7176     6.7150     2.2991     0.8144     0.0769   100.3496    -0.0001     4.6838   36.87241    2.52254    109.738    26.5949    26.5943    1479.59          3     201475         12  0.000e+00
  430331263    201.369    203.178   3.414447   3.414088    33.9061    33.9047     6.7359     6.7333     6.7176     6.7150     2.2991     0.8132     0.0781   100.3496    -0.0001     4.6838   36.81748    2.51878    109.575    26.5952    26.5944    1479.59          3     201476         12  0.000e+00
  430331263    201.369    203.178   3.414433   3.414133    33.9058    33.9045     6.7360     6.7340     6.7178     6.7157     2.2991     0.8144     0.0781   100.3496    -0.0001     4.6838   36.80676    2.51804    109.542    26.5950    26.5942    1479.59          3     201477         12  0.000e+00
  430331263    201.400    203.209   3.414427   3.414100    33.9057    33.9046     6.7360     6.7335     6.7178     6.7152     2.2991     0.8144     0.0781   100.3496    -0.0001     4.6838   36.79670    2.51736    109.513    26.5949    26.5944    1479.59          3     201478         12  0.000e+00
  430331263    201.419    203.228   3.414453   3.414126    33.9060    33.9047     6.7360     6.7336     6.7178     6.7153     2.2991     0.8132     0.0781   100.3496    -0.0001     4.6838   36.78710    2.51669    109.484    26.5951    26.5945    1479.59          3     201479         12  0.000e+00
  430331263    201.369    203.178   3.414466   3.414126    33.9063    33.9046     6.7359     6.7338     6.7176     6.7155     2.2991     0.8132     0.0781   100.3496    -0.0001     4.6838   36.77770    2.51605    109.456    26.5954    26.5943    1479.59          3     201480         12  0.000e+00
  430331264    201.444    203.254   3.414420   3.414120    33.9059    33.9043     6.7357     6.7340     6.7174     6.7157     2.2991     0.8132     0.0769   100.3496    -0.0001     4.6838   36.83764    2.52017    109.635    26.5951    26.5941    1479.59          3     201481         12  0.000e+00
  430331264    201.419    203.228   3.414420   3.414139    33.9056    33.9047     6.7360     6.7338     6.7178     6.7155     2.2991     0.8144     0.0781   100.3496    -0.0001     4.6838   36.84107    2.52039    109.645    26.5948    26.5944    1479.59          3     201482         12  0.000e+00
  430331264    201.400    203.209   3.414453   3.414146    33.9064    33.9046     6.7356     6.7340     6.7173     6.7157     2.2991     0.8144     0.0781   100.3496    -0.0001     4.6838   36.84458    2.52065    109.656    26.5956    26.5943    1479.59          3     201483         12  0.000e+00
  430331264    201.419    203.228   3.414420   3.414146    33.9061    33.9046     6.7356     6.7340     6.7173     6.7157     2.2991     0.8132     0.0781   100.3496    -0.0001     4.6838   36.84824    2.52090    109.667    26.5953    26.5943    1479.59          3     201484         12  0.000e+00
  430331264    201.369    203.178   3.414407   3.414126    33.9058    33.9043     6.7357     6.7341     6.7174     6.7159     2.2991     0.8132     0.0781   100.3496    -0.0001     4.6838   36.85156    2.52113    109.677    26.5950    26.5940    1479.59          3     201485         12  0.000e+00
  430331264    201.444    203.254   3.414400   3.414158    33.9060    33.9046     6.7354     6.7341     6.7171     6.7158     2.2991     0.8144     0.0781   100.3496    -0.0001     4.6838   36.85551    2.52141    109.689    26.5952    26.5943    1479.59          3     201486         12  0.000e+00
  430331264    201.369    203.178   3.414380   3.414158    33.9055    33.9046     6.7357     6.7341     6.7174     6.7159     2.2991     0.8132     0.0781   100.3496    -0.0001     4.6838   36.87144    2.52249    109.736    26.5948    26.5943    1479.59          3     201487         12  0.000e+00
  430331264    201.419    203.228   3.414374   3.414146    33.9052    33.9046     6.7359     6.7340     6.7176     6.7157     2.2991     0.8144     0.0781   100.3496    -0.0001     4.6838   36.88850    2.52365    109.787    26.5946    26.5943    1479.59          3     201488         12  0.000e+00
  430331264    201.400    203.209   3.414374   3.414146    33.9057    33.9048     6.7354     6.7338     6.7171     6.7155     2.3004     0.8144     0.0769   100.3496    -0.0001     4.6838   36.82478    2.51931    109.598    26.5950    26.5945    1479.59          3     201489         12  0.000e+00
  430331264    201.419    203.228   3.414327   3.414126    33.9056    33.9045     6.7350     6.7338     6.7167     6.7155     2.2991     0.8132     0.0781   100.3496    -0.0001     4.6838   36.88601    2.52353    109.781    26.5950    26.5943    1479.59          3     201490         12  0.000e+00
  430331264    201.369    203.178   3.414327   3.414100    33.9057    33.9045     6.7349     6.7336     6.7166     6.7153     2.2991     0.8144     0.0781   100.3496    -0.0001     4.6838   36.89087    2.52386    109.796    26.5951    26.5943    1479.59          3     201491         12  0.000e+00
  430331264    201.357    203.165   3.414334   3.414062    33.9059    33.9045     6.7348     6.7332     6.7165     6.7149     2.2991     0.8144     0.0781   100.3496    -0.0001     4.6838   36.89592    2.52421    109.811    26.5952    26.5944    1479.59          3     201492         12  0.000e+00
  430331470    151.964    153.311   3.459353   3.459180    33.8178    33.8151     7.3512     7.3520     7.3367     7.3375     2.2344     0.8571     0.0781   100.1926    -0.0001     4.6764   39.27389    2.65073    115.332    26.4409    26.4386    1481.05          3     206440         13  0.000e+00
  430331470    152.002    153.349   3.459287   3.459193    33.8181    33.8156     7.3501     7.3516     7.3357     7.3372     2.2344     0.8584     0.0781   100.1926    -0.0001     4.6764   39.32387    2.65416    115.481    26.4412    26.4391    1481.05          3     206441         13  0.000e+00
