ROS/FK009A_CTD018_20130821.ros
* Sea-Bird SBE 9 Data File:
* FileName = C:\Falkor-Data-2013\FK009A\CTD\FK009A_CTD018_20130821.hex
* Software Version Seasave V 7.21f
* Temperature SN = 5483
* Conductivity SN = 3916
* Number of Bytes Per Scan = 41
* Number of Voltage Words = 4
* Number of Scans Averaged by the Deck Unit = 1
* NMEA Latitude = 48 36.44 N
* NMEA Longitude = 125 53.99 W
* NMEA UTC (Time) = Aug 21 2013 03:21:12
* NMEA baud rate = 4800
** Ship: RV Falkor
** Station: LC06
** Operator: CP
# nquan = 27
# nvalues = 343                                   
# units = specified
# name 0 = timeQ: Time, NMEA [seconds]
# name 1 = depSM: Depth [salt water, m]
# name 2 = prDM: Pressure, Digiquartz [db]
# name 3 = c0S/m: Conductivity [S/m]
# name 4 = c1S/m: Conductivity, 2 [S/m]
# name 5 = sal00: Salinity, Practical [PSU]
# name 6 = sal11: Salinity, Practical, 2 [PSU]
# name 7 = t090C: Temperature [ITS-90, deg C]
# name 8 = t190C: Temperature, 2 [ITS-90, deg C]
# name 9 = potemp090C: Potential Temperature [ITS-90, deg C]
# name 10 = potemp190C: Potential Temperature, 2 [ITS-90, deg C]
# name 11 = v2: Voltage 2
# name 12 = v3: Voltage 3
# name 13 = v0: Voltage 0
# name 14 = CStarTr0: Beam Transmission, WET Labs C-Star [%]
# name 15 = CStarAt0: Beam Attenuation, WET Labs C-Star [1/m]
# name 16 = v5: Voltage 5
# name 17 = sbeox0PS: Oxygen, SBE 43 [% saturation]
# name 18 = sbeox0ML/L: Oxygen, SBE 43 [ml/l]
# name 19 = sbeox0Mm/Kg: Oxygen, SBE 43 [umol/Kg]
# name 20 = sigma-é00: Density [sigma-theta, Kg/m^3]
# name 21 = sigma-é11: Density, 2 [sigma-theta, Kg/m^3]
# name 22 = svCM: Sound Velocity [Chen-Millero, m/s]
# name 23 = modError: Modulo Error Count
# name 24 = scan: Scan Count
# name 25 = nbf: Bottles Fired
# name 26 = flag:  0.000e+00
# interval = seconds: 0.0416667
# start_time = Aug 21 2013 03:21:12 [NMEA time, first data scan]
# bad_flag = -9.990e-29
*END*
[from data line 162]
  430371237     40.785     41.136   3.424750   3.425579    33.5403    33.5526     7.3053     7.3019     7.3015     7.2981     0.0000     0.0000     0.0781    99.5386     0.0002     4.6459   39.87516    2.69904    117.458    26.2275    26.2376    1478.69          2      18347          4  0.000e+00
  430371237     40.785     41.136   3.424710   3.425708    33.5396    33.5540     7.3056     7.3019     7.3018     7.2981     0.0000     0.0000     0.0794    99.5386     0.0002     4.6459   39.88173    2.69947    117.477    26.2269    26.2387    1478.69          2      18348          4  0.000e+00
  430371237     40.735     41.086   3.424737   3.425747    33.5400    33.5548     7.3055     7.3016     7.3017     7.2978     0.0000     0.0000     0.0794    99.5386     0.0002     4.6459   39.87725    2.69917    117.464    26.2273    26.2394    1478.69          2      18349          4  0.000e+00
  430371237     40.785     41.136   3.424790   3.425779    33.5406    33.5549     7.3055     7.3018     7.3017     7.2980     0.0000     0.0000     0.0781    99.5386     0.0002     4.6459   39.87374    2.69893    117.453    26.2277    26.2395    1478.69          2      18350          4  0.000e+00
  430371237     40.735     41.086   3.424730   3.425824    33.5400    33.5558     7.3055     7.3015     7.3017     7.2977     0.0000     0.0000     0.0781    99.5386     0.0002     4.6459   39.80417    2.69423    117.249    26.2272    26.2402    1478.69          2      18351          4  0.000e+00
  430371237     40.691     41.042   3.424644   3.425798    33.5387    33.5557     7.3058     7.3013     7.3020     7.2975     0.0000     0.0000     0.0781    99.5386     0.0002     4.6459   39.80204    2.69409    117.243    26.2262    26.2402    1478.68          2      18352          4  0.000e+00
  430371237     40.641     40.991   3.424664   3.425824    33.5391    33.5557     7.3056     7.3016     7.3018     7.2978     0.0000     0.0000     0.0781    99.5386     0.0002     4.6459   39.86735    2.69851    117.435    26.2265    26.2401    1478.68          2      18353          4  0.000e+00
  430371237     40.647     40.998   3.424657   3.425895    33.5389    33.5564     7.3058     7.3016     7.3020     7.2978     0.0000     0.0000     0.0781    99.5386     0.0002     4.6459   39.86737    2.69850    117.435    26.2263    26.2407    1478.68          2      18354          4  0.000e+00
  430371237     40.598     40.947   3.424512   3.425798    33.5374    33.5554     7.3058     7.3016     7.3020     7.2978     0.0000     0.0000     0.0781    99.5386     0.0002     4.6459   39.86759    2.69855    117.437    26.2251    26.2399    1478.68          2      18355          4  0.000e+00
  430371237     40.598     40.947   3.424372   3.425630    33.5358    33.5536     7.3058     7.3016     7.3020     7.2978     0.0000     0.0000     0.0781    99.5386     0.0002     4.6459   39.85677    2.69784    117.407    26.2239    26.2384    1478.68          2      18356          4  0.000e+00
  430371237     40.598     40.947   3.424366   3.425482    33.5351    33.5515     7.3064     7.3021     7.3026     7.2983     0.0000     0.0000     0.0781    99.5386     0.0002     4.6459   39.85767    2.69788    117.408    26.2233    26.2367    1478.68          2      18357          4  0.000e+00
  430371237     40.510     40.859   3.424459   3.425366    33.5365    33.5503     7.3061     7.3021     7.3023     7.2983     0.0000     0.0000     0.0781    99.5386     0.0002     4.6459   39.79263    2.69347    117.216    26.2244    26.2358    1478.68          2      18358          4  0.000e+00
  430371237     40.548     40.897   3.424750   3.425398    33.5400    33.5505     7.3058     7.3022     7.3020     7.2984     0.0000     0.0000     0.0781    99.5386     0.0002     4.6459   39.79566    2.69363    117.223    26.2271    26.2359    1478.68          2      18359          4  0.000e+00
  430371237     40.460     40.809   3.424975   3.425430    33.5429    33.5507     7.3053     7.3024     7.3015     7.2986     0.0000     0.0000     0.0781    99.5386     0.0002     4.6459   39.79948    2.69387    117.233    26.2295    26.2361    1478.68          2      18360          4  0.000e+00
  430371238     40.504     40.853   3.425141   3.425418    33.5450    33.5507     7.3050     7.3022     7.3012     7.2984     0.0000     0.0000     0.0781    99.5386     0.0002     4.6459   39.80537    2.69425    117.250    26.2312    26.2361    1478.69          2      18361          4  0.000e+00
  430371238     40.417     40.765   3.425128   3.425450    33.5451    33.5512     7.3048     7.3021     7.3010     7.2983     0.0000     0.0000     0.0769    99.5386     0.0002     4.6459   39.80023    2.69391    117.235    26.2313    26.2365    1478.68          2      18362          4  0.000e+00
  430371238     40.411     40.759   3.425075   3.425476    33.5443    33.5514     7.3050     7.3022     7.3012     7.2985     0.0000     0.0000     0.0781    99.5386     0.0002     4.6459   39.79642    2.69366    117.224    26.2307    26.2366    1478.68          2      18363          4  0.000e+00
  430371238     40.417     40.765   3.424916   3.425501    33.5423    33.5517     7.3053     7.3022     7.3015     7.2985     0.0000     0.0000     0.0769    99.5386     0.0002     4.6459   39.79361    2.69348    117.216    26.2290    26.2368    1478.68          2      18364          4  0.000e+00
  430371238     40.317     40.664   3.424750   3.425456    33.5405    33.5511     7.3053     7.3024     7.3015     7.2986     0.0000     0.0000     0.0781    99.4863     0.0002     4.6435   39.71344    2.68809    116.982    26.2277    26.2363    1478.68          2      18365          4  0.000e+00
  430371238     40.367     40.715   3.424545   3.425443    33.5378    33.5510     7.3058     7.3022     7.3020     7.2985     0.0000     0.0000     0.0769    99.4601     0.0002     4.6422   39.68968    2.68650    116.913    26.2255    26.2364    1478.68          2      18366          4  0.000e+00
  430371238     40.280     40.627   3.424379   3.425411    33.5359    33.5506     7.3059     7.3024     7.3022     7.2986     0.0000     0.0000     0.0781    99.4863     0.0002     4.6435   39.73220    2.68940    117.039    26.2239    26.2360    1478.68          2      18367          4  0.000e+00
  430371238     40.317     40.664   3.424266   3.425411    33.5344    33.5506     7.3063     7.3024     7.3025     7.2986     0.0000     0.0000     0.0781    99.4601     0.0002     4.6422   39.73284    2.68945    117.042    26.2227    26.2360    1478.67          2      18368          4  0.000e+00
  430371238     40.280     40.627   3.424346   3.425450    33.5352    33.5510     7.3063     7.3024     7.3025     7.2986     0.0000     0.0000     0.0781    99.4601     0.0002     4.6422   39.73406    2.68952    117.045    26.2234    26.2363    1478.68          2      18369          4  0.000e+00
  430371238     40.273     40.620   3.424419   3.425385    33.5360    33.5502     7.3063     7.3025     7.3025     7.2988     0.0000     0.0000     0.0781    99.4601     0.0002     4.6422   39.73638    2.68966    117.051    26.2240    26.2356    1478.68          2      18370          4  0.000e+00
  430371238     40.186     40.532   3.424531   3.425321    33.5376    33.5494     7.3059     7.3027     7.3022     7.2989     0.0000     0.0000     0.0781    99.4601     0.0002     4.6422   39.67323    2.68538    116.864    26.2253    26.2350    1478.68          2      18371          4  0.000e+00
  430371238     40.180     40.526   3.424558   3.425276    33.5377    33.5490     7.3061     7.3025     7.3024     7.2988     0.0000     0.0000     0.0781    99.4863     0.0002     4.6435   39.73262    2.68938    117.039    26.2253    26.2347    1478.68          2      18372          4  0.000e+00
  430371238     40.186     40.532   3.424505   3.425269    33.5373    33.5489     7.3059     7.3025     7.3022     7.2988     0.0000     0.0000     0.0781    99.4863     0.0002     4.6435   39.75007    2.69058    117.091    26.2250    26.2347    1478.68          2      18373          4  0.000e+00
  430371238     40.136     40.482   3.424306   3.425205    33.5349    33.5481     7.3063     7.3027     7.3025     7.2989     0.0000     0.0000     0.0781    99.4863     0.0002     4.6435   39.70259    2.68739    116.952    26.2231    26.2340    1478.67          2      18374          4  0.000e+00
  430371238     40.142     40.488   3.424193   3.425243    33.5333    33.5485     7.3066     7.3027     7.3028     7.2989     0.0000     0.0000     0.0781    99.4601     0.0002     4.6422   39.70025    2.68724    116.946    26.2218    26.2343    1478.67          2      18375          4  0.000e+00
  430371238     40.086     40.432   3.424213   3.425250    33.5334    33.5486     7.3067     7.3027     7.3030     7.2989     0.0000     0.0000     0.0781    99.4863     0.0002     4.6435   39.68725    2.68635    116.907    26.2219    26.2344    1478.67          2      18376          4  0.000e+00
  430371238     40.093     40.438   3.424240   3.425308    33.5340    33.5493     7.3064     7.3027     7.3027     7.2989     0.0000     0.0000     0.0781    99.4601     0.0002     4.6422   39.67555    2.68557    116.873    26.2224    26.2349    1478.67          2      18377          4  0.000e+00
  430371238     40.086     40.432   3.424458   3.425385    33.5366    33.5503     7.3063     7.3025     7.3025     7.2988     0.0000     0.0000     0.0781    99.4601     0.0002     4.6422   39.73073    2.68927    117.034    26.2244    26.2357    1478.67          2      18378          4  0.000e+00
  430371238     39.999     40.344   3.424637   3.425411    33.5389    33.5507     7.3059     7.3024     7.3022     7.2986     0.0000     0.0000     0.0781    99.4601     0.0002     4.6422   39.73124    2.68928    117.034    26.2262    26.2361    1478.67          2      18379          4  0.000e+00
  430371238     39.999     40.344   3.424796   3.425430    33.5409    33.5509     7.3056     7.3024     7.3019     7.2986     0.0000     0.0000     0.0781    99.4863     0.0002     4.6435   39.73267    2.68936    117.037    26.2279    26.2362    1478.68          2      18380          4  0.000e+00
  430371337     30.861     31.127   3.410725   3.410289    33.3562    33.3507     7.3431     7.3438     7.3402     7.3410     0.0000     0.0000     0.0842    99.0939     0.0004     4.6252   39.65538    2.68508    116.868    26.0772    26.0729    1478.44          3      20752          5  0.000e+00
  430371337     30.955     31.221   3.410698   3.410309    33.3556    33.3514     7.3433     7.3433     7.3404     7.3404     0.0000     0.0000     0.0830    99.0939     0.0004     4.6252   39.65210    2.68486    116.859    26.0768    26.0734    1478.44          3      20753          5  0.000e+00
  430371337     30.861     31.127   3.410711   3.410315    33.3557    33.3517     7.3435     7.3432     7.3406     7.3403     0.0000     0.0000     0.0830    99.0939     0.0004     4.6252   39.65957    2.68535    116.880    26.0768    26.0737    1478.44          3      20754          5  0.000e+00
  430371337     30.955     31.221   3.410672   3.410341    33.3550    33.3522     7.3436     7.3429     7.3408     7.3400     0.0000     0.0000     0.0842    99.0939     0.0004     4.6252   39.66846    2.68596    116.906    26.0763    26.0741    1478.44          3      20755          5  0.000e+00
  430371337     30.955     31.221   3.410659   3.410399    33.3545    33.3527     7.3441     7.3430     7.3412     7.3401     0.0000     0.0000     0.0830    99.0939     0.0004     4.6252   39.66562    2.68575    116.897    26.0758    26.0745    1478.44          3      20756          5  0.000e+00
  430371338     30.905     31.171   3.410612   3.410438    33.3540    33.3534     7.3441     7.3427     7.3412     7.3398     0.0000     0.0000     0.0842    99.0939     0.0004     4.6252   39.66256    2.68555    116.889    26.0753    26.0751    1478.44          3      20757          5  0.000e+00
  430371338     30.955     31.221   3.410625   3.410438    33.3542    33.3535     7.3440     7.3426     7.3411     7.3397     0.0000     0.0000     0.0830    99.0939     0.0004     4.6252   39.72591    2.68984    117.076    26.0756    26.0752    1478.44          3      20758          5  0.000e+00
  430371338     30.955     31.221   3.410652   3.410515    33.3545    33.3544     7.3440     7.3426     7.3411     7.3397     0.0000     0.0000     0.0830    99.0939     0.0004     4.6252   39.66797    2.68591    116.905    26.0758    26.0759    1478.44          3      20759          5  0.000e+00
  430371338     30.955     31.221   3.410659   3.410560    33.3548    33.3549     7.3438     7.3426     7.3409     7.3397     0.0000     0.0000     0.0830    99.0939     0.0004     4.6252   39.66471    2.68570    116.895    26.0761    26.0763    1478.44          3      20760          5  0.000e+00
  430371338     30.955     31.221   3.410725   3.410547    33.3553    33.3547     7.3440     7.3426     7.3411     7.3397     0.0000     0.0000     0.0842    99.0939     0.0004     4.6252   39.67312    2.68625    116.919    26.0764    26.0762    1478.44          3      20761          5  0.000e+00
  430371338     30.999     31.265   3.410725   3.410560    33.3556    33.3549     7.3436     7.3426     7.3408     7.3397     0.0000     0.0000     0.0842    99.0939     0.0004     4.6252   39.61637    2.68242    116.752    26.0767    26.0763    1478.44          3      20762          5  0.000e+00
  430371338     30.999     31.265   3.410738   3.410611    33.3560    33.3554     7.3433     7.3426     7.3404     7.3397     0.0000     0.0000     0.0830    99.0939     0.0004     4.6252   39.60328    2.68155    116.714    26.0771    26.0767    1478.44          3      20763          5  0.000e+00
  430371338     30.999     31.265   3.410705   3.410624    33.3553    33.3557     7.3438     7.3424     7.3409     7.3395     0.0000     0.0000     0.0830    99.0939     0.0004     4.6252   39.65651    2.68514    116.871    26.0764    26.0770    1478.44          3      20764          5  0.000e+00
  430371338     31.048     31.315   3.410791   3.410624    33.3568    33.3558     7.3432     7.3423     7.3403     7.3394     0.0000     0.0000     0.0830    99.0939     0.0004     4.6252   39.65540    2.68507    116.868    26.0777    26.0771    1478.44          3      20765          5  0.000e+00
  430371338     30.999     31.265   3.410764   3.410586    33.3559    33.3553     7.3438     7.3424     7.3409     7.3395     0.0000     0.0000     0.0830    99.0939     0.0004     4.6252   39.65370    2.68493    116.862    26.0769    26.0766    1478.44          3      20766          5  0.000e+00
  430371338     31.048     31.315   3.410771   3.410573    33.3564    33.3556     7.3433     7.3419     7.3404     7.3390     0.0000     0.0000     0.0842    99.0939     0.0004     4.6252   39.71847    2.68934    117.053    26.0774    26.0770    1478.44          3      20767          5  0.000e+00
  430371338     31.092     31.359   3.410784   3.410592    33.3564    33.3553     7.3434     7.3424     7.3405     7.3395     0.0000     0.0000     0.0842    99.0939     0.0004     4.6252   39.66216    2.68552    116.887    26.0774    26.0766    1478.44          3      20768          5  0.000e+00
  430371338     31.048     31.315   3.410784   3.410599    33.3564    33.3554     7.3435     7.3424     7.3406     7.3395     0.0000     0.0000     0.0830    99.0939     0.0004     4.6252   39.72595    2.68984    117.075    26.0773    26.0767    1478.44          3      20769          5  0.000e+00
