ROS/FK009A_CTD003_20130819.ros
* Sea-Bird SBE 9 Data File:
* FileName = C:\Falkor-Data-2013\FK009A\CTD\FK009A_CTD003_20130819.hex
* Software Version Seasave V 7.21f
* Temperature SN = 5483
* Conductivity SN = 3916
* Number of Bytes Per Scan = 41
* Number of Voltage Words = 4
* Number of Scans Averaged by the Deck Unit = 1
* NMEA Latitude = 48 25.29 N
* NMEA Longitude = 125 28.62 W
* NMEA UTC (Time) = Aug 19 2013 21:05:36
* NMEA baud rate = 4800
** Ship:
** Station: LB08
** Operator:
# nquan = 27
# nvalues = 441                                   
# units = specified
# name 0 = timeQ: Time, NMEA [seconds]
# name 1 = depSM: Depth [salt water, m]
# name 2 = prDM: Pressure, Digiquartz [db]
# name 3 = c0S/m: Conductivity [S/m]
# name 4 = c1S/m: Conductivity, 2 [S/m]
# name 5 = sal00: Salinity, Practical [PSU]
# name 6 = sal11: Salinity, Practical, 2 [PSU]
# name 7 = t090C: Temperature [ITS-90, deg C]
# name 8 = t190C: Temperature, 2 [ITS-90, deg C]
# name 9 = potemp090C: Potential Temperature [ITS-90, deg C]
# name 10 = potemp190C: Potential Temperature, 2 [ITS-90, deg C]
# name 11 = v2: Voltage 2
# name 12 = v3: Voltage 3
# name 13 = v0: Voltage 0
# name 14 = CStarTr0: Beam Transmission, WET Labs C-Star [%]
# name 15 = CStarAt0: Beam Attenuation, WET Labs C-Star [1/m]
# name 16 = v5: Voltage 5
# name 17 = sbeox0PS: Oxygen, SBE 43 [% saturation]
# name 18 = sbeox0ML/L: Oxygen, SBE 43 [ml/l]
# name 19 = sbeox0Mm/Kg: Oxygen, SBE 43 [umol/Kg]
# name 20 = sigma-é00: Density [sigma-theta, Kg/m^3]
# name 21 = sigma-é11: Density, 2 [sigma-theta, Kg/m^3]
# name 22 = svCM: Sound Velocity [Chen-Millero, m/s]
# name 23 = modError: Modulo Error Count
# name 24 = scan: Scan Count
# name 25 = nbf: Bottles Fired
# name 26 = flag:  0.000e+00
# interval = seconds: 0.0416667
# start_time = Aug 19 2013 21:05:37 [NMEA time, first data scan]
# bad_flag = -9.990e-29
*END*
[from data line 162]
  430262359     70.659     71.272   3.384266   3.384106    33.8148    33.8132     6.5562     6.5560     6.5499     6.5498     2.9597     0.8022     0.0842    97.8644     0.0009     4.5678   15.05736    1.03502     45.029    26.5455    26.5442    1476.61          0      19750          4  0.000e+00
  430262360     70.640     71.253   3.384266   3.384119    33.8148    33.8133     6.5562     6.5561     6.5499     6.5498     2.9597     0.8022     0.0842    97.8644     0.0009     4.5678   15.05585    1.03492     45.024    26.5455    26.5443    1476.61          0      19751          4  0.000e+00
  430262360     70.590     71.203   3.384273   3.384113    33.8149    33.8131     6.5562     6.5562     6.5499     6.5499     2.9597     0.8022     0.0830    97.8644     0.0009     4.5678   15.05378    1.03477     45.018    26.5456    26.5442    1476.61          0      19752          4  0.000e+00
  430262360     70.590     71.203   3.384253   3.384100    33.8148    33.8128     6.5560     6.5564     6.5498     6.5501     2.9609     0.8022     0.0830    97.8644     0.0009     4.5678   15.05132    1.03461     45.011    26.5455    26.5439    1476.61          0      19753          4  0.000e+00
  430262360     70.609     71.221   3.384227   3.384106    33.8145    33.8126     6.5560     6.5566     6.5498     6.5504     2.9597     0.8034     0.0830    97.8644     0.0009     4.5678   15.04840    1.03441     45.002    26.5453    26.5437    1476.61          0      19754          4  0.000e+00
  430262360     70.547     71.159   3.384260   3.384119    33.8148    33.8128     6.5562     6.5565     6.5499     6.5503     2.9609     0.8010     0.0830    97.8644     0.0009     4.5678   15.05714    1.03501     45.028    26.5455    26.5439    1476.61          0      19755          4  0.000e+00
  430262360     70.590     71.203   3.384233   3.384138    33.8145    33.8129     6.5562     6.5566     6.5499     6.5504     2.9597     0.8010     0.0830    97.8644     0.0009     4.5678   15.06610    1.03562     45.055    26.5452    26.5440    1476.61          0      19756          4  0.000e+00
  430262360     70.547     71.159   3.384214   3.384125    33.8140    33.8130     6.5565     6.5565     6.5502     6.5503     2.9597     0.8022     0.0830    97.8644     0.0009     4.5678   15.07487    1.03622     45.081    26.5448    26.5440    1476.61          0      19757          4  0.000e+00
  430262360     70.522     71.133   3.384260   3.384112    33.8142    33.8125     6.5568     6.5568     6.5506     6.5506     2.9597     0.8010     0.0830    97.8644     0.0009     4.5678   15.07136    1.03597     45.070    26.5449    26.5436    1476.61          0      19758          4  0.000e+00
  430262360     70.503     71.114   3.384273   3.384119    33.8145    33.8126     6.5566     6.5568     6.5504     6.5506     2.9597     0.8010     0.0830    97.8644     0.0009     4.5678   15.06739    1.03570     45.058    26.5452    26.5437    1476.61          0      19759          4  0.000e+00
  430262360     70.547     71.159   3.384299   3.384138    33.8146    33.8128     6.5568     6.5568     6.5506     6.5506     2.9609     0.8010     0.0842    97.8644     0.0009     4.5678   15.07535    1.03624     45.082    26.5452    26.5438    1476.61          0      19760          4  0.000e+00
  430262360     70.453     71.064   3.384306   3.384125    33.8147    33.8130     6.5568     6.5565     6.5506     6.5503     2.9609     0.8022     0.0842    97.8644     0.0009     4.5678   15.13758    1.04052     45.268    26.5453    26.5440    1476.61          0      19761          4  0.000e+00
  430262360     70.472     71.083   3.384306   3.384138    33.8144    33.8134     6.5571     6.5562     6.5509     6.5500     2.9597     0.8022     0.0842    97.8644     0.0009     4.5678   15.14401    1.04096     45.287    26.5450    26.5444    1476.61          0      19762          4  0.000e+00
  430262360     70.503     71.114   3.384306   3.384106    33.8141    33.8129     6.5574     6.5563     6.5512     6.5501     2.9609     0.8010     0.0830    97.8644     0.0009     4.5678   15.09495    1.03758     45.140    26.5448    26.5440    1476.61          0      19763          4  0.000e+00
  430262360     70.409     71.020   3.384279   3.384087    33.8139    33.8132     6.5573     6.5559     6.5511     6.5497     2.9609     0.8010     0.0830    97.9690     0.0008     4.5726   15.08836    1.03713     45.121    26.5447    26.5442    1476.61          0      19764          4  0.000e+00
  430262360     70.453     71.064   3.384326   3.384093    33.8143    33.8130     6.5574     6.5562     6.5512     6.5500     2.9609     0.8010     0.0830    98.0213     0.0008     4.5751   15.14840    1.04125     45.300    26.5450    26.5440    1476.61          0      19765          4  0.000e+00
  430262360     70.428     71.039   3.384312   3.384132    33.8143    33.8137     6.5573     6.5559     6.5511     6.5497     2.9609     0.8010     0.0842    98.0213     0.0008     4.5751   15.08544    1.03693     45.112    26.5449    26.5446    1476.61          0      19766          4  0.000e+00
  430262360     70.409     71.020   3.384306   3.384106    33.8142    33.8134     6.5573     6.5559     6.5511     6.5496     2.9609     0.8022     0.0830    98.0213     0.0008     4.5751   15.07703    1.03635     45.087    26.5449    26.5445    1476.61          0      19767          4  0.000e+00
  430262360     70.409     71.020   3.384279   3.384087    33.8141    33.8127     6.5571     6.5564     6.5509     6.5502     2.9609     0.8010     0.0830    98.0213     0.0008     4.5751   15.06817    1.03575     45.060    26.5448    26.5438    1476.61          0      19768          4  0.000e+00
  430262360     70.359     70.970   3.384299   3.384068    33.8147    33.8127     6.5568     6.5562     6.5506     6.5500     2.9609     0.8010     0.0830    98.0213     0.0008     4.5751   15.05873    1.03510     45.032    26.5453    26.5439    1476.61          0      19769          4  0.000e+00
  430262360     70.384     70.995   3.384306   3.384080    33.8146    33.8131     6.5570     6.5559     6.5507     6.5497     2.9609     0.8010     0.0818    98.0213     0.0008     4.5751   15.11577    1.03902     45.203    26.5452    26.5442    1476.61          0      19770          4  0.000e+00
  430262360     70.359     70.970   3.384286   3.384068    33.8144    33.8132     6.5570     6.5557     6.5508     6.5494     2.9609     0.8022     0.0830    98.0213     0.0008     4.5751   15.04986    1.03449     45.006    26.5450    26.5443    1476.61          0      19771          4  0.000e+00
  430262360     70.316     70.926   3.384273   3.384055    33.8142    33.8126     6.5570     6.5562     6.5508     6.5500     2.9609     0.8022     0.0830    98.0213     0.0008     4.5751   15.03844    1.03371     44.972    26.5449    26.5438    1476.61          0      19772          4  0.000e+00
  430262360     70.359     70.970   3.384299   3.384087    33.8144    33.8130     6.5571     6.5561     6.5509     6.5499     2.9609     0.8010     0.0818    98.0213     0.0008     4.5751   15.03902    1.03374     44.973    26.5450    26.5441    1476.61          0      19773          4  0.000e+00
  430262360     70.334     70.945   3.384332   3.384087    33.8147    33.8131     6.5571     6.5560     6.5509     6.5498     2.9609     0.8022     0.0818    98.0213     0.0008     4.5751   15.10631    1.03836     45.174    26.5453    26.5442    1476.61          0      19774          4  0.000e+00
  430262361     70.316     70.926   3.384319   3.384093    33.8148    33.8134     6.5570     6.5558     6.5508     6.5495     2.9609     0.8022     0.0818    98.0213     0.0008     4.5751   15.05125    1.03458     45.010    26.5453    26.5445    1476.61          0      19775          4  0.000e+00
  430262361     70.359     70.970   3.384279   3.384087    33.8141    33.8131     6.5571     6.5560     6.5509     6.5498     2.9609     0.8010     0.0818    98.0213     0.0008     4.5751   15.05133    1.03459     45.010    26.5448    26.5442    1476.61          0      19776          4  0.000e+00
  430262361     70.272     70.882   3.384233   3.384093    33.8137    33.8135     6.5571     6.5558     6.5509     6.5496     2.9609     0.8022     0.0818    98.0213     0.0008     4.5751   15.11801    1.03917     45.209    26.5445    26.5445    1476.61          0      19777          4  0.000e+00
  430262361     70.291     70.901   3.384279   3.384106    33.8143    33.8133     6.5570     6.5560     6.5508     6.5498     2.9609     0.8010     0.0818    98.0213     0.0008     4.5751   15.11707    1.03911     45.207    26.5450    26.5444    1476.61          0      19778          4  0.000e+00
  430262361     70.316     70.926   3.384306   3.384100    33.8143    33.8138     6.5573     6.5554     6.5511     6.5492     2.9609     0.8022     0.0830    98.0213     0.0008     4.5751   15.04829    1.03437     45.001    26.5449    26.5448    1476.61          0      19779          4  0.000e+00
  430262361     70.272     70.882   3.384332   3.384061    33.8146    33.8130     6.5573     6.5559     6.5511     6.5497     2.9609     0.8022     0.0818    98.0213     0.0008     4.5751   15.03392    1.03338     44.958    26.5452    26.5441    1476.61          0      19780          4  0.000e+00
  430262361     70.272     70.882   3.384319   3.384087    33.8146    33.8134     6.5571     6.5558     6.5509     6.5496     2.9609     0.8010     0.0830    98.0213     0.0008     4.5751   15.01915    1.03237     44.914    26.5452    26.5444    1476.61          0      19781          4  0.000e+00
  430262361     70.241     70.850   3.384332   3.384106    33.8145    33.8139     6.5574     6.5555     6.5512     6.5493     2.9621     0.8022     0.0830    98.0213     0.0008     4.5751   15.01612    1.03216     44.904    26.5451    26.5448    1476.61          0      19782          4  0.000e+00
  430262361     70.272     70.882   3.384319   3.384074    33.8143    33.8133     6.5574     6.5558     6.5512     6.5496     2.9621     0.8022     0.0830    98.0213     0.0008     4.5751   15.01323    1.03196     44.896    26.5450    26.5443    1476.61          0      19783          4  0.000e+00
  430262447     61.629     62.162   3.394615   3.394378    33.7097    33.7079     6.7833     6.7825     6.7778     6.7769     2.8315     0.8168     0.0818    98.1783     0.0007     4.5824   18.10076    1.23857     53.890    26.4324    26.4311    1477.22          0      21848          5  0.000e+00
  430262447     61.672     62.206   3.394582   3.394391    33.7092    33.7080     6.7834     6.7825     6.7779     6.7770     2.8315     0.8181     0.0818    98.1783     0.0007     4.5824   18.16309    1.24283     54.076    26.4320    26.4312    1477.22          0      21849          5  0.000e+00
  430262447     61.629     62.162   3.394595   3.394391    33.7096    33.7081     6.7832     6.7825     6.7776     6.7769     2.8315     0.8181     0.0830    98.1783     0.0007     4.5824   18.15862    1.24253     54.063    26.4324    26.4312    1477.22          0      21850          5  0.000e+00
  430262447     61.672     62.206   3.394575   3.394391    33.7096    33.7082     6.7830     6.7823     6.7774     6.7768     2.8303     0.8168     0.0830    98.1783     0.0007     4.5824   18.16651    1.24308     54.086    26.4324    26.4313    1477.22          0      21851          5  0.000e+00
  430262447     61.629     62.162   3.394542   3.394391    33.7094    33.7082     6.7829     6.7823     6.7773     6.7768     2.8303     0.8181     0.0818    98.1783     0.0007     4.5824   18.10806    1.23908     53.912    26.4322    26.4314    1477.22          0      21852          5  0.000e+00
  430262447     61.722     62.256   3.394536   3.394365    33.7090    33.7082     6.7831     6.7820     6.7776     6.7765     2.8303     0.8181     0.0830    98.1783     0.0007     4.5824   18.10585    1.23893     53.906    26.4319    26.4314    1477.22          0      21853          5  0.000e+00
  430262447     61.672     62.206   3.394562   3.394378    33.7099    33.7084     6.7825     6.7820     6.7770     6.7765     2.8315     0.8181     0.0830    98.1783     0.0007     4.5824   18.17089    1.24339     54.100    26.4326    26.4315    1477.22          0      21854          5  0.000e+00
  430262447     61.672     62.206   3.394569   3.394365    33.7099    33.7080     6.7826     6.7822     6.7771     6.7767     2.8315     0.8168     0.0830    98.1783     0.0007     4.5824   18.18158    1.24412     54.131    26.4326    26.4312    1477.22          0      21855          5  0.000e+00
  430262447     61.672     62.206   3.394608   3.394378    33.7102    33.7081     6.7827     6.7823     6.7772     6.7768     2.8315     0.8181     0.0830    98.1783     0.0007     4.5824   18.24721    1.24860     54.327    26.4329    26.4312    1477.22          0      21856          5  0.000e+00
  430262447     61.722     62.256   3.394589   3.394391    33.7096    33.7083     6.7831     6.7822     6.7776     6.7766     2.8303     0.8168     0.0830    98.1783     0.0007     4.5824   18.25751    1.24930     54.357    26.4323    26.4315    1477.22          0      21857          5  0.000e+00
  430262447     61.672     62.206   3.394615   3.394391    33.7100    33.7082     6.7830     6.7823     6.7774     6.7768     2.8303     0.8181     0.0830    98.1783     0.0007     4.5824   18.20052    1.24540     54.187    26.4327    26.4313    1477.22          0      21858          5  0.000e+00
  430262447     61.672     62.206   3.394582   3.394365    33.7096    33.7079     6.7830     6.7823     6.7775     6.7768     2.8303     0.8193     0.0818    98.1783     0.0007     4.5824   18.19857    1.24527     54.182    26.4324    26.4311    1477.22          0      21859          5  0.000e+00
  430262447     61.747     62.282   3.394589   3.394404    33.7094    33.7082     6.7833     6.7825     6.7777     6.7769     2.8303     0.8168     0.0830    98.1783     0.0007     4.5824   18.19680    1.24514     54.176    26.4322    26.4313    1477.22          0      21860          5  0.000e+00
  430262447     61.722     62.256   3.394575   3.394397    33.7094    33.7082     6.7832     6.7824     6.7776     6.7768     2.8303     0.8181     0.0830    98.1783     0.0007     4.5824   18.26140    1.24957     54.369    26.4321    26.4313    1477.22          0      21861          5  0.000e+00
  430262447     61.672     62.206   3.394589   3.394391    33.7096    33.7082     6.7831     6.7823     6.7776     6.7768     2.8303     0.8168     0.0818    98.1783     0.0007     4.5824   18.28266    1.25102     54.432    26.4323    26.4313    1477.22          0      21862          5  0.000e+00
  430262447     61.722     62.256   3.394595   3.394365    33.7093    33.7077     6.7835     6.7825     6.7780     6.7769     2.8315     0.8168     0.0830    98.1783     0.0007     4.5824   18.23754    1.24793     54.297    26.4320    26.4310    1477.22          0      21863          5  0.000e+00
  430262447     61.722     62.256   3.394595   3.394378    33.7095    33.7077     6.7833     6.7826     6.7777     6.7771     2.8303     0.8168     0.0818    98.1783     0.0007     4.5824   18.16900    1.24324     54.093    26.4322    26.4309    1477.22          0      21864          5  0.000e+00
  430262447     61.672     62.206   3.394575   3.394391    33.7092    33.7080     6.7833     6.7825     6.7778     6.7769     2.8303     0.8181     0.0830    98.2306     0.0007     4.5849   18.15576    1.24234     54.054    26.4320    26.4312    1477.22          0      21865          5  0.000e+00
