ROS/FK009A_CTD020_20130822.ros
* Sea-Bird SBE 9 Data File:
* FileName = C:\Falkor-Data-2013\FK009A\CTD\FK009A_CTD020_20130822.hex
* Software Version Seasave V 7.21f
* Temperature SN = 5483
* Conductivity SN = 3916
* Number of Bytes Per Scan = 41
* Number of Voltage Words = 4
* Number of Scans Averaged by the Deck Unit = 1
* NMEA Latitude = 48 06.54 N
* NMEA Longitude = 125 15.11 W
* NMEA UTC (Time) = Aug 22 2013 02:27:41
* NMEA baud rate = 4800
** Ship: RV Falkor
** Station: RD02
** Operator: CP
# nquan = 27
# nvalues = 196                                   
# units = specified
# name 0 = timeQ: Time, NMEA [seconds]
# name 1 = depSM: Depth [salt water, m]
# name 2 = prDM: Pressure, Digiquartz [db]
# name 3 = c0S/m: Conductivity [S/m]
# name 4 = c1S/m: Conductivity, 2 [S/m]
# name 5 = sal00: Salinity, Practical [PSU]
# name 6 = sal11: Salinity, Practical, 2 [PSU]
# name 7 = t090C: Temperature [ITS-90, deg C]
# name 8 = t190C: Temperature, 2 [ITS-90, deg C]
# name 9 = potemp090C: Potential Temperature [ITS-90, deg C]
# name 10 = potemp190C: Potential Temperature, 2 [ITS-90, deg C]
# name 11 = v2: Voltage 2
# name 12 = v3: Voltage 3
# name 13 = v0: Voltage 0
# name 14 = CStarTr0: Beam Transmission, WET Labs C-Star [%]
# name 15 = CStarAt0: Beam Attenuation, WET Labs C-Star [1/m]
# name 16 = v5: Voltage 5
# name 17 = sbeox0PS: Oxygen, SBE 43 [% saturation]
# name 18 = sbeox0ML/L: Oxygen, SBE 43 [ml/l]
# name 19 = sbeox0Mm/Kg: Oxygen, SBE 43 [umol/Kg]
# name 20 = sigma-é00: Density [sigma-theta, Kg/m^3]
# name 21 = sigma-é11: Density, 2 [sigma-theta, Kg/m^3]
# name 22 = svCM: Sound Velocity [Chen-Millero, m/s]
# name 23 = modError: Modulo Error Count
# name 24 = scan: Scan Count
# name 25 = nbf: Bottles Fired
# name 26 = flag:  0.000e+00
# interval = seconds: 0.0416667
# start_time = Jan 01 2000 02:27:41 [NMEA time, first data scan]
# bad_flag = -9.990e-29
*END*
[from data line 54]
  430454568    246.949    249.192   3.384135   3.384070    33.9803    33.9806     6.2994     6.2983     6.2777     6.2766     0.0000     0.0000     0.0794    99.2247     0.0003     4.6313   18.61722    1.28595     55.937    26.7115    26.7119    1478.73          5      21715          2  0.000e+00
  430454568    246.937    249.179   3.384142   3.384038    33.9807    33.9802     6.2991     6.2984     6.2774     6.2767     0.0000     0.0000     0.0781    99.2247     0.0003     4.6313   18.68365    1.29055     56.136    26.7119    26.7115    1478.73          5      21716          2  0.000e+00
  430454568    246.937    249.179   3.384149   3.384102    33.9808    33.9798     6.2991     6.2995     6.2774     6.2778     0.0000     0.0000     0.0781    99.2247     0.0003     4.6313   18.69370    1.29124     56.167    26.7119    26.7111    1478.73          5      21717          2  0.000e+00
  430454568    246.937    249.179   3.384175   3.384160    33.9806    33.9794     6.2995     6.3005     6.2778     6.2788     0.0000     0.0000     0.0781    99.2247     0.0003     4.6313   18.70373    1.29192     56.196    26.7118    26.7107    1478.73          5      21718          2  0.000e+00
  430454568    246.937    249.179   3.384228   3.384134    33.9812    33.9790     6.2995     6.3006     6.2778     6.2789     0.0000     0.0000     0.0781    99.2247     0.0003     4.6313   18.71378    1.29261     56.226    26.7122    26.7104    1478.73          5      21719          2  0.000e+00
  430454568    246.937    249.179   3.384201   3.384160    33.9804    33.9792     6.3000     6.3008     6.2783     6.2791     0.0000     0.0000     0.0781    99.1985     0.0003     4.6300   18.72381    1.29330     56.256    26.7116    26.7105    1478.73          5      21720          2  0.000e+00
  430454568    246.980    249.223   3.384248   3.384346    33.9806    33.9790     6.3003     6.3031     6.2786     6.2814     0.0000     0.0000     0.0794    99.2247     0.0003     4.6313   18.73395    1.29399     56.286    26.7116    26.7100    1478.73          5      21721          2  0.000e+00
  430454568    246.949    249.192   3.384300   3.384577    33.9807    33.9784     6.3008     6.3062     6.2791     6.2845     0.0000     0.0000     0.0781    99.1985     0.0003     4.6300   18.60571    1.28511     55.900    26.7117    26.7092    1478.73          5      21722          2  0.000e+00
  430454568    246.937    249.179   3.384373   3.384654    33.9809    33.9780     6.3015     6.3074     6.2798     6.2857     0.0000     0.0000     0.0781    99.2247     0.0003     4.6313   18.59138    1.28410     55.856    26.7117    26.7087    1478.74          5      21723          2  0.000e+00
  430454568    246.980    249.223   3.384445   3.384648    33.9811    33.9780     6.3021     6.3074     6.2804     6.2857     0.0000     0.0000     0.0794    99.2247     0.0003     4.6313   18.64734    1.28795     56.023    26.7118    26.7087    1478.74          5      21724          2  0.000e+00
  430454568    246.937    249.179   3.384432   3.384706    33.9804    33.9783     6.3027     6.3078     6.2810     6.2861     0.0000     0.0000     0.0794    99.2247     0.0003     4.6313   18.63400    1.28702     55.983    26.7112    26.7089    1478.74          5      21725          2  0.000e+00
  430454568    246.980    249.223   3.384406   3.384686    33.9798    33.9776     6.3029     6.3082     6.2812     6.2865     0.0000     0.0000     0.0781    99.2247     0.0003     4.6313   18.70320    1.29179     56.191    26.7107    26.7083    1478.74          5      21726          2  0.000e+00
  430454568    246.937    249.179   3.384465   3.384776    33.9797    33.9780     6.3037     6.3089     6.2820     6.2871     0.0000     0.0000     0.0781    99.2247     0.0003     4.6313   18.71575    1.29264     56.227    26.7105    26.7085    1478.74          5      21727          2  0.000e+00
  430454568    246.980    249.223   3.384511   3.384802    33.9799    33.9778     6.3040     6.3093     6.2822     6.2876     0.0000     0.0000     0.0781    99.2247     0.0003     4.6313   18.72854    1.29351     56.265    26.7106    26.7083    1478.75          5      21728          2  0.000e+00
  430454568    246.949    249.192   3.384518   3.384783    33.9797    33.9779     6.3043     6.3090     6.2826     6.2873     0.0000     0.0000     0.0781    99.2247     0.0003     4.6313   18.68526    1.29051     56.135    26.7104    26.7084    1478.75          5      21729          2  0.000e+00
  430454568    246.980    249.223   3.384610   3.384796    33.9796    33.9782     6.3054     6.3089     6.2837     6.2871     0.0000     0.0000     0.0794    99.2247     0.0003     4.6313   18.68635    1.29055     56.137    26.7102    26.7087    1478.75          5      21730          2  0.000e+00
  430454568    246.980    249.223   3.384762   3.384783    33.9792    33.9776     6.3075     6.3093     6.2858     6.2876     0.0000     0.0000     0.0794    99.2247     0.0003     4.6313   18.75695    1.29537     56.346    26.7096    26.7081    1478.76          5      21731          2  0.000e+00
  430454568    247.024    249.268   3.384861   3.384841    33.9792    33.9779     6.3086     6.3097     6.2868     6.2880     0.0000     0.0000     0.0794    99.2247     0.0003     4.6313   18.77129    1.29633     56.388    26.7095    26.7083    1478.76          5      21732          2  0.000e+00
  430454568    246.980    249.223   3.384868   3.384847    33.9793    33.9778     6.3086     6.3098     6.2869     6.2881     0.0000     0.0000     0.0781    99.2247     0.0003     4.6313   18.77224    1.29639     56.391    26.7096    26.7082    1478.76          5      21733          2  0.000e+00
  430454568    246.980    249.223   3.384900   3.384860    33.9794    33.9777     6.3088     6.3101     6.2871     6.2884     0.0000     0.0000     0.0794    99.2509     0.0003     4.6325   18.77276    1.29642     56.392    26.7096    26.7081    1478.76          5      21734          2  0.000e+00
  430454568    247.024    249.268   3.384966   3.384892    33.9794    33.9769     6.3095     6.3113     6.2878     6.2895     0.0000     0.0000     0.0794    99.2509     0.0003     4.6325   18.77284    1.29640     56.391    26.7095    26.7073    1478.77          5      21735          2  0.000e+00
  430454569    246.999    249.242   3.385006   3.384918    33.9790    33.9769     6.3104     6.3116     6.2886     6.2898     0.0000     0.0000     0.0781    99.2509     0.0003     4.6325   18.70312    1.29157     56.181    26.7091    26.7072    1478.77          5      21736          2  0.000e+00
  430454569    247.024    249.268   3.385032   3.384930    33.9787    33.9770     6.3110     6.3115     6.2892     6.2898     0.0000     0.0000     0.0781    99.2509     0.0003     4.6325   18.68995    1.29064     56.141    26.7088    26.7074    1478.77          5      21737          2  0.000e+00
  430454569    247.024    249.268   3.385019   3.385040    33.9784    33.9776     6.3111     6.3122     6.2894     6.2905     0.0000     0.0000     0.0781    99.2509     0.0003     4.6325   18.68994    1.29064     56.141    26.7085    26.7077    1478.77          5      21738          2  0.000e+00
  430454569    247.074    249.318   3.385059   3.385136    33.9788    33.9767     6.3111     6.3141     6.2894     6.2924     0.0000     0.0000     0.0781    99.2509     0.0003     4.6325   18.69060    1.29068     56.142    26.7089    26.7068    1478.77          5      21739          2  0.000e+00
  430454569    247.024    249.268   3.385072   3.385187    33.9785    33.9761     6.3116     6.3154     6.2899     6.2936     0.0000     0.0000     0.0781    99.2509     0.0003     4.6325   18.69151    1.29073     56.145    26.7086    26.7061    1478.78          5      21740          2  0.000e+00
  430454569    247.074    249.318   3.385072   3.385162    33.9785    33.9767     6.3116     6.3144     6.2899     6.2927     0.0000     0.0000     0.0794    99.2247     0.0003     4.6313   18.76231    1.29562     56.357    26.7085    26.7067    1478.78          5      21741          2  0.000e+00
  430454569    247.074    249.318   3.385072   3.385078    33.9783    33.9771     6.3118     6.3131     6.2900     6.2914     0.0000     0.0000     0.0781    99.2509     0.0003     4.6325   18.69427    1.29092     56.153    26.7084    26.7072    1478.78          5      21742          2  0.000e+00
  430454569    247.043    249.286   3.385118   3.384982    33.9789    33.9777     6.3118     6.3114     6.2900     6.2897     0.0000     0.0000     0.0794    99.2509     0.0003     4.6325   18.76487    1.29579     56.365    26.7088    26.7079    1478.78          5      21743          2  0.000e+00
  430454569    247.118    249.362   3.385085   3.384898    33.9783    33.9779     6.3119     6.3103     6.2902     6.2885     0.0000     0.0000     0.0781    99.2509     0.0003     4.6325   18.77932    1.29679     56.408    26.7083    26.7082    1478.78          5      21744          2  0.000e+00
  430454569    247.118    249.362   3.385092   3.384841    33.9784    33.9776     6.3119     6.3098     6.2902     6.2881     0.0000     0.0000     0.0781    99.2509     0.0003     4.6325   18.79359    1.29778     56.451    26.7084    26.7081    1478.78          5      21745          2  0.000e+00
  430454569    247.074    249.318   3.385079   3.384841    33.9786    33.9775     6.3116     6.3100     6.2899     6.2883     0.0000     0.0000     0.0794    99.2509     0.0003     4.6325   18.80777    1.29876     56.494    26.7086    26.7080    1478.78          5      21746          2  0.000e+00
  430454569    247.118    249.362   3.385072   3.384860    33.9785    33.9777     6.3116     6.3100     6.2899     6.2883     0.0000     0.0000     0.0781    99.2509     0.0003     4.6325   18.80893    1.29884     56.497    26.7085    26.7081    1478.78          5      21747          2  0.000e+00
  430454569    247.168    249.413   3.385072   3.384873    33.9786    33.9779     6.3114     6.3099     6.2897     6.2882     0.0000     0.0000     0.0794    99.2509     0.0003     4.6325   18.74050    1.29412     56.292    26.7086    26.7083    1478.78          5      21748          2  0.000e+00
  430454569    247.118    249.362   3.385052   3.384841    33.9785    33.9776     6.3113     6.3098     6.2896     6.2881     0.0000     0.0000     0.0781    99.2509     0.0003     4.6325   18.71502    1.29237     56.216    26.7086    26.7081    1478.78          5      21749          2  0.000e+00
  430454569    247.181    249.425   3.385065   3.384841    33.9790    33.9776     6.3110     6.3098     6.2892     6.2881     0.0000     0.0000     0.0781    99.2509     0.0003     4.6325   18.64662    1.28765     56.010    26.7090    26.7081    1478.78          5      21750          2  0.000e+00
  430454569    247.168    249.413   3.385072   3.384834    33.9786    33.9776     6.3114     6.3098     6.2897     6.2881     0.0000     0.0000     0.0781    99.2509     0.0003     4.6325   18.70456    1.29164     56.184    26.7086    26.7081    1478.78          5      21751          2  0.000e+00
  430454569    247.168    249.413   3.385026   3.384886    33.9784    33.9783     6.3111     6.3097     6.2894     6.2880     0.0000     0.0000     0.0794    99.2509     0.0003     4.6325   18.70669    1.29180     56.191    26.7085    26.7086    1478.78          5      21752          2  0.000e+00
  430454569    247.212    249.457   3.385032   3.384847    33.9783    33.9775     6.3113     6.3100     6.2895     6.2883     0.0000     0.0000     0.0794    99.2247     0.0003     4.6313   18.77853    1.29676     56.407    26.7084    26.7080    1478.78          5      21753          2  0.000e+00
  430454569    247.212    249.457   3.385112   3.384866    33.9789    33.9778     6.3116     6.3099     6.2899     6.2882     0.0000     0.0000     0.0794    99.2247     0.0003     4.6313   18.72475    1.29303     56.244    26.7088    26.7082    1478.78          5      21754          2  0.000e+00
  430454569    247.256    249.501   3.385158   3.384841    33.9784    33.9776     6.3126     6.3098     6.2908     6.2881     0.0000     0.0000     0.0794    99.2247     0.0003     4.6313   18.71478    1.29231     56.213    26.7083    26.7080    1478.78          5      21755          2  0.000e+00
  430454569    247.212    249.457   3.385145   3.384911    33.9786    33.9779     6.3123     6.3103     6.2905     6.2886     0.0000     0.0000     0.0781    99.2247     0.0003     4.6313   18.70464    1.29162     56.183    26.7085    26.7082    1478.78          5      21756          2  0.000e+00
  430454569    247.275    249.520   3.385138   3.384950    33.9786    33.9780     6.3121     6.3106     6.2903     6.2889     0.0000     0.0000     0.0794    99.2247     0.0003     4.6313   18.68155    1.29003     56.114    26.7086    26.7083    1478.78          5      21757          2  0.000e+00
  430454569    247.256    249.501   3.385138   3.384963    33.9788    33.9781     6.3119     6.3107     6.2902     6.2890     0.0000     0.0000     0.0794    99.2247     0.0003     4.6313   18.67094    1.28930     56.082    26.7087    26.7083    1478.78          5      21758          2  0.000e+00
  430454793    143.187    144.451   3.445063   3.444765    33.8088    33.8093     7.2055     7.2017     7.1921     7.1883     0.0000     0.0000     0.0757    99.5125     0.0002     4.6447   37.49394    2.53917    110.477    26.4540    26.4549    1480.33          9      27099          3  0.000e+00
  430454793    143.268    144.533   3.445083   3.444804    33.8092    33.8092     7.2053     7.2021     7.1919     7.1887     0.0000     0.0000     0.0757    99.5125     0.0002     4.6447   37.48946    2.53887    110.464    26.4543    26.4548    1480.33          9      27100          3  0.000e+00
  430454793    143.224    144.489   3.445069   3.444823    33.8089    33.8090     7.2054     7.2027     7.1920     7.1892     0.0000     0.0000     0.0781    99.5125     0.0002     4.6447   37.48386    2.53849    110.447    26.4541    26.4545    1480.33          9      27101          3  0.000e+00
  430454793    143.268    144.533   3.445083   3.444843    33.8092    33.8089     7.2053     7.2030     7.1919     7.1895     0.0000     0.0000     0.0757    99.5125     0.0002     4.6447   37.49044    2.53894    110.467    26.4543    26.4544    1480.33          9      27102          3  0.000e+00
  430454793    143.224    144.489   3.445069   3.444804    33.8093    33.8083     7.2050     7.2031     7.1916     7.1897     0.0000     0.0000     0.0769    99.5125     0.0002     4.6447   37.49660    2.53937    110.486    26.4545    26.4539    1480.33          9      27103          3  0.000e+00
  430454793    143.225    144.489   3.445063   3.444810    33.8093    33.8079     7.2050     7.2036     7.1916     7.1901     0.0000     0.0000     0.0769    99.5125     0.0002     4.6447   37.42348    2.53442    110.270    26.4544    26.4536    1480.33          9      27104          3  0.000e+00
  430454793    143.175    144.438   3.445063   3.444823    33.8091    33.8080     7.2052     7.2036     7.1917     7.1902     0.0000     0.0000     0.0757    99.5125     0.0002     4.6447   37.48510    2.53859    110.451    26.4543    26.4536    1480.33          9      27105          3  0.000e+00
  430454793    143.237    144.501   3.445063   3.444862    33.8092    33.8083     7.2051     7.2037     7.1917     7.1903     0.0000     0.0000     0.0769    99.4863     0.0002     4.6435   37.49177    2.53904    110.471    26.4543    26.4539    1480.33          9      27106          3  0.000e+00
  430454793    143.225    144.489   3.445063   3.444856    33.8088    33.8084     7.2055     7.2036     7.1921     7.1902     0.0000     0.0000     0.0769    99.5125     0.0002     4.6447   37.49804    2.53945    110.489    26.4540    26.4539    1480.33          9      27107          3  0.000e+00
