ROS/FK009A_CTD036_20130827.ros
* Sea-Bird SBE 9 Data File:
* FileName = C:\Falkor-Data-2013\FK009A\CTD\FK009A_CTD036_20130827.hex
* Software Version Seasave V 7.21f
* Temperature SN = 5483
* Conductivity SN = 3916
* Number of Bytes Per Scan = 41
* Number of Voltage Words = 4
* Number of Scans Averaged by the Deck Unit = 1
* NMEA Latitude = 48 20.23 N
* NMEA Longitude = 125 32.20 W
* NMEA UTC (Time) = Aug 27 2013 17:18:49
* NMEA baud rate = 4800
** Ship: RV Falkor
** Station: NN01
** Operator: Nathan Cunningham
# nquan = 27
# nvalues = 441                                   
# units = specified
# name 0 = timeQ: Time, NMEA [seconds]
# name 1 = depSM: Depth [salt water, m]
# name 2 = prDM: Pressure, Digiquartz [db]
# name 3 = c0S/m: Conductivity [S/m]
# name 4 = c1S/m: Conductivity, 2 [S/m]
# name 5 = sal00: Salinity, Practical [PSU]
# name 6 = sal11: Salinity, Practical, 2 [PSU]
# name 7 = t090C: Temperature [ITS-90, deg C]
# name 8 = t190C: Temperature, 2 [ITS-90, deg C]
# name 9 = potemp090C: Potential Temperature [ITS-90, deg C]
# name 10 = potemp190C: Potential Temperature, 2 [ITS-90, deg C]
# name 11 = v2: Voltage 2
# name 12 = v3: Voltage 3
# name 13 = v0: Voltage 0
# name 14 = CStarTr0: Beam Transmission, WET Labs C-Star [%]
# name 15 = CStarAt0: Beam Attenuation, WET Labs C-Star [1/m]
# name 16 = v5: Voltage 5
# name 17 = sbeox0PS: Oxygen, SBE 43 [% saturation]
# name 18 = sbeox0ML/L: Oxygen, SBE 43 [ml/l]
# name 19 = sbeox0Mm/Kg: Oxygen, SBE 43 [umol/Kg]
# name 20 = sigma-é00: Density [sigma-theta, Kg/m^3]
# name 21 = sigma-é11: Density, 2 [sigma-theta, Kg/m^3]
# name 22 = svCM: Sound Velocity [Chen-Millero, m/s]
# name 23 = modError: Modulo Error Count
# name 24 = scan: Scan Count
# name 25 = nbf: Bottles Fired
# name 26 = flag:  0.000e+00
# interval = seconds: 0.0416667
# start_time = Aug 27 2013 17:18:50 [NMEA time, first data scan]
# bad_flag = -9.990e-29
*END*
  430939707    133.732    134.912   3.413901   3.413795    33.9146    33.9129     6.7551     6.7556     6.7430     6.7435     0.0000     0.0000     0.0794    96.1117     0.0016     4.4860   24.14874    1.65126     71.834    26.5985    26.5971    1478.56          0      13868          1  0.000e+00
  430939707    133.819    135.000   3.413868   3.413788    33.9142    33.9126     6.7551     6.7557     6.7430     6.7436     0.0000     0.0000     0.0794    96.1117     0.0016     4.4860   24.15698    1.65182     71.859    26.5982    26.5969    1478.56          0      13869          1  0.000e+00
  430939707    133.707    134.887   3.413875   3.413788    33.9143    33.9128     6.7551     6.7555     6.7430     6.7434     0.0000     0.0000     0.0794    96.0855     0.0016     4.4847   24.16411    1.65231     71.880    26.5983    26.5971    1478.56          0      13870          1  0.000e+00
  430939707    133.732    134.912   3.413881   3.413762    33.9145    33.9128     6.7549     6.7553     6.7428     6.7432     0.0000     0.0000     0.0806    96.0855     0.0016     4.4847   24.10372    1.64818     71.701    26.5985    26.5971    1478.56          0      13871          1  0.000e+00
  430939707    133.682    134.861   3.413881   3.413704    33.9142    33.9123     6.7552     6.7551     6.7431     6.7430     0.0000     0.0000     0.0806    96.0593     0.0016     4.4835   24.11102    1.64867     71.722    26.5982    26.5968    1478.56          0      13872          1  0.000e+00
  430939707    133.682    134.861   3.413888   3.413691    33.9143    33.9127     6.7552     6.7546     6.7431     6.7425     0.0000     0.0000     0.0806    96.0593     0.0016     4.4835   24.10654    1.64837     71.709    26.5983    26.5971    1478.56          0      13873          1  0.000e+00
  430939707    133.682    134.861   3.413842   3.413691    33.9136    33.9130     6.7554     6.7543     6.7433     6.7422     0.0000     0.0000     0.0806    96.0593     0.0016     4.4835   24.10205    1.64806     71.695    26.5977    26.5974    1478.56          0      13874          1  0.000e+00
  430939707    133.682    134.861   3.413848   3.413672    33.9142    33.9130     6.7549     6.7541     6.7428     6.7421     0.0000     0.0000     0.0794    96.0593     0.0016     4.4835   24.09759    1.64777     71.683    26.5982    26.5974    1478.56          0      13875          1  0.000e+00
  430939707    133.588    134.767   3.413828   3.413685    33.9141    33.9131     6.7547     6.7541     6.7427     6.7421     0.0000     0.0000     0.0806    96.0855     0.0016     4.4847   24.09282    1.64745     71.669    26.5982    26.5975    1478.55          0      13876          1  0.000e+00
  430939708    133.638    134.817   3.413802   3.413717    33.9140    33.9130     6.7546     6.7546     6.7425     6.7425     0.0000     0.0000     0.0806    96.0593     0.0016     4.4835   24.14349    1.65092     71.820    26.5981    26.5974    1478.55          0      13877          1  0.000e+00
  430939708    133.588    134.767   3.413835   3.413724    33.9142    33.9126     6.7547     6.7551     6.7427     6.7430     0.0000     0.0000     0.0806    96.0855     0.0016     4.4847   24.14981    1.65134     71.838    26.5983    26.5970    1478.55          0      13878          1  0.000e+00
  430939708    133.588    134.767   3.413835   3.413788    33.9141    33.9130     6.7549     6.7554     6.7428     6.7434     0.0000     0.0000     0.0794    96.0593     0.0016     4.4835   24.08833    1.64714     71.655    26.5982    26.5972    1478.56          0      13879          1  0.000e+00
  430939708    133.569    134.748   3.413868   3.413814    33.9141    33.9128     6.7552     6.7559     6.7431     6.7438     0.0000     0.0000     0.0794    96.0593     0.0016     4.4835   24.08228    1.64671     71.637    26.5982    26.5971    1478.56          0      13880          1  0.000e+00
  430939708    133.501    134.679   3.413928   3.413840    33.9143    33.9131     6.7557     6.7560     6.7436     6.7439     0.0000     0.0000     0.0806    96.0593     0.0016     4.4835   24.08852    1.64712     71.654    26.5983    26.5972    1478.56          0      13881          1  0.000e+00
  430939708    133.501    134.679   3.413941   3.413846    33.9142    33.9132     6.7560     6.7559     6.7439     6.7438     0.0000     0.0000     0.0806    96.0593     0.0016     4.4835   24.08303    1.64673     71.638    26.5981    26.5974    1478.56          0      13882          1  0.000e+00
  430939708    133.545    134.723   3.413967   3.413820    33.9139    33.9128     6.7565     6.7561     6.7444     6.7440     0.0000     0.0000     0.0794    96.0593     0.0016     4.4835   24.07766    1.64635     71.621    26.5978    26.5970    1478.56          0      13883          1  0.000e+00
  430939708    133.501    134.679   3.413981   3.413820    33.9140    33.9128     6.7567     6.7561     6.7446     6.7440     0.0000     0.0000     0.0794    96.0593     0.0016     4.4835   24.07204    1.64596     71.604    26.5978    26.5970    1478.56          0      13884          1  0.000e+00
  430939708    133.451    134.628   3.414000   3.413814    33.9141    33.9129     6.7568     6.7559     6.7447     6.7438     0.0000     0.0000     0.0806    96.0593     0.0016     4.4835   24.06640    1.64557     71.587    26.5979    26.5971    1478.56          0      13885          1  0.000e+00
  430939708    133.407    134.584   3.413987   3.413814    33.9140    33.9129     6.7568     6.7559     6.7447     6.7438     0.0000     0.0000     0.0806    96.0593     0.0016     4.4835   24.12823    1.64979     71.771    26.5978    26.5971    1478.56          0      13886          1  0.000e+00
  430939708    133.451    134.628   3.414000   3.413833    33.9138    33.9130     6.7571     6.7561     6.7450     6.7440     0.0000     0.0000     0.0806    96.0593     0.0016     4.4835   24.06689    1.64559     71.588    26.5976    26.5971    1478.56          0      13887          1  0.000e+00
  430939708    133.407    134.584   3.414033   3.413827    33.9142    33.9129     6.7571     6.7561     6.7450     6.7440     0.0000     0.0000     0.0794    96.0593     0.0016     4.4835   24.06077    1.64517     71.570    26.5979    26.5971    1478.56          0      13888          1  0.000e+00
  430939709    133.338    134.515   3.414040   3.413814    33.9141    33.9130     6.7573     6.7559     6.7452     6.7438     0.0000     0.0000     0.0794    96.0593     0.0016     4.4835   24.05458    1.64474     71.551    26.5979    26.5971    1478.56          0      13889          1  0.000e+00
  430939709    133.407    134.584   3.414033   3.413833    33.9140    33.9127     6.7573     6.7564     6.7452     6.7443     0.0000     0.0000     0.0806    96.0593     0.0016     4.4835   24.04881    1.64435     71.534    26.5978    26.5969    1478.56          0      13890          1  0.000e+00
  430939709    133.313    134.490   3.414060   3.413820    33.9140    33.9128     6.7576     6.7562     6.7455     6.7441     0.0000     0.0000     0.0794    96.0593     0.0016     4.4835   24.04253    1.64390     71.515    26.5978    26.5970    1478.56          0      13891          1  0.000e+00
  430939709    133.313    134.490   3.414047   3.413839    33.9142    33.9129     6.7573     6.7562     6.7452     6.7442     0.0000     0.0000     0.0806    96.0593     0.0016     4.4835   24.10401    1.64812     71.698    26.5979    26.5971    1478.56          0      13892          1  0.000e+00
  430939709    133.313    134.490   3.414040   3.413820    33.9143    33.9126     6.7571     6.7564     6.7450     6.7443     0.0000     0.0000     0.0806    96.0332     0.0016     4.4823   24.12195    1.64935     71.751    26.5980    26.5968    1478.56          0      13893          1  0.000e+00
  430939709    133.270    134.445   3.414040   3.413814    33.9138    33.9128     6.7576     6.7561     6.7455     6.7440     0.0000     0.0000     0.0806    96.0593     0.0016     4.4835   24.05983    1.64509     71.566    26.5976    26.5970    1478.56          0      13894          1  0.000e+00
  430939709    133.220    134.395   3.414014   3.413833    33.9137    33.9131     6.7574     6.7561     6.7454     6.7440     0.0000     0.0000     0.0818    96.0332     0.0016     4.4823   24.05321    1.64464     71.547    26.5975    26.5972    1478.56          0      13895          1  0.000e+00
  430939709    133.270    134.445   3.414053   3.413827    33.9140    33.9128     6.7576     6.7562     6.7455     6.7442     0.0000     0.0000     0.0818    96.0593     0.0016     4.4835   24.05934    1.64505     71.565    26.5977    26.5970    1478.56          0      13896          1  0.000e+00
  430939709    133.220    134.395   3.414027   3.413794    33.9135    33.9126     6.7578     6.7561     6.7457     6.7440     0.0000     0.0000     0.0806    96.0593     0.0016     4.4835   24.06565    1.64548     71.583    26.5974    26.5969    1478.56          0      13897          1  0.000e+00
  430939709    133.176    134.351   3.414033   3.413807    33.9138    33.9128     6.7576     6.7561     6.7455     6.7440     0.0000     0.0000     0.0818    96.0593     0.0016     4.4835   24.07249    1.64595     71.604    26.5976    26.5970    1478.56          0      13898          1  0.000e+00
  430939709    133.201    134.376   3.414020   3.413814    33.9138    33.9129     6.7574     6.7561     6.7454     6.7440     0.0000     0.0000     0.0818    96.0593     0.0016     4.4835   24.06760    1.64563     71.590    26.5976    26.5970    1478.56          0      13899          1  0.000e+00
  430939709    133.132    134.307   3.414007   3.413794    33.9134    33.9128     6.7578     6.7559     6.7457     6.7439     0.0000     0.0000     0.0818    96.0593     0.0016     4.4835   24.06239    1.64526     71.574    26.5972    26.5970    1478.56          0      13900          1  0.000e+00
  430939709    133.176    134.351   3.414027   3.413833    33.9137    33.9133     6.7576     6.7559     6.7455     6.7438     0.0000     0.0000     0.0818    96.0593     0.0016     4.4835   24.04510    1.64408     71.522    26.5975    26.5974    1478.56          0      13901          1  0.000e+00
  430939709    133.132    134.307   3.414040   3.413846    33.9139    33.9131     6.7576     6.7562     6.7455     6.7442     0.0000     0.0000     0.0818    96.0593     0.0016     4.4835   24.03949    1.64370     71.506    26.5976    26.5972    1478.56          0      13902          1  0.000e+00
  430939709    133.082    134.256   3.414040   3.413820    33.9141    33.9128     6.7574     6.7562     6.7454     6.7442     0.0000     0.0000     0.0818    96.0593     0.0016     4.4835   24.03386    1.64332     71.489    26.5978    26.5970    1478.56          0      13903          1  0.000e+00
  430939709    133.082    134.256   3.414033   3.413820    33.9140    33.9127     6.7574     6.7564     6.7454     6.7443     0.0000     0.0000     0.0818    96.0593     0.0016     4.4835   24.02839    1.64294     71.473    26.5978    26.5969    1478.56          0      13904          1  0.000e+00
  430939709    133.039    134.212   3.414013   3.413839    33.9136    33.9129     6.7576     6.7564     6.7456     6.7443     0.0000     0.0000     0.0818    96.0593     0.0016     4.4835   23.95533    1.63794     71.255    26.5975    26.5971    1478.56          0      13905          1  0.000e+00
  430939709    133.082    134.256   3.414013   3.413846    33.9138    33.9130     6.7574     6.7564     6.7454     6.7443     0.0000     0.0000     0.0806    96.0332     0.0016     4.4823   23.93854    1.63680     71.206    26.5976    26.5971    1478.56          0      13906          1  0.000e+00
  430939709    133.039    134.212   3.414013   3.413846    33.9140    33.9127     6.7573     6.7567     6.7452     6.7446     0.0000     0.0000     0.0806    96.0593     0.0016     4.4835   23.98941    1.64028     71.357    26.5977    26.5968    1478.56          0      13907          1  0.000e+00
  430939709    133.020    134.193   3.414033   3.413826    33.9140    33.9125     6.7574     6.7567     6.7454     6.7446     0.0000     0.0000     0.0806    96.0593     0.0016     4.4835   23.99732    1.64082     71.380    26.5978    26.5967    1478.56          0      13908          1  0.000e+00
  430939709    132.989    134.162   3.414013   3.413839    33.9138    33.9126     6.7574     6.7567     6.7454     6.7447     0.0000     0.0000     0.0806    96.0332     0.0016     4.4823   24.07312    1.64600     71.606    26.5976    26.5968    1478.55          0      13909          1  0.000e+00
  430939709    132.989    134.162   3.414027   3.413865    33.9137    33.9129     6.7578     6.7567     6.7457     6.7447     0.0000     0.0000     0.0818    96.0593     0.0016     4.4835   24.02609    1.64278     71.466    26.5974    26.5970    1478.56          0      13910          1  0.000e+00
  430939709    132.945    134.118   3.414040   3.413878    33.9141    33.9128     6.7574     6.7569     6.7454     6.7449     0.0000     0.0000     0.0806    96.1378     0.0016     4.4872   24.02249    1.64254     71.455    26.5979    26.5969    1478.55          0      13911          1  0.000e+00
  430939709    132.945    134.118   3.414060   3.413878    33.9137    33.9129     6.7581     6.7568     6.7460     6.7448     0.0000     0.0000     0.0806    96.1901     0.0016     4.4896   24.01897    1.64228     71.444    26.5974    26.5970    1478.56          0      13912          1  0.000e+00
  430939710    132.945    134.118   3.414073   3.413897    33.9140    33.9130     6.7579     6.7570     6.7459     6.7450     0.0000     0.0000     0.0806    96.1901     0.0016     4.4896   24.07048    1.64580     71.597    26.5977    26.5970    1478.56          0      13913          1  0.000e+00
  430939710    132.945    134.118   3.414066   3.413884    33.9141    33.9130     6.7578     6.7568     6.7457     6.7448     0.0000     0.0000     0.0818    96.1640     0.0016     4.4884   24.01052    1.64171     71.419    26.5978    26.5971    1478.56          0      13914          1  0.000e+00
  430939710    132.901    134.074   3.414046   3.413878    33.9138    33.9126     6.7579     6.7572     6.7459     6.7452     0.0000     0.0000     0.0818    96.1640     0.0016     4.4884   24.00590    1.64139     71.405    26.5975    26.5967    1478.56          0      13915          1  0.000e+00
  430939710    132.926    134.099   3.414040   3.413878    33.9133    33.9129     6.7582     6.7568     6.7462     6.7448     0.0000     0.0000     0.0806    96.1640     0.0016     4.4884   24.01393    1.64193     71.429    26.5971    26.5970    1478.56          0      13916          1  0.000e+00
  430939840    122.023    123.097   3.422973   3.422560    33.8964    33.8944     6.8805     6.8780     6.8694     6.8668     0.0000     0.0000     0.0794    99.0677     0.0004     4.6239   29.06672    1.98204     86.227    26.5672    26.5660    1478.83          0      17050          2  0.000e+00
  430939840    122.023    123.097   3.422993   3.422451    33.8959    33.8956     6.8813     6.8756     6.8701     6.8645     0.0000     0.0000     0.0794    99.0677     0.0004     4.6239   29.06815    1.98211     86.230    26.5667    26.5672    1478.83          0      17051          2  0.000e+00
  430939840    122.092    123.166   3.423033   3.422431    33.8957    33.8954     6.8819     6.8755     6.8708     6.8644     0.0000     0.0000     0.0794    99.0416     0.0004     4.6227   29.06837    1.98210     86.230    26.5664    26.5670    1478.84          0      17052          2  0.000e+00
  430939840    121.886    122.958   3.423033   3.422451    33.8958    33.8953     6.8819     6.8760     6.8708     6.8648     0.0000     0.0000     0.0806    99.0677     0.0004     4.6239   29.06610    1.98195     86.223    26.5665    26.5669    1478.83          0      17053          2  0.000e+00
