ROS/FK009A_CTD040_20130830.ros
* Sea-Bird SBE 9 Data File:
* FileName = C:\Falkor-Data-2013\FK009A\CTD\FK009A_CTD040_20130830.hex
* Software Version Seasave V 7.21f
* Temperature SN = 5483
* Conductivity SN = 3916
* Number of Bytes Per Scan = 41
* Number of Voltage Words = 4
* Number of Scans Averaged by the Deck Unit = 1
* NMEA Latitude = 48 25.23 N
* NMEA Longitude = 124 50.07 W
* NMEA UTC (Time) = Aug 30 2013 19:46:04
* NMEA baud rate = 4800
** Ship: RV Falkor
** Station: RD05
** Operator: CP
# nquan = 27
# nvalues = 1021                                  
# units = specified
# name 0 = timeQ: Time, NMEA [seconds]
# name 1 = depSM: Depth [salt water, m]
# name 2 = prDM: Pressure, Digiquartz [db]
# name 3 = c0S/m: Conductivity [S/m]
# name 4 = c1S/m: Conductivity, 2 [S/m]
# name 5 = sal00: Salinity, Practical [PSU]
# name 6 = sal11: Salinity, Practical, 2 [PSU]
# name 7 = t090C: Temperature [ITS-90, deg C]
# name 8 = t190C: Temperature, 2 [ITS-90, deg C]
# name 9 = potemp090C: Potential Temperature [ITS-90, deg C]
# name 10 = potemp190C: Potential Temperature, 2 [ITS-90, deg C]
# name 11 = v2: Voltage 2
# name 12 = v3: Voltage 3
# name 13 = v0: Voltage 0
# name 14 = CStarTr0: Beam Transmission, WET Labs C-Star [%]
# name 15 = CStarAt0: Beam Attenuation, WET Labs C-Star [1/m]
# name 16 = v5: Voltage 5
# name 17 = sbeox0PS: Oxygen, SBE 43 [% saturation]
# name 18 = sbeox0ML/L: Oxygen, SBE 43 [ml/l]
# name 19 = sbeox0Mm/Kg: Oxygen, SBE 43 [umol/Kg]
# name 20 = sigma-é00: Density [sigma-theta, Kg/m^3]
# name 21 = sigma-é11: Density, 2 [sigma-theta, Kg/m^3]
# name 22 = svCM: Sound Velocity [Chen-Millero, m/s]
# name 23 = modError: Modulo Error Count
# name 24 = scan: Scan Count
# name 25 = nbf: Bottles Fired
# name 26 = flag:  0.000e+00
# interval = seconds: 0.0416667
# start_time = Aug 30 2013 19:46:04 [NMEA time, first data scan]
# bad_flag = -9.990e-29
*END*
[from data line 806]
  431209559      5.116      5.160   3.904684   3.904600    31.8812    31.8807    14.5238    14.5235    14.5231    14.5228     1.4322     1.3846     0.2357    89.6763     0.0044     4.1856   93.74385    5.49204    239.603    23.6698    23.6694    1501.60          1      57467         18  0.000e+00
  431209559      5.141      5.185   3.904670   3.904743    31.8813    31.8800    14.5236    14.5259    14.5228    14.5251     1.4322     1.3834     0.2344    89.6502     0.0044     4.1844   93.80425    5.49560    239.759    23.6699    23.6684    1501.60          1      57468         18  0.000e+00
  431209559      5.116      5.160   3.904663   3.904818    31.8816    31.8802    14.5231    14.5265    14.5224    14.5258     1.4322     1.3834     0.2247    89.6763     0.0044     4.1856   93.80957    5.49595    239.774    23.6702    23.6684    1501.60          1      57469         18  0.000e+00
  431209559      5.141      5.185   3.904635   3.904791    31.8813    31.8799    14.5231    14.5265    14.5224    14.5258     1.4322     1.3834     0.2210    89.6763     0.0044     4.1856   93.81516    5.49629    239.789    23.6700    23.6682    1501.60          1      57470         18  0.000e+00
  431209559      5.073      5.116   3.904628   3.904716    31.8813    31.8801    14.5231    14.5255    14.5224    14.5248     1.4322     1.3834     0.2210    89.6502     0.0044     4.1844   93.81104    5.49605    239.778    23.6700    23.6685    1501.60          1      57471         18  0.000e+00
  431209559      5.141      5.185   3.904649   3.904526    31.8813    31.8794    14.5233    14.5242    14.5226    14.5234     1.4322     1.3834     0.2210    89.6502     0.0044     4.1844   93.81614    5.49633    239.790    23.6699    23.6683    1501.60          1      57472         19  0.000e+00
  431209559      5.073      5.116   3.904684   3.904363    31.8814    31.8792    14.5236    14.5227    14.5228    14.5220     1.4322     1.3834     0.2210    89.6763     0.0044     4.1856   93.75721    5.49284    239.638    23.6700    23.6685    1501.60          1      57473         19  0.000e+00
  431209559      5.048      5.091   3.904698   3.904247    31.8812    31.8793    14.5240    14.5214    14.5233    14.5206     1.4322     1.3822     0.2210    89.6502     0.0044     4.1844   93.81503    5.49619    239.784    23.6697    23.6688    1501.60          1      57474         19  0.000e+00
  431209559      5.073      5.116   3.904719   3.904241    31.8812    31.8793    14.5241    14.5213    14.5234    14.5205     1.4322     1.3846     0.2210    89.6502     0.0044     4.1844   93.81070    5.49592    239.772    23.6697    23.6688    1501.60          1      57475         19  0.000e+00
  431209560      5.073      5.116   3.904705   3.904308    31.8808    31.8801    14.5246    14.5210    14.5238    14.5203     1.4322     1.3846     0.2210    89.6240     0.0044     4.1832   93.81367    5.49606    239.779    23.6693    23.6695    1501.60          1      57476         19  0.000e+00
  431209560      5.048      5.091   3.904719   3.904274    31.8814    31.8797    14.5240    14.5212    14.5233    14.5205     1.4335     1.3834     0.2222    89.6502     0.0044     4.1844   93.87811    5.49988    239.945    23.6699    23.6691    1501.60          1      57477         19  0.000e+00
  431209560      5.073      5.116   3.904628   3.904302    31.8807    31.8800    14.5238    14.5210    14.5230    14.5203     1.4335     1.3846     0.2222    89.6502     0.0044     4.1844   93.88832    5.50053    239.973    23.6694    23.6694    1501.60          1      57478         19  0.000e+00
  431209560      5.004      5.047   3.904537   3.904274    31.8806    31.8798    14.5230    14.5210    14.5223    14.5203     1.4322     1.3846     0.2210    89.6240     0.0044     4.1832   93.83468    5.49747    239.840    23.6694    23.6692    1501.60          1      57479         19  0.000e+00
  431209560      5.073      5.116   3.904524   3.904308    31.8811    31.8802    14.5221    14.5209    14.5214    14.5201     1.4322     1.3846     0.2210    89.6240     0.0044     4.1832   93.84475    5.49814    239.869    23.6701    23.6696    1501.60          1      57480         19  0.000e+00
  431209560      5.048      5.091   3.904468   3.904370    31.8807    31.8803    14.5221    14.5215    14.5214    14.5208     1.4322     1.3834     0.2210    89.6502     0.0044     4.1844   93.84545    5.49820    239.872    23.6697    23.6695    1501.59          1      57481         19  0.000e+00
  431209560      5.023      5.066   3.904475   3.904342    31.8814    31.8796    14.5213    14.5220    14.5206    14.5213     1.4322     1.3846     0.2210    89.6502     0.0044     4.1844   93.84582    5.49829    239.875    23.6704    23.6689    1501.59          1      57482         19  0.000e+00
  431209560      5.048      5.091   3.904363   3.904247    31.8808    31.8794    14.5208    14.5212    14.5201    14.5205     1.4322     1.3834     0.2210    89.6240     0.0044     4.1832   93.91680    5.50252    240.060    23.6701    23.6689    1501.59          1      57483         19  0.000e+00
  431209560      5.023      5.066   3.904161   3.904139    31.8809    31.8795    14.5184    14.5199    14.5177    14.5191     1.4322     1.3834     0.2210    89.6240     0.0044     4.1832   93.93273    5.50372    240.112    23.6707    23.6693    1501.58          1      57484         19  0.000e+00
  431209560      5.023      5.066   3.904133   3.904016    31.8817    31.8800    14.5171    14.5179    14.5164    14.5172     1.4310     1.3846     0.2210    89.6502     0.0044     4.1844   93.94861    5.50476    240.158    23.6716    23.6701    1501.58          1      57485         19  0.000e+00
  431209560      5.048      5.091   3.904252   3.903887    31.8817    31.8796    14.5184    14.5170    14.5177    14.5163     1.4310     1.3846     0.2222    89.6502     0.0044     4.1844   93.89408    5.50142    240.012    23.6713    23.6699    1501.58          1      57486         19  0.000e+00
  431209560      5.023      5.066   3.904335   3.903867    31.8819    31.8799    14.5191    14.5164    14.5184    14.5156     1.4310     1.3846     0.2222    89.6240     0.0044     4.1832   93.89278    5.50126    240.005    23.6713    23.6703    1501.59          1      57487         19  0.000e+00
  431209560      5.004      5.047   3.904300   3.903881    31.8816    31.8798    14.5191    14.5167    14.5184    14.5160     1.4322     1.3834     0.2210    89.6240     0.0044     4.1832   93.89124    5.50118    240.002    23.6711    23.6702    1501.59          1      57488         19  0.000e+00
  431209560      5.023      5.066   3.904231   3.903833    31.8814    31.8800    14.5186    14.5159    14.5179    14.5151     1.4310     1.3834     0.2210    89.6240     0.0044     4.1832   93.88981    5.50117    240.001    23.6710    23.6705    1501.58          1      57489         19  0.000e+00
  431209560      5.048      5.091   3.904266   3.903758    31.8818    31.8802    14.5184    14.5148    14.5177    14.5141     1.4322     1.3834     0.2210    89.6502     0.0044     4.1844   93.88812    5.50107    239.997    23.6714    23.6708    1501.58          1      57490         19  0.000e+00
  431209560      5.023      5.066   3.904286   3.903745    31.8818    31.8804    14.5187    14.5145    14.5180    14.5138     1.4322     1.3846     0.2210    89.6502     0.0044     4.1844   93.94760    5.50452    240.147    23.6713    23.6711    1501.58          1      57491         19  0.000e+00
  431209560      5.004      5.047   3.904286   3.903670    31.8815    31.8801    14.5191    14.5140    14.5184    14.5133     1.4322     1.3834     0.2210    89.6240     0.0044     4.1832   93.95233    5.50477    240.158    23.6710    23.6709    1501.59          1      57492         19  0.000e+00
  431209560      5.023      5.066   3.904286   3.903534    31.8816    31.8809    14.5190    14.5115    14.5182    14.5108     1.4322     1.3858     0.2210    89.6240     0.0044     4.1832   93.96511    5.50553    240.191    23.6711    23.6721    1501.59          1      57493         19  0.000e+00
  431209560      5.048      5.091   3.904231   3.903399    31.8811    31.8807    14.5189    14.5102    14.5182    14.5095     1.4322     1.3846     0.2247    89.6240     0.0044     4.1832   93.91555    5.50265    240.066    23.6707    23.6722    1501.58          1      57494         19  0.000e+00
  431209560      5.023      5.066   3.904238   3.903494    31.8818    31.8809    14.5181    14.5110    14.5174    14.5103     1.4322     1.3846     0.2271    89.6502     0.0044     4.1844   93.91130    5.50246    240.057    23.6715    23.6722    1501.58          1      57495         19  0.000e+00
  431209560      4.979      5.022   3.904224   3.903684    31.8819    31.8807    14.5180    14.5134    14.5173    14.5127     1.4322     1.3846     0.2283    89.6502     0.0044     4.1844   93.96857    5.50583    240.205    23.6715    23.6716    1501.58          1      57496         19  0.000e+00
  431209560      5.048      5.091   3.904265   3.903718    31.8813    31.8802    14.5191    14.5143    14.5183    14.5136     1.4310     1.3846     0.2271    89.6502     0.0044     4.1844   93.91026    5.50231    240.051    23.6708    23.6710    1501.59          1      57497         19  0.000e+00
  431209560      4.979      5.022   3.904307   3.903636    31.8818    31.8806    14.5190    14.5130    14.5183    14.5123     1.4322     1.3846     0.2271    89.6502     0.0044     4.1844   93.90416    5.50195    240.035    23.6712    23.6716    1501.58          1      57498         19  0.000e+00
  431209560      5.098      5.141   3.904370   3.903779    31.8821    31.8806    14.5193    14.5145    14.5185    14.5138     1.4322     1.3834     0.2271    89.6502     0.0044     4.1844   93.89994    5.50166    240.023    23.6714    23.6712    1501.59          1      57499         19  0.000e+00
  431209561      4.979      5.022   3.904412   3.903949    31.8819    31.8803    14.5200    14.5169    14.5193    14.5161     1.4322     1.3846     0.2271    89.6502     0.0044     4.1844   93.89257    5.50116    240.001    23.6711    23.6705    1501.59          1      57500         19  0.000e+00
  431209561      5.048      5.091   3.904398   3.904010    31.8823    31.8801    14.5193    14.5177    14.5186    14.5170     1.4310     1.3834     0.2271    89.6502     0.0044     4.1844   93.88711    5.50090    239.989    23.6716    23.6702    1501.59          1      57501         20  0.000e+00
  431209561      5.023      5.066   3.904433   3.904064    31.8826    31.8802    14.5194    14.5182    14.5187    14.5175     1.4310     1.3834     0.2271    89.6502     0.0044     4.1844   93.88021    5.50047    239.971    23.6717    23.6702    1501.59          1      57502         20  0.000e+00
  431209561      5.004      5.047   3.904454   3.904010    31.8820    31.8799    14.5203    14.5180    14.5196    14.5173     1.4322     1.3846     0.2271    89.6502     0.0044     4.1844   93.87303    5.49997    239.949    23.6711    23.6699    1501.59          1      57503         20  0.000e+00
  431209561      5.073      5.116   3.904300   3.904010    31.8811    31.8798    14.5196    14.5180    14.5189    14.5173     1.4322     1.3846     0.2271    89.6502     0.0044     4.1844   93.86658    5.49970    239.937    23.6706    23.6699    1501.59          1      57504         20  0.000e+00
  431209561      5.004      5.047   3.904063   3.904071    31.8805    31.8802    14.5178    14.5183    14.5171    14.5176     1.4322     1.3858     0.2283    89.6502     0.0044     4.1844   93.85818    5.49943    239.925    23.6705    23.6701    1501.58          1      57505         20  0.000e+00
  431209561      4.980      5.022   3.903854   3.904207    31.8809    31.8802    14.5151    14.5199    14.5144    14.5191     1.4310     1.3846     0.2271    89.6502     0.0044     4.1844   93.91207    5.50288    240.076    23.6713    23.6698    1501.57          1      57506         20  0.000e+00
  431209561      5.073      5.116   3.903805   3.904329    31.8818    31.8806    14.5134    14.5207    14.5127    14.5199     1.4322     1.3846     0.2271    89.6502     0.0044     4.1844   93.91254    5.50306    240.083    23.6724    23.6699    1501.57          1      57507         20  0.000e+00
  431209561      5.048      5.091   3.903980   3.904336    31.8825    31.8799    14.5144    14.5215    14.5137    14.5208     1.4310     1.3858     0.2271    89.6502     0.0044     4.1844   93.91091    5.50283    240.073    23.6727    23.6693    1501.57          1      57508         20  0.000e+00
  431209561      5.023      5.066   3.903889   3.904288    31.8817    31.8798    14.5144    14.5212    14.5137    14.5205     1.4310     1.3846     0.2271    89.6502     0.0044     4.1844   93.90863    5.50272    240.069    23.6721    23.6692    1501.57          1      57509         20  0.000e+00
  431209561      5.004      5.047   3.903575   3.904186    31.8810    31.8798    14.5118    14.5200    14.5111    14.5193     1.4322     1.3846     0.2271    89.6502     0.0044     4.1844   93.85196    5.49971    239.937    23.6721    23.6695    1501.56          1      57510         20  0.000e+00
  431209561      5.073      5.116   3.903568   3.904030    31.8823    31.8794    14.5101    14.5188    14.5094    14.5181     1.4310     1.3846     0.2271    89.6502     0.0044     4.1844   93.85048    5.49977    239.940    23.6735    23.6694    1501.56          1      57511         20  0.000e+00
  431209561      5.004      5.047   3.903722   3.903949    31.8831    31.8801    14.5109    14.5170    14.5102    14.5163     1.4322     1.3846     0.2271    89.6502     0.0044     4.1844   93.83907    5.49899    239.905    23.6739    23.6704    1501.56          1      57512         20  0.000e+00
  431209561      5.073      5.116   3.903715   3.903874    31.8828    31.8801    14.5111    14.5162    14.5104    14.5154     1.4322     1.3858     0.2283    89.6502     0.0044     4.1844   93.82897    5.49838    239.879    23.6737    23.6705    1501.56          1      57513         20  0.000e+00
  431209561      5.004      5.047   3.903540   3.903826    31.8811    31.8805    14.5113    14.5152    14.5105    14.5144     1.4322     1.3846     0.2271    89.6502     0.0044     4.1844   93.81691    5.49772    239.850    23.6723    23.6711    1501.56          1      57514         20  0.000e+00
  431209561      5.023      5.066   3.903366   3.903575    31.8812    31.8800    14.5093    14.5130    14.5085    14.5123     1.4322     1.3858     0.2271    89.6502     0.0044     4.1844   93.86767    5.50091    239.989    23.6728    23.6711    1501.55          1      57515         20  0.000e+00
  431209561      5.073      5.116   3.903345   3.903249    31.8821    31.8791    14.5080    14.5105    14.5072    14.5098     1.4322     1.3846     0.2271    89.6240     0.0044     4.1832   93.80188    5.49717    239.826    23.6737    23.6709    1501.55          1      57516         20  0.000e+00
  431209561      4.955      4.997   3.903380   3.902876    31.8820    31.8792    14.5084    14.5064    14.5077    14.5056     1.4310     1.3846     0.2271    89.6240     0.0044     4.1832   93.79617    5.49678    239.809    23.6736    23.6718    1501.55          1      57517         20  0.000e+00
  431209561      5.073      5.116   3.903464   3.902679    31.8815    31.8799    14.5099    14.5032    14.5092    14.5024     1.4322     1.3858     0.2271    89.6240     0.0044     4.1832   93.79326    5.49647    239.795    23.6729    23.6731    1501.56          1      57518         20  0.000e+00
  431209561      5.048      5.091   3.903645   3.902625    31.8815    31.8802    14.5119    14.5022    14.5112    14.5015     1.4310     1.3846     0.2271    89.6240     0.0044     4.1832   93.85074    5.49961    239.933    23.6725    23.6735    1501.56          1      57519         20  0.000e+00
