ROS/FK009A_CTD021_20130822.ros
* Sea-Bird SBE 9 Data File:
* FileName = C:\Falkor-Data-2013\FK009A\CTD\FK009A_CTD021_20130822.hex
* Software Version Seasave V 7.21f
* Temperature SN = 5483
* Conductivity SN = 3916
* Number of Bytes Per Scan = 41
* Number of Voltage Words = 4
* Number of Scans Averaged by the Deck Unit = 1
* NMEA Latitude = 48 28.20 N
* NMEA Longitude = 125 19.49 W
* NMEA UTC (Time) = Aug 22 2013 07:08:54
* NMEA baud rate = 4800
** Ship: RV Falkor
** Station: MB07
** Operator: CP
# nquan = 27
# nvalues = 196                                   
# units = specified
# name 0 = timeQ: Time, NMEA [seconds]
# name 1 = depSM: Depth [salt water, m]
# name 2 = prDM: Pressure, Digiquartz [db]
# name 3 = c0S/m: Conductivity [S/m]
# name 4 = c1S/m: Conductivity, 2 [S/m]
# name 5 = sal00: Salinity, Practical [PSU]
# name 6 = sal11: Salinity, Practical, 2 [PSU]
# name 7 = t090C: Temperature [ITS-90, deg C]
# name 8 = t190C: Temperature, 2 [ITS-90, deg C]
# name 9 = potemp090C: Potential Temperature [ITS-90, deg C]
# name 10 = potemp190C: Potential Temperature, 2 [ITS-90, deg C]
# name 11 = v2: Voltage 2
# name 12 = v3: Voltage 3
# name 13 = v0: Voltage 0
# name 14 = CStarTr0: Beam Transmission, WET Labs C-Star [%]
# name 15 = CStarAt0: Beam Attenuation, WET Labs C-Star [1/m]
# name 16 = v5: Voltage 5
# name 17 = sbeox0PS: Oxygen, SBE 43 [% saturation]
# name 18 = sbeox0ML/L: Oxygen, SBE 43 [ml/l]
# name 19 = sbeox0Mm/Kg: Oxygen, SBE 43 [umol/Kg]
# name 20 = sigma-é00: Density [sigma-theta, Kg/m^3]
# name 21 = sigma-é11: Density, 2 [sigma-theta, Kg/m^3]
# name 22 = svCM: Sound Velocity [Chen-Millero, m/s]
# name 23 = modError: Modulo Error Count
# name 24 = scan: Scan Count
# name 25 = nbf: Bottles Fired
# name 26 = flag:  0.000e+00
# interval = seconds: 0.0416667
# start_time = Aug 22 2013 07:08:55 [NMEA time, first data scan]
# bad_flag = -9.990e-29
*END*
[from data line 108]
  430471275     70.321     70.931   3.382934   3.382771    33.8106    33.8096     6.5457     6.5448     6.5395     6.5386     0.0000     0.0000     0.0806    98.3614     0.0007     4.5910   13.99463    0.96223     41.862    26.5435    26.5429    1476.56          9      17713          3  0.000e+00
  430471275     70.321     70.931   3.382954   3.382771    33.8105    33.8094     6.5460     6.5450     6.5398     6.5388     0.0000     0.0000     0.0806    98.3614     0.0007     4.5910   13.92924    0.95773     41.666    26.5434    26.5427    1476.56          9      17714          3  0.000e+00
  430471275     70.227     70.837   3.382947   3.382752    33.8100    33.8091     6.5464     6.5451     6.5402     6.5389     0.0000     0.0000     0.0818    98.3353     0.0007     4.5897   13.97374    0.96078     41.799    26.5430    26.5425    1476.56          9      17715          3  0.000e+00
  430471275     70.296     70.906   3.382954   3.382784    33.8100    33.8094     6.5465     6.5452     6.5403     6.5390     0.0000     0.0000     0.0818    98.2829     0.0007     4.5873   13.96302    0.96004     41.767    26.5430    26.5427    1476.56          9      17716          3  0.000e+00
  430471275     70.227     70.837   3.382947   3.382784    33.8103    33.8091     6.5462     6.5455     6.5400     6.5393     0.0000     0.0000     0.0806    98.2829     0.0007     4.5873   14.01843    0.96386     41.933    26.5432    26.5424    1476.56          9      17717          3  0.000e+00
  430471275     70.227     70.837   3.382954   3.382816    33.8104    33.8090     6.5462     6.5460     6.5400     6.5398     0.0000     0.0000     0.0806    98.2829     0.0007     4.5873   13.95108    0.95923     41.731    26.5433    26.5423    1476.56          9      17718          3  0.000e+00
  430471275     70.227     70.837   3.382974   3.382816    33.8106    33.8084     6.5462     6.5466     6.5400     6.5404     0.0000     0.0000     0.0806    98.2829     0.0007     4.5873   14.00513    0.96294     41.893    26.5435    26.5417    1476.56          9      17719          3  0.000e+00
  430471275     70.202     70.812   3.382934   3.382829    33.8100    33.8084     6.5463     6.5467     6.5401     6.5405     0.0000     0.0000     0.0818    98.2829     0.0007     4.5873   13.93625    0.95821     41.687    26.5430    26.5417    1476.56          9      17720          3  0.000e+00
  430471275     70.140     70.749   3.382947   3.382816    33.8099    33.8082     6.5465     6.5468     6.5403     6.5406     0.0000     0.0000     0.0806    98.2829     0.0007     4.5873   13.92184    0.95721     41.644    26.5429    26.5415    1476.56          9      17721          3  0.000e+00
  430471275     70.184     70.793   3.382974   3.382848    33.8101    33.8086     6.5466     6.5467     6.5404     6.5405     0.0000     0.0000     0.0806    98.2829     0.0007     4.5873   13.90713    0.95620     41.600    26.5430    26.5419    1476.56          9      17722          3  0.000e+00
  430471275     70.140     70.749   3.382941   3.382867    33.8094    33.8083     6.5470     6.5472     6.5408     6.5411     0.0000     0.0000     0.0806    98.2829     0.0007     4.5873   13.82491    0.95054     41.353    26.5425    26.5416    1476.56          9      17723          3  0.000e+00
  430471275     70.109     70.717   3.382967   3.382848    33.8096    33.8084     6.5471     6.5470     6.5409     6.5409     0.0000     0.0000     0.0818    98.2829     0.0007     4.5873   13.87692    0.95411     41.509    26.5426    26.5416    1476.56          9      17724          3  0.000e+00
  430471275     70.140     70.749   3.382987   3.382835    33.8097    33.8083     6.5472     6.5469     6.5410     6.5408     0.0000     0.0000     0.0818    98.2829     0.0007     4.5873   13.87402    0.95391     41.500    26.5426    26.5416    1476.56          9      17725          3  0.000e+00
  430471275     70.046     70.654   3.383026   3.382816    33.8097    33.8080     6.5477     6.5470     6.5415     6.5409     0.0000     0.0000     0.0806    98.2829     0.0007     4.5873   13.87088    0.95368     41.490    26.5426    26.5413    1476.56          9      17726          3  0.000e+00
  430471275     70.090     70.698   3.383000   3.382848    33.8094    33.8086     6.5477     6.5468     6.5415     6.5406     0.0000     0.0000     0.0806    98.2829     0.0007     4.5873   13.86801    0.95349     41.482    26.5424    26.5418    1476.56          9      17727          3  0.000e+00
  430471275     70.065     70.673   3.383053   3.382867    33.8095    33.8088     6.5482     6.5468     6.5420     6.5406     0.0000     0.0000     0.0806    98.2829     0.0007     4.5873   13.86499    0.95327     41.472    26.5423    26.5420    1476.56          9      17728          3  0.000e+00
  430471275     70.046     70.654   3.383046   3.382841    33.8093    33.8085     6.5484     6.5469     6.5422     6.5407     0.0000     0.0000     0.0818    98.2829     0.0007     4.5873   13.79514    0.94846     41.263    26.5421    26.5417    1476.56          9      17729          3  0.000e+00
  430471275     70.046     70.654   3.383026   3.382835    33.8087    33.8083     6.5487     6.5469     6.5425     6.5408     0.0000     0.0000     0.0806    98.2829     0.0007     4.5873   13.86002    0.95292     41.457    26.5417    26.5416    1476.56          9      17730          3  0.000e+00
  430471275     70.046     70.654   3.383033   3.382835    33.8088    33.8084     6.5487     6.5469     6.5425     6.5407     0.0000     0.0000     0.0794    98.2829     0.0007     4.5873   13.85805    0.95278     41.451    26.5417    26.5417    1476.56          9      17731          3  0.000e+00
  430471275     69.997     70.604   3.383046   3.382835    33.8090    33.8085     6.5487     6.5468     6.5425     6.5406     0.0000     0.0000     0.0794    98.2829     0.0007     4.5873   13.85599    0.95264     41.445    26.5419    26.5418    1476.56          9      17732          3  0.000e+00
  430471275     70.022     70.629   3.382993   3.382835    33.8083    33.8087     6.5488     6.5466     6.5426     6.5404     0.0000     0.0000     0.0794    98.2829     0.0007     4.5873   13.85406    0.95251     41.439    26.5413    26.5419    1476.56          9      17733          3  0.000e+00
  430471275     69.953     70.560   3.383033   3.382816    33.8090    33.8085     6.5485     6.5466     6.5424     6.5404     0.0000     0.0000     0.0806    98.2829     0.0007     4.5873   13.85197    0.95237     41.433    26.5419    26.5418    1476.56          9      17734          3  0.000e+00
  430471275     69.997     70.604   3.382993   3.382829    33.8086    33.8091     6.5485     6.5461     6.5424     6.5399     0.0000     0.0000     0.0794    98.2829     0.0007     4.5873   13.78322    0.94765     41.228    26.5416    26.5423    1476.56          9      17735          3  0.000e+00
  430471275     69.953     70.560   3.383033   3.382764    33.8089    33.8095     6.5487     6.5450     6.5425     6.5388     0.0000     0.0000     0.0794    98.3353     0.0007     4.5897   13.76984    0.94672     41.187    26.5418    26.5428    1476.56          9      17736          3  0.000e+00
  430471276     69.972     70.579   3.382993   3.382764    33.8082    33.8097     6.5489     6.5449     6.5427     6.5387     0.0000     0.0000     0.0794    98.3353     0.0007     4.5897   13.82391    0.95044     41.349    26.5413    26.5429    1476.56          9      17737          3  0.000e+00
  430471276     69.909     70.516   3.383020   3.382797    33.8086    33.8098     6.5489     6.5451     6.5427     6.5390     0.0000     0.0000     0.0794    98.3353     0.0007     4.5897   13.81050    0.94951     41.309    26.5415    26.5430    1476.56          9      17738          3  0.000e+00
  430471276     69.953     70.560   3.383072   3.382803    33.8093    33.8093     6.5487     6.5456     6.5425     6.5395     0.0000     0.0000     0.0806    98.3353     0.0007     4.5897   13.79679    0.94857     41.268    26.5421    26.5425    1476.56          9      17739          3  0.000e+00
  430471276     69.953     70.560   3.383026   3.382784    33.8087    33.8083     6.5488     6.5464     6.5426     6.5402     0.0000     0.0000     0.0794    98.3614     0.0007     4.5910   13.79481    0.94844     41.262    26.5416    26.5417    1476.56          9      17740          3  0.000e+00
  430471276     69.878     70.484   3.383039   3.382816    33.8088    33.8089     6.5489     6.5463     6.5427     6.5401     0.0000     0.0000     0.0794    98.3353     0.0007     4.5897   13.79271    0.94829     41.256    26.5417    26.5421    1476.56          9      17741          3  0.000e+00
  430471276     69.909     70.516   3.382993   3.382816    33.8083    33.8087     6.5489     6.5464     6.5427     6.5403     0.0000     0.0000     0.0794    98.3353     0.0007     4.5897   13.80311    0.94901     41.287    26.5413    26.5420    1476.56          9      17742          3  0.000e+00
  430471276     69.909     70.516   3.383013   3.382829    33.8083    33.8092     6.5490     6.5461     6.5429     6.5399     0.0000     0.0000     0.0806    98.3353     0.0007     4.5897   13.74709    0.94515     41.119    26.5413    26.5424    1476.56          9      17743          3  0.000e+00
  430471276     69.909     70.516   3.383013   3.382835    33.8083    33.8091     6.5490     6.5463     6.5429     6.5401     0.0000     0.0000     0.0794    98.3353     0.0007     4.5897   13.73478    0.94430     41.082    26.5413    26.5423    1476.56          9      17744          3  0.000e+00
  430471276     69.878     70.484   3.383020   3.382816    33.8086    33.8086     6.5489     6.5466     6.5427     6.5404     0.0000     0.0000     0.0794    98.3353     0.0007     4.5897   13.78976    0.94809     41.247    26.5415    26.5418    1476.56          9      17745          3  0.000e+00
  430471276     69.859     70.466   3.383059   3.382829    33.8088    33.8082     6.5491     6.5471     6.5430     6.5409     0.0000     0.0000     0.0794    98.3353     0.0007     4.5897   13.85657    0.95267     41.446    26.5416    26.5415    1476.56          9      17746          3  0.000e+00
  430471276     69.909     70.516   3.383026   3.382861    33.8085    33.8083     6.5490     6.5474     6.5429     6.5412     0.0000     0.0000     0.0794    98.3614     0.0007     4.5910   13.80114    0.94887     41.281    26.5414    26.5415    1476.56          9      17747          3  0.000e+00
  430471276     69.859     70.466   3.383020   3.382861    33.8086    33.8084     6.5489     6.5472     6.5427     6.5411     0.0000     0.0000     0.0794    98.3353     0.0007     4.5897   13.80056    0.94883     41.279    26.5415    26.5416    1476.56          9      17748          3  0.000e+00
  430471276     69.834     70.440   3.383013   3.382867    33.8085    33.8082     6.5489     6.5475     6.5427     6.5413     0.0000     0.0000     0.0794    98.3353     0.0007     4.5897   13.80003    0.94879     41.278    26.5415    26.5414    1476.56          9      17749          3  0.000e+00
  430471276     69.859     70.466   3.383020   3.382861    33.8086    33.8083     6.5489     6.5474     6.5427     6.5412     0.0000     0.0000     0.0794    98.3353     0.0007     4.5897   13.79958    0.94876     41.276    26.5415    26.5415    1476.56          9      17750          3  0.000e+00
  430471276     69.816     70.422   3.383033   3.382841    33.8088    33.8080     6.5489     6.5475     6.5427     6.5414     0.0000     0.0000     0.0794    98.3353     0.0007     4.5897   13.86586    0.95332     41.474    26.5417    26.5412    1476.56          9      17751          3  0.000e+00
  430471472     35.496     35.801   3.439304   3.439113    33.1729    33.1665     7.8542     7.8588     7.8507     7.8554     0.0000     0.0000     0.0867    99.2509     0.0003     4.6325   30.55630    2.04754     89.138    25.8608    25.8551    1480.24          9      22461          4  0.000e+00
  430471472     35.633     35.940   3.439908   3.439107    33.1604    33.1677     7.8742     7.8574     7.8707     7.8539     0.0000     0.0000     0.0867    99.2509     0.0003     4.6325   30.57479    2.04802     89.160    25.8480    25.8562    1480.31          9      22462          4  0.000e+00
  430471472     35.540     35.845   3.440080   3.439126    33.1566    33.1671     7.8801     7.8583     7.8766     7.8548     0.0000     0.0000     0.0879    99.2509     0.0003     4.6325   30.58044    2.04817     89.167    25.8442    25.8556    1480.32          9      22463          4  0.000e+00
  430471472     35.540     35.845   3.439934   3.439178    33.1619    33.1651     7.8729     7.8610     7.8694     7.8576     0.0000     0.0000     0.0867    99.3032     0.0003     4.6349   30.58547    2.04877     89.193    25.8494    25.8536    1480.30          9      22464          4  0.000e+00
  430471472     35.496     35.801   3.439762   3.439404    33.1629    33.1629     7.8700     7.8659     7.8665     7.8624     0.0000     0.0000     0.0867    99.3293     0.0003     4.6361   30.59965    2.04985     89.239    25.8506    25.8512    1480.29          9      22465          4  0.000e+00
  430471473     35.590     35.896   3.439629   3.439623    33.1633    33.1593     7.8679     7.8721     7.8644     7.8686     0.0000     0.0000     0.0867    99.3293     0.0003     4.6361   30.60153    2.05006     89.249    25.8513    25.8475    1480.29          9      22466          4  0.000e+00
  430471473     35.446     35.751   3.439556   3.439869    33.1646    33.1557     7.8658     7.8788     7.8624     7.8753     0.0000     0.0000     0.0867    99.3293     0.0003     4.6361   30.60063    2.05008     89.249    25.8525    25.8437    1480.28          9      22467          4  0.000e+00
  430471473     35.496     35.801   3.439470   3.440011    33.1651    33.1530     7.8644     7.8832     7.8609     7.8797     0.0000     0.0000     0.0867    99.3293     0.0003     4.6361   30.66426    2.05440     89.437    25.8531    25.8409    1480.27          9      22468          4  0.000e+00
  430471473     35.453     35.757   3.439490   3.440075    33.1664    33.1530     7.8632     7.8839     7.8597     7.8804     0.0000     0.0000     0.0867    99.3293     0.0003     4.6361   30.67056    2.05486     89.457    25.8543    25.8409    1480.27          9      22469          4  0.000e+00
  430471473     35.496     35.801   3.439808   3.440050    33.1618    33.1529     7.8716     7.8837     7.8681     7.8802     0.0000     0.0000     0.0867    99.3293     0.0003     4.6361   30.67430    2.05479     89.454    25.8496    25.8408    1480.30          9      22470          4  0.000e+00
  430471473     35.453     35.757   3.440007   3.440192    33.1581    33.1526     7.8778     7.8856     7.8744     7.8822     0.0000     0.0000     0.0867    99.3293     0.0003     4.6361   30.75257    2.05979     89.673    25.8457    25.8403    1480.31          9      22471          4  0.000e+00
  430471473     35.453     35.757   3.440127   3.440715    33.1554    33.1455     7.8820     7.8990     7.8785     7.8956     0.0000     0.0000     0.0867    99.3293     0.0003     4.6361   30.77422    2.06108     89.729    25.8430    25.8327    1480.33          9      22472          4  0.000e+00
  430471473     35.403     35.707   3.440392   3.441148    33.1494    33.1381     7.8913     7.9117     7.8879     7.9082     0.0000     0.0000     0.0867    99.3293     0.0003     4.6361   30.79302    2.06199     89.769    25.8369    25.8251    1480.35          9      22473          4  0.000e+00
  430471473     35.453     35.757   3.440750   3.441380    33.1439    33.1350     7.9010     7.9176     7.8976     7.9141     0.0000     0.0000     0.0879    99.3293     0.0003     4.6361   30.74430    2.05834     89.611    25.8312    25.8218    1480.39          9      22474          4  0.000e+00
