ROS/FK009A_CTD020_20130822.ros
* Sea-Bird SBE 9 Data File:
* FileName = C:\Falkor-Data-2013\FK009A\CTD\FK009A_CTD020_20130822.hex
* Software Version Seasave V 7.21f
* Temperature SN = 5483
* Conductivity SN = 3916
* Number of Bytes Per Scan = 41
* Number of Voltage Words = 4
* Number of Scans Averaged by the Deck Unit = 1
* NMEA Latitude = 48 06.54 N
* NMEA Longitude = 125 15.11 W
* NMEA UTC (Time) = Aug 22 2013 02:27:41
* NMEA baud rate = 4800
** Ship: RV Falkor
** Station: RD02
** Operator: CP
# nquan = 27
# nvalues = 196                                   
# units = specified
# name 0 = timeQ: Time, NMEA [seconds]
# name 1 = depSM: Depth [salt water, m]
# name 2 = prDM: Pressure, Digiquartz [db]
# name 3 = c0S/m: Conductivity [S/m]
# name 4 = c1S/m: Conductivity, 2 [S/m]
# name 5 = sal00: Salinity, Practical [PSU]
# name 6 = sal11: Salinity, Practical, 2 [PSU]
# name 7 = t090C: Temperature [ITS-90, deg C]
# name 8 = t190C: Temperature, 2 [ITS-90, deg C]
# name 9 = potemp090C: Potential Temperature [ITS-90, deg C]
# name 10 = potemp190C: Potential Temperature, 2 [ITS-90, deg C]
# name 11 = v2: Voltage 2
# name 12 = v3: Voltage 3
# name 13 = v0: Voltage 0
# name 14 = CStarTr0: Beam Transmission, WET Labs C-Star [%]
# name 15 = CStarAt0: Beam Attenuation, WET Labs C-Star [1/m]
# name 16 = v5: Voltage 5
# name 17 = sbeox0PS: Oxygen, SBE 43 [% saturation]
# name 18 = sbeox0ML/L: Oxygen, SBE 43 [ml/l]
# name 19 = sbeox0Mm/Kg: Oxygen, SBE 43 [umol/Kg]
# name 20 = sigma-é00: Density [sigma-theta, Kg/m^3]
# name 21 = sigma-é11: Density, 2 [sigma-theta, Kg/m^3]
# name 22 = svCM: Sound Velocity [Chen-Millero, m/s]
# name 23 = modError: Modulo Error Count
# name 24 = scan: Scan Count
# name 25 = nbf: Bottles Fired
# name 26 = flag:  0.000e+00
# interval = seconds: 0.0416667
# start_time = Jan 01 2000 02:27:41 [NMEA time, first data scan]
# bad_flag = -9.990e-29
*END*
[from data line 162]
  430454995     69.990     70.595   3.408702   3.408521    33.4528    33.4520     7.2007     7.1995     7.1943     7.1930     0.0000     0.0000     0.0781    97.5505     0.0010     4.5531   25.02656    1.69901     73.942    26.1734    26.1730    1478.66         11      31931          4  0.000e+00
  430454995     69.971     70.576   3.408715   3.408540    33.4527    33.4521     7.2009     7.1996     7.1944     7.1931     0.0000     0.0000     0.0781    97.5505     0.0010     4.5531   25.02506    1.69890     73.938    26.1734    26.1731    1478.66         11      31932          4  0.000e+00
  430454995     69.971     70.576   3.408722   3.408572    33.4528    33.4526     7.2009     7.1995     7.1944     7.1930     0.0000     0.0000     0.0781    97.5505     0.0010     4.5531   25.01217    1.69802     73.900    26.1735    26.1735    1478.66         11      31933          4  0.000e+00
  430454995     69.971     70.576   3.408722   3.408508    33.4528    33.4513     7.2010     7.2000     7.1945     7.1935     0.0000     0.0000     0.0781    97.5505     0.0010     4.5531   25.06570    1.70166     74.058    26.1734    26.1724    1478.66         11      31934          4  0.000e+00
  430454995     69.990     70.595   3.408722   3.408533    33.4528    33.4515     7.2009     7.2001     7.1944     7.1936     0.0000     0.0000     0.0781    97.5505     0.0010     4.5531   25.06385    1.70153     74.052    26.1735    26.1725    1478.66         11      31935          4  0.000e+00
  430454995     69.927     70.532   3.408689   3.408501    33.4526    33.4511     7.2007     7.2002     7.1943     7.1938     0.0000     0.0000     0.0781    97.5505     0.0010     4.5531   25.00678    1.69767     73.884    26.1734    26.1722    1478.66         11      31936          4  0.000e+00
  430454995     69.927     70.532   3.408689   3.408488    33.4526    33.4509     7.2007     7.2003     7.1943     7.1938     0.0000     0.0000     0.0781    97.5505     0.0010     4.5531   25.05983    1.70127     74.041    26.1734    26.1720    1478.66         11      31937          4  0.000e+00
  430454995     69.927     70.532   3.408715   3.408488    33.4528    33.4511     7.2009     7.2000     7.1944     7.1936     0.0000     0.0000     0.0794    97.5505     0.0010     4.5531   25.05744    1.70110     74.033    26.1734    26.1723    1478.66         11      31938          4  0.000e+00
  430454995     69.971     70.576   3.408702   3.408508    33.4528    33.4512     7.2007     7.2001     7.1943     7.1937     0.0000     0.0000     0.0794    97.5505     0.0010     4.5531   25.06666    1.70173     74.061    26.1734    26.1723    1478.66         11      31939          4  0.000e+00
  430454995     69.852     70.456   3.408715   3.408540    33.4531    33.4515     7.2006     7.2002     7.1942     7.1938     0.0000     0.0000     0.0781    97.5505     0.0010     4.5531   25.07535    1.70232     74.087    26.1737    26.1726    1478.65         11      31940          4  0.000e+00
  430454995     69.927     70.532   3.408722   3.408527    33.4530    33.4515     7.2007     7.2001     7.1943     7.1937     0.0000     0.0000     0.0781    97.5505     0.0010     4.5531   25.08466    1.70295     74.114    26.1736    26.1725    1478.66         11      31941          4  0.000e+00
  430454995     69.927     70.532   3.408702   3.408495    33.4526    33.4510     7.2009     7.2002     7.1944     7.1938     0.0000     0.0000     0.0781    97.5505     0.0010     4.5531   25.08179    1.70275     74.105    26.1733    26.1721    1478.66         11      31942          4  0.000e+00
  430454995     69.927     70.532   3.408695   3.408508    33.4522    33.4511     7.2012     7.2003     7.1947     7.1938     0.0000     0.0000     0.0781    97.5505     0.0010     4.5531   25.07843    1.70252     74.095    26.1730    26.1722    1478.66         11      31943          4  0.000e+00
  430454995     69.852     70.456   3.408735   3.408495    33.4527    33.4507     7.2012     7.2005     7.1947     7.1941     0.0000     0.0000     0.0781    97.5505     0.0010     4.5531   25.14079    1.70674     74.279    26.1733    26.1719    1478.66         11      31944          4  0.000e+00
  430454995     69.927     70.532   3.408084   3.408443    11.0565    33.4498    63.5577     7.2009    63.5231     7.1944     0.0000     0.0000     0.0794    97.5505     0.0010     4.5531   19.96688  -19.76721   -891.922   -10.2231    26.1711    1563.07         11      31945          4  0.000e+00
  430454995     69.877     70.481   3.408715   3.408450    33.4523    33.4498     7.2014     7.2010     7.1949     7.1945     0.0000     0.0000     0.0781    97.5505     0.0010     4.5531   25.08781    1.70315     74.122    26.1730    26.1711    1478.66         11      31946          4  0.000e+00
  430454995     69.877     70.481   3.408722   3.408456    33.4526    33.4497     7.2012     7.2012     7.1947     7.1947     0.0000     0.0000     0.0781    97.5505     0.0010     4.5531   25.09450    1.70360     74.142    26.1732    26.1709    1478.66         11      31947          4  0.000e+00
  430454995     69.852     70.456   3.408702   3.408437    33.4524    33.4494     7.2012     7.2013     7.1947     7.1948     0.0000     0.0000     0.0781    97.5505     0.0010     4.5531   25.10110    1.70405     74.162    26.1731    26.1707    1478.66         11      31948          4  0.000e+00
  430454995     69.877     70.482   3.408728   3.408450    33.4529    33.4494     7.2009     7.2014     7.1944     7.1949     0.0000     0.0000     0.0794    97.5505     0.0010     4.5531   25.10788    1.70452     74.182    26.1736    26.1708    1478.66         11      31949          4  0.000e+00
  430454995     69.927     70.532   3.408722   3.408456    33.4528    33.4493     7.2009     7.2015     7.1944     7.1950     0.0000     0.0000     0.0794    97.5505     0.0010     4.5531   25.12666    1.70580     74.238    26.1735    26.1707    1478.66         11      31950          4  0.000e+00
  430454995     69.834     70.437   3.408722   3.408456    33.4530    33.4493     7.2008     7.2016     7.1943     7.1951     0.0000     0.0000     0.0794    97.5505     0.0010     4.5531   25.13352    1.70626     74.258    26.1736    26.1706    1478.65         11      31951          4  0.000e+00
  430454995     69.902     70.507   3.408722   3.408475    33.4529    33.4502     7.2009     7.2009     7.1944     7.1944     0.0000     0.0000     0.0781    97.5505     0.0010     4.5531   25.14090    1.70676     74.280    26.1735    26.1714    1478.66         11      31952          4  0.000e+00
  430454995     69.877     70.482   3.408722   3.408488    33.4527    33.4505     7.2011     7.2008     7.1946     7.1943     0.0000     0.0000     0.0781    97.5243     0.0010     4.5519   25.13604    1.70643     74.265    26.1734    26.1716    1478.66         11      31953          4  0.000e+00
  430454995     69.927     70.532   3.408742   3.408488    33.4529    33.4500     7.2011     7.2012     7.1946     7.1947     0.0000     0.0000     0.0781    97.5505     0.0010     4.5531   25.13095    1.70608     74.250    26.1735    26.1713    1478.66         11      31954          4  0.000e+00
  430454995     69.877     70.482   3.408755   3.408488    33.4532    33.4495     7.2009     7.2017     7.1944     7.1953     0.0000     0.0000     0.0794    97.5505     0.0010     4.5531   25.12507    1.70568     74.233    26.1738    26.1708    1478.66         11      31955          4  0.000e+00
  430454995     69.902     70.507   3.408728   3.408443    33.4529    33.4489     7.2010     7.2018     7.1945     7.1954     0.0000     0.0000     0.0781    97.5505     0.0010     4.5531   25.13087    1.70608     74.250    26.1735    26.1703    1478.66         11      31956          4  0.000e+00
  430454995     69.877     70.482   3.408702   3.408450    33.4525    33.4491     7.2011     7.2017     7.1946     7.1953     0.0000     0.0000     0.0794    97.5505     0.0010     4.5531   25.13651    1.70646     74.267    26.1732    26.1704    1478.66         11      31957          4  0.000e+00
  430454995     69.927     70.532   3.408715   3.408456    33.4526    33.4490     7.2011     7.2018     7.1946     7.1953     0.0000     0.0000     0.0781    97.5505     0.0010     4.5531   25.15434    1.70767     74.319    26.1733    26.1704    1478.66         11      31958          4  0.000e+00
  430454995     69.927     70.532   3.408722   3.408475    33.4525    33.4500     7.2012     7.2011     7.1947     7.1946     0.0000     0.0000     0.0781    97.5505     0.0010     4.5531   25.17247    1.70890     74.373    26.1732    26.1712    1478.66         11      31959          4  0.000e+00
  430454995     69.946     70.551   3.408702   3.408443    33.4523    33.4495     7.2012     7.2012     7.1947     7.1947     0.0000     0.0000     0.0781    97.5505     0.0010     4.5531   25.19115    1.71017     74.428    26.1730    26.1709    1478.66         11      31960          4  0.000e+00
  430454996     69.877     70.482   3.408702   3.408469    33.4525    33.4497     7.2011     7.2014     7.1946     7.1949     0.0000     0.0000     0.0781    97.5505     0.0010     4.5531   25.19810    1.71064     74.449    26.1732    26.1709    1478.66         11      31961          4  0.000e+00
  430454996     69.971     70.576   3.408742   3.408488    33.4528    33.4502     7.2011     7.2010     7.1946     7.1945     0.0000     0.0000     0.0794    97.5505     0.0010     4.5531   24.92794    1.69230     73.650    26.1735    26.1714    1478.66         11      31962          4  0.000e+00
  430454996     69.927     70.532   3.408728   3.408463    33.4528    33.4500     7.2011     7.2009     7.1946     7.1944     0.0000     0.0000     0.0781    97.5505     0.0010     4.5531   24.81221    1.68444     73.308    26.1734    26.1713    1478.66         11      31963          4  0.000e+00
  430454996     69.946     70.551   3.408742   3.408501    33.4529    33.4503     7.2011     7.2010     7.1946     7.1945     0.0000     0.0000     0.0781    97.5505     0.0010     4.5531   24.75355    1.68046     73.135    26.1735    26.1715    1478.66         11      31964          4  0.000e+00
