ROS/FK009A_CTD009_20130820.ros
* Sea-Bird SBE 9 Data File:
* FileName = C:\Falkor-Data-2013\FK009A\CTD\FK009A_CTD009_20130820.hex
* Software Version Seasave V 7.21f
* Temperature SN = 5483
* Conductivity SN = 3916
* Number of Bytes Per Scan = 41
* Number of Voltage Words = 4
* Number of Scans Averaged by the Deck Unit = 1
* NMEA Latitude = 48 18.30 N
* NMEA Longitude = 126 03.32 W
* NMEA UTC (Time) = Aug 20 2013 04:59:49
* NMEA baud rate = 4800
** Ship: RV Falkor
** Station: BCC5
** Operator: Nathan Cunningham
# nquan = 27
# nvalues = 784                                   
# units = specified
# name 0 = timeQ: Time, NMEA [seconds]
# name 1 = depSM: Depth [salt water, m]
# name 2 = prDM: Pressure, Digiquartz [db]
# name 3 = c0S/m: Conductivity [S/m]
# name 4 = c1S/m: Conductivity, 2 [S/m]
# name 5 = sal00: Salinity, Practical [PSU]
# name 6 = sal11: Salinity, Practical, 2 [PSU]
# name 7 = t090C: Temperature [ITS-90, deg C]
# name 8 = t190C: Temperature, 2 [ITS-90, deg C]
# name 9 = potemp090C: Potential Temperature [ITS-90, deg C]
# name 10 = potemp190C: Potential Temperature, 2 [ITS-90, deg C]
# name 11 = v2: Voltage 2
# name 12 = v3: Voltage 3
# name 13 = v0: Voltage 0
# name 14 = CStarTr0: Beam Transmission, WET Labs C-Star [%]
# name 15 = CStarAt0: Beam Attenuation, WET Labs C-Star [1/m]
# name 16 = v5: Voltage 5
# name 17 = sbeox0PS: Oxygen, SBE 43 [% saturation]
# name 18 = sbeox0ML/L: Oxygen, SBE 43 [ml/l]
# name 19 = sbeox0Mm/Kg: Oxygen, SBE 43 [umol/Kg]
# name 20 = sigma-é00: Density [sigma-theta, Kg/m^3]
# name 21 = sigma-é11: Density, 2 [sigma-theta, Kg/m^3]
# name 22 = svCM: Sound Velocity [Chen-Millero, m/s]
# name 23 = modError: Modulo Error Count
# name 24 = scan: Scan Count
# name 25 = nbf: Bottles Fired
# name 26 = flag:  0.000e+00
# interval = seconds: 0.0416667
# start_time = Aug 20 2013 04:59:49 [NMEA time, first data scan]
# bad_flag = -9.990e-29
*END*
[from data line 484]
  430294157    149.299    150.622   3.442875   3.442687    33.8975    33.8957     7.0876     7.0873     7.0737     7.0734     2.2198     0.8376     0.0781   100.4804    -0.0002     4.6899   40.23765    2.73076    118.803    26.5402    26.5388    1480.09          0     100041         10  0.000e+00
  430294158    149.406    150.729   3.442928   3.442707    33.8979    33.8959     7.0877     7.0873     7.0738     7.0734     2.2198     0.8388     0.0781   100.4804    -0.0002     4.6899   40.22193    2.72967    118.755    26.5405    26.5389    1480.09          0     100042         10  0.000e+00
  430294158    149.443    150.767   3.442902   3.442694    33.8976    33.8956     7.0877     7.0875     7.0738     7.0736     2.2210     0.8400     0.0781   100.4804    -0.0002     4.6899   40.21818    2.72942    118.745    26.5402    26.5387    1480.09          0     100043         10  0.000e+00
  430294158    149.393    150.717   3.442928   3.442687    33.8976    33.8957     7.0881     7.0873     7.0742     7.0734     2.2198     0.8400     0.0781   100.4804    -0.0002     4.6899   40.26953    2.73289    118.895    26.5402    26.5388    1480.09          0     100044         10  0.000e+00
  430294158    149.449    150.773   3.442922   3.442707    33.8976    33.8961     7.0879     7.0871     7.0740     7.0732     2.2198     0.8400     0.0781   100.4804    -0.0002     4.6899   40.26540    2.73262    118.883    26.5402    26.5391    1480.09          0     100045         10  0.000e+00
  430294158    149.443    150.767   3.442935   3.442694    33.8976    33.8959     7.0881     7.0872     7.0742     7.0733     2.2198     0.8400     0.0781   100.4804    -0.0002     4.6899   40.32782    2.73684    119.067    26.5402    26.5389    1480.09          0     100046         10  0.000e+00
  430294325    100.577    101.456   3.457879   3.457563    33.7823    33.7811     7.3967     7.3944     7.3871     7.3849     2.1465     0.8620     0.0781   100.3496    -0.0001     4.6838   43.62296    2.94189    128.005    26.4059    26.4052    1480.33          0     104055         11  0.000e+00
  430294325    100.533    101.412   3.457899   3.457556    33.7824    33.7812     7.3968     7.3943     7.3873     7.3847     2.1465     0.8620     0.0794   100.3496    -0.0001     4.6838   43.62175    2.94180    128.001    26.4059    26.4053    1480.33          0     104056         11  0.000e+00
  430294325    100.440    101.318   3.457892   3.457576    33.7822    33.7810     7.3970     7.3947     7.3875     7.3852     2.1465     0.8608     0.0781   100.3496    -0.0001     4.6838   43.61977    2.94166    127.995    26.4058    26.4051    1480.33          0     104057         11  0.000e+00
  430294325    100.533    101.412   3.457906   3.457563    33.7826    33.7805     7.3967     7.3950     7.3871     7.3855     2.1465     0.8620     0.0781   100.3496    -0.0001     4.6838   43.61841    2.94158    127.991    26.4061    26.4047    1480.33          0     104058         11  0.000e+00
  430294325    100.440    101.318   3.457932   3.457537    33.7831    33.7800     7.3965     7.3954     7.3870     7.3858     2.1465     0.8596     0.0781   100.3496    -0.0001     4.6838   43.61550    2.94139    127.983    26.4065    26.4042    1480.33          0     104059         11  0.000e+00
  430294325    100.484    101.362   3.457945   3.457550    33.7834    33.7800     7.3964     7.3955     7.3868     7.3860     2.1465     0.8620     0.0769   100.3496    -0.0001     4.6838   43.61290    2.94121    127.975    26.4068    26.4042    1480.33          0     104060         11  0.000e+00
  430294325    100.440    101.318   3.457945   3.457537    33.7831    33.7796     7.3967     7.3957     7.3871     7.3862     2.1465     0.8608     0.0781   100.3496    -0.0001     4.6838   43.62122    2.94176    127.999    26.4065    26.4039    1480.33          0     104061         11  0.000e+00
  430294325    100.440    101.318   3.457919   3.457505    33.7830    33.7790     7.3965     7.3960     7.3870     7.3865     2.1465     0.8608     0.0781   100.3496    -0.0001     4.6838   43.61789    2.94155    127.990    26.4064    26.4034    1480.33          0     104062         11  0.000e+00
  430294325    100.396    101.273   3.457932   3.457518    33.7832    33.7791     7.3965     7.3960     7.3870     7.3865     2.1465     0.8620     0.0781   100.3496    -0.0001     4.6838   43.68046    2.94577    128.173    26.4066    26.4035    1480.33          0     104063         11  0.000e+00
  430294325    100.440    101.318   3.457925   3.457543    33.7829    33.7797     7.3967     7.3957     7.3871     7.3862     2.1465     0.8620     0.0781   100.3496    -0.0001     4.6838   43.62074    2.94173    127.998    26.4063    26.4040    1480.33          0     104064         11  0.000e+00
  430294325    100.303    101.179   3.457912   3.457537    33.7830    33.7798     7.3965     7.3957     7.3870     7.3861     2.1465     0.8620     0.0781   100.3496    -0.0001     4.6838   43.68136    2.94583    128.176    26.4064    26.4040    1480.33          0     104065         11  0.000e+00
  430294325    100.396    101.273   3.457886   3.457498    33.7825    33.7794     7.3967     7.3955     7.3872     7.3860     2.1465     0.8608     0.0781   100.3757    -0.0002     4.6850   43.62049    2.94172    127.997    26.4060    26.4038    1480.33          0     104066         11  0.000e+00
  430294325    100.346    101.223   3.457899   3.457518    33.7825    33.7800     7.3968     7.3952     7.3873     7.3857     2.1465     0.8608     0.0781   100.3757    -0.0002     4.6850   43.61351    2.94124    127.976    26.4060    26.4042    1480.33          0     104067         11  0.000e+00
  430294325    100.303    101.179   3.457892   3.457524    33.7825    33.7804     7.3968     7.3949     7.3873     7.3854     2.1465     0.8620     0.0781   100.3757    -0.0002     4.6850   43.53946    2.93625    127.759    26.4060    26.4046    1480.33          0     104068         11  0.000e+00
  430294325    100.303    101.179   3.457852   3.457543    33.7819    33.7809     7.3970     7.3946     7.3875     7.3851     2.1465     0.8608     0.0781   100.3757    -0.0002     4.6850   43.59939    2.94029    127.935    26.4055    26.4050    1480.33          0     104069         11  0.000e+00
  430294325    100.303    101.179   3.457846   3.457537    33.7821    33.7808     7.3967     7.3946     7.3872     7.3851     2.1465     0.8608     0.0781   100.3757    -0.0002     4.6850   43.59225    2.93983    127.915    26.4057    26.4050    1480.32          0     104070         11  0.000e+00
  430294325    100.303    101.179   3.457852   3.457498    33.7823    33.7799     7.3965     7.3950     7.3870     7.3855     2.1465     0.8596     0.0769   100.3757    -0.0002     4.6850   43.59656    2.94012    127.928    26.4059    26.4042    1480.32          0     104071         11  0.000e+00
  430294325    100.259    101.135   3.457899   3.457518    33.7825    33.7803     7.3968     7.3949     7.3873     7.3854     2.1465     0.8596     0.0769   100.3757    -0.0002     4.6850   43.66723    2.94486    128.134    26.4060    26.4046    1480.33          0     104072         11  0.000e+00
  430294325    100.259    101.135   3.457859   3.457530    33.7824    33.7806     7.3965     7.3947     7.3870     7.3852     2.1465     0.8608     0.0781   100.3757    -0.0002     4.6850   43.61590    2.94143    127.985    26.4060    26.4048    1480.32          0     104073         11  0.000e+00
  430294326    100.259    101.135   3.457826   3.457524    33.7822    33.7805     7.3964     7.3947     7.3868     7.3852     2.1465     0.8608     0.0781   100.3757    -0.0002     4.6850   43.61973    2.94170    127.996    26.4059    26.4048    1480.32          0     104074         11  0.000e+00
  430294326    100.209    101.085   3.457826   3.457524    33.7821    33.7798     7.3965     7.3955     7.3870     7.3860     2.1465     0.8620     0.0781   100.3757    -0.0002     4.6850   43.61131    2.94112    127.971    26.4057    26.4041    1480.32          0     104075         11  0.000e+00
  430294326    100.259    101.135   3.457819   3.457530    33.7818    33.7799     7.3967     7.3955     7.3872     7.3860     2.1465     0.8596     0.0769   100.3757    -0.0002     4.6850   43.60299    2.94056    127.947    26.4055    26.4041    1480.32          0     104076         11  0.000e+00
  430294326    100.165    101.040   3.457792   3.457524    33.7814    33.7796     7.3968     7.3957     7.3873     7.3862     2.1465     0.8608     0.0781   100.3757    -0.0002     4.6850   43.59337    2.93990    127.918    26.4052    26.4039    1480.32          0     104077         11  0.000e+00
  430294326    100.209    101.085   3.457819   3.457505    33.7817    33.7791     7.3968     7.3960     7.3873     7.3865     2.1465     0.8608     0.0781   100.3757    -0.0002     4.6850   43.59600    2.94008    127.926    26.4054    26.4034    1480.32          0     104078         11  0.000e+00
  430294326    100.209    101.085   3.457819   3.457537    33.7812    33.7790     7.3973     7.3965     7.3878     7.3870     2.1465     0.8608     0.0781   100.3757    -0.0002     4.6850   43.58641    2.93941    127.897    26.4049    26.4033    1480.32          0     104079         11  0.000e+00
  430294326    100.165    101.040   3.457766   3.457511    33.7804    33.7787     7.3976     7.3965     7.3881     7.3870     2.1465     0.8620     0.0769   100.3757    -0.0002     4.6850   43.57611    2.93871    127.866    26.4042    26.4031    1480.32          0     104080         11  0.000e+00
  430294326    100.165    101.041   3.457752   3.457498    33.7799    33.7785     7.3980     7.3966     7.3885     7.3871     2.1465     0.8608     0.0781   100.3757    -0.0002     4.6850   43.64415    2.94328    128.066    26.4038    26.4028    1480.32          0     104081         11  0.000e+00
  430294326    100.165    101.041   3.457739   3.457492    33.7796    33.7784     7.3981     7.3966     7.3886     7.3871     2.1465     0.8608     0.0757   100.3757    -0.0002     4.6850   43.65655    2.94411    128.102    26.4036    26.4028    1480.32          0     104082         11  0.000e+00
  430294326    100.165    101.041   3.457746   3.457492    33.7795    33.7784     7.3983     7.3966     7.3888     7.3871     2.1465     0.8620     0.0757   100.3757    -0.0002     4.6850   43.58991    2.93961    127.906    26.4035    26.4028    1480.33          0     104083         11  0.000e+00
  430294326    100.115    100.990   3.457752   3.457498    33.7795    33.7785     7.3984     7.3966     7.3889     7.3871     2.1465     0.8620     0.0745   100.3757    -0.0002     4.6850   43.57767    2.93878    127.870    26.4034    26.4029    1480.33          0     104084         11  0.000e+00
  430294326    100.165    101.041   3.457759   3.457517    33.7797    33.7787     7.3983     7.3966     7.3888     7.3871     2.1465     0.8608     0.0745   100.3496    -0.0001     4.6838   43.56554    2.93796    127.834    26.4036    26.4030    1480.33          0     104085         11  0.000e+00
  430294326    100.072    100.946   3.457732   3.457524    33.7790    33.7786     7.3988     7.3968     7.3893     7.3873     2.1465     0.8608     0.0757   100.3496    -0.0001     4.6838   43.55208    2.93704    127.794    26.4029    26.4030    1480.32          0     104086         11  0.000e+00
  430294326    100.165    101.041   3.457766   3.457505    33.7794    33.7782     7.3986     7.3970     7.3891     7.3875     2.1465     0.8608     0.0745   100.3496    -0.0001     4.6838   43.55119    2.93698    127.791    26.4033    26.4026    1480.33          0     104087         11  0.000e+00
  430294326    100.115    100.990   3.457759   3.457517    33.7794    33.7783     7.3986     7.3970     7.3891     7.3875     2.1465     0.8620     0.0745   100.3496    -0.0001     4.6838   43.54947    2.93687    127.786    26.4033    26.4027    1480.33          0     104088         11  0.000e+00
  430294326    100.115    100.990   3.457759   3.457505    33.7795    33.7782     7.3984     7.3969     7.3889     7.3874     2.1465     0.8608     0.0757   100.3496    -0.0001     4.6838   43.54805    2.93678    127.783    26.4034    26.4026    1480.33          0     104089         11  0.000e+00
  430294326    100.115    100.990   3.457752   3.457498    33.7793    33.7781     7.3986     7.3970     7.3891     7.3875     2.1465     0.8620     0.0757   100.3496    -0.0001     4.6838   43.61324    2.94117    127.974    26.4032    26.4025    1480.33          0     104090         11  0.000e+00
  430294326    100.072    100.946   3.457772   3.457492    33.7791    33.7781     7.3991     7.3970     7.3896     7.3875     2.1465     0.8608     0.0757   100.3496    -0.0001     4.6838   43.55587    2.93727    127.804    26.4030    26.4025    1480.33          0     104091         11  0.000e+00
  430294326    100.159    101.034   3.457766   3.457492    33.7794    33.7779     7.3986     7.3971     7.3891     7.3876     2.1465     0.8608     0.0745   100.3496    -0.0001     4.6838   43.55449    2.93720    127.801    26.4033    26.4023    1480.33          0     104092         11  0.000e+00
  430294326    100.072    100.946   3.457779   3.457517    33.7798    33.7784     7.3984     7.3970     7.3889     7.3875     2.1465     0.8608     0.0757   100.3496    -0.0001     4.6838   43.55210    2.93705    127.794    26.4036    26.4027    1480.32          0     104093         11  0.000e+00
  430294326    100.165    101.041   3.457786   3.457505    33.7800    33.7780     7.3983     7.3971     7.3888     7.3876     2.1465     0.8608     0.0757   100.3496    -0.0001     4.6838   43.56267    2.93777    127.826    26.4038    26.4024    1480.33          0     104094         11  0.000e+00
  430294326    100.072    100.946   3.457759   3.457498    33.7800    33.7781     7.3980     7.3970     7.3885     7.3875     2.1465     0.8620     0.0757   100.3496    -0.0001     4.6838   43.56073    2.93765    127.821    26.4039    26.4026    1480.32          0     104095         11  0.000e+00
  430294326    100.165    101.041   3.457739   3.457517    33.7798    33.7782     7.3980     7.3971     7.3885     7.3876     2.1465     0.8596     0.0757   100.3496    -0.0001     4.6838   43.55983    2.93760    127.818    26.4037    26.4025    1480.32          0     104096         11  0.000e+00
  430294326    100.115    100.990   3.457772   3.457479    33.7803    33.7783     7.3978     7.3966     7.3883     7.3871     2.1465     0.8608     0.0757   100.3496    -0.0001     4.6838   43.55812    2.93748    127.813    26.4041    26.4027    1480.32          0     104097         11  0.000e+00
  430294327    100.115    100.990   3.457806   3.457485    33.7815    33.7780     7.3970     7.3970     7.3875     7.3875     2.1465     0.8608     0.0757   100.3496    -0.0001     4.6838   43.54481    2.93662    127.775    26.4052    26.4024    1480.32          0     104098         11  0.000e+00
  430294327    100.165    101.041   3.457799   3.457492    33.7817    33.7780     7.3967     7.3970     7.3872     7.3875     2.1465     0.8608     0.0745   100.3496    -0.0001     4.6838   43.54320    2.93653    127.771    26.4054    26.4025    1480.32          0     104099         11  0.000e+00
  430294327    100.115    100.990   3.457832   3.457517    33.7822    33.7788     7.3965     7.3965     7.3870     7.3870     2.1465     0.8608     0.0745   100.3496    -0.0001     4.6838   43.52908    2.93557    127.730    26.4058    26.4032    1480.32          0     104100         11  0.000e+00
