ROS/FK009A_CTD027_20130823.ros
* Sea-Bird SBE 9 Data File:
* FileName = C:\Falkor-Data-2013\FK009A\CTD\FK009A_CTD027_20130823.hex
* Software Version Seasave V 7.21f
* Temperature SN = 5483
* Conductivity SN = 3916
* Number of Bytes Per Scan = 41
* Number of Voltage Words = 4
* Number of Scans Averaged by the Deck Unit = 1
* NMEA Latitude = 48 29.45 N
* NMEA Longitude = 126 07.09 W
* NMEA UTC (Time) = Aug 23 2013 05:04:48
* NMEA baud rate = 4800
** Ship: RV Falkor
** Station: LC08
** Operator: CPeazy
# nquan = 27
# nvalues = 196                                   
# units = specified
# name 0 = timeQ: Time, NMEA [seconds]
# name 1 = depSM: Depth [salt water, m]
# name 2 = prDM: Pressure, Digiquartz [db]
# name 3 = c0S/m: Conductivity [S/m]
# name 4 = c1S/m: Conductivity, 2 [S/m]
# name 5 = sal00: Salinity, Practical [PSU]
# name 6 = sal11: Salinity, Practical, 2 [PSU]
# name 7 = t090C: Temperature [ITS-90, deg C]
# name 8 = t190C: Temperature, 2 [ITS-90, deg C]
# name 9 = potemp090C: Potential Temperature [ITS-90, deg C]
# name 10 = potemp190C: Potential Temperature, 2 [ITS-90, deg C]
# name 11 = v2: Voltage 2
# name 12 = v3: Voltage 3
# name 13 = v0: Voltage 0
# name 14 = CStarTr0: Beam Transmission, WET Labs C-Star [%]
# name 15 = CStarAt0: Beam Attenuation, WET Labs C-Star [1/m]
# name 16 = v5: Voltage 5
# name 17 = sbeox0PS: Oxygen, SBE 43 [% saturation]
# name 18 = sbeox0ML/L: Oxygen, SBE 43 [ml/l]
# name 19 = sbeox0Mm/Kg: Oxygen, SBE 43 [umol/Kg]
# name 20 = sigma-é00: Density [sigma-theta, Kg/m^3]
# name 21 = sigma-é11: Density, 2 [sigma-theta, Kg/m^3]
# name 22 = svCM: Sound Velocity [Chen-Millero, m/s]
# name 23 = modError: Modulo Error Count
# name 24 = scan: Scan Count
# name 25 = nbf: Bottles Fired
# name 26 = flag:  0.000e+00
# interval = seconds: 0.0416667
# start_time = Aug 23 2013 05:04:49 [NMEA time, first data scan]
# bad_flag = -9.990e-29
*END*
  430549937    193.798    195.540   3.391473   3.391263    33.9507    33.9501     6.4378     6.4361     6.4207     6.4189     0.0000     0.0000     0.0806    97.6028     0.0010     4.5556   18.42221    1.26865     55.186    26.6696    26.6694    1478.36          3      10760          1  0.000e+00
  430549938    193.911    195.653   3.391493   3.391302    33.9507    33.9505     6.4381     6.4361     6.4209     6.4189     0.0000     0.0000     0.0794    97.5766     0.0010     4.5543   18.41834    1.26838     55.174    26.6696    26.6697    1478.36          3      10761          1  0.000e+00
  430549938    193.936    195.679   3.391480   3.391334    33.9507    33.9502     6.4378     6.4368     6.4207     6.4196     0.0000     0.0000     0.0794    97.6028     0.0010     4.5556   18.41428    1.26810     55.162    26.6696    26.6693    1478.36          3      10762          1  0.000e+00
  430549938    193.911    195.653   3.391454   3.391341    33.9504    33.9503     6.4379     6.4368     6.4207     6.4196     0.0000     0.0000     0.0806    97.6028     0.0010     4.5556   18.42299    1.26871     55.189    26.6694    26.6694    1478.36          3      10763          1  0.000e+00
  430549938    193.936    195.679   3.391467   3.391302    33.9506    33.9497     6.4378     6.4369     6.4207     6.4197     0.0000     0.0000     0.0806    97.6028     0.0010     4.5556   18.41944    1.26846     55.178    26.6695    26.6690    1478.36          3      10764          1  0.000e+00
  430549938    193.961    195.704   3.391447   3.391309    33.9504    33.9500     6.4377     6.4366     6.4206     6.4194     0.0000     0.0000     0.0806    97.6028     0.0010     4.5556   18.41590    1.26822     55.167    26.6694    26.6693    1478.36          3      10765          1  0.000e+00
  430549938    193.980    195.723   3.391487   3.391334    33.9508    33.9500     6.4378     6.4369     6.4207     6.4198     0.0000     0.0000     0.0794    97.6028     0.0010     4.5556   18.41233    1.26797     55.157    26.6697    26.6692    1478.36          3      10766          1  0.000e+00
  430549938    194.005    195.748   3.391480   3.391353    33.9506    33.9500     6.4379     6.4371     6.4207     6.4199     0.0000     0.0000     0.0794    97.6028     0.0010     4.5556   18.42168    1.26861     55.184    26.6696    26.6692    1478.36          3      10767          1  0.000e+00
  430549938    193.980    195.723   3.391493   3.391341    33.9507    33.9502     6.4379     6.4368     6.4208     6.4196     0.0000     0.0000     0.0806    97.6028     0.0010     4.5556   18.48689    1.27310     55.380    26.6696    26.6694    1478.36          3      10768          1  0.000e+00
  430549938    194.005    195.748   3.391480   3.391321    33.9506    33.9501     6.4379     6.4366     6.4207     6.4194     0.0000     0.0000     0.0806    97.6028     0.0010     4.5556   18.44026    1.26989     55.240    26.6696    26.6694    1478.36          3      10769          1  0.000e+00
  430549938    194.030    195.773   3.391493   3.391321    33.9511    33.9501     6.4375     6.4366     6.4203     6.4194     0.0000     0.0000     0.0806    97.6028     0.0010     4.5556   18.45014    1.27058     55.270    26.6700    26.6693    1478.36          3      10770          1  0.000e+00
  430549938    194.049    195.792   3.391500   3.391315    33.9510    33.9501     6.4377     6.4366     6.4206     6.4194     0.0000     0.0000     0.0806    97.6028     0.0010     4.5556   18.52887    1.27600     55.506    26.6699    26.6693    1478.36          3      10771          1  0.000e+00
  430549938    194.030    195.773   3.391526   3.391289    33.9506    33.9500     6.4384     6.4364     6.4213     6.4192     0.0000     0.0000     0.0794    97.6028     0.0010     4.5556   18.53861    1.27665     55.534    26.6695    26.6693    1478.36          3      10772          1  0.000e+00
  430549938    194.074    195.818   3.391559   3.391264    33.9507    33.9498     6.4387     6.4362     6.4215     6.4191     0.0000     0.0012     0.0806    97.6028     0.0010     4.5556   18.54800    1.27729     55.562    26.6695    26.6692    1478.36          3      10773          1  0.000e+00
  430549938    194.099    195.843   3.391546   3.391302    33.9503    33.9499     6.4389     6.4366     6.4217     6.4194     0.0000     0.0000     0.0818    97.6028     0.0010     4.5556   18.54392    1.27700     55.550    26.6692    26.6691    1478.36          3      10774          1  0.000e+00
  430549938    194.124    195.868   3.391487   3.391334    33.9506    33.9498     6.4379     6.4370     6.4207     6.4198     0.0000     0.0000     0.0818    97.5766     0.0010     4.5543   18.47049    1.27197     55.331    26.6696    26.6690    1478.36          3      10775          1  0.000e+00
  430549938    194.049    195.792   3.391447   3.391341    33.9509    33.9499     6.4372     6.4371     6.4200     6.4199     0.0000     0.0000     0.0806    97.5766     0.0010     4.5543   18.46518    1.27163     55.316    26.6699    26.6691    1478.36          3      10776          1  0.000e+00
  430549938    194.124    195.868   3.391421   3.391379    33.9515    33.9506     6.4363     6.4368     6.4191     6.4196     0.0000     0.0000     0.0806    97.5766     0.0010     4.5543   18.46023    1.27131     55.302    26.6705    26.6697    1478.36          3      10777          1  0.000e+00
  430549938    194.142    195.887   3.391434   3.391373    33.9516    33.9502     6.4364     6.4371     6.4192     6.4199     0.0000     0.0000     0.0806    97.5766     0.0010     4.5543   18.44221    1.27006     55.248    26.6705    26.6693    1478.36          3      10778          1  0.000e+00
  430549938    194.124    195.868   3.391414   3.391373    33.9515    33.9500     6.4363     6.4372     6.4191     6.4201     0.0000     0.0000     0.0818    97.5766     0.0010     4.5543   18.35521    1.26408     54.987    26.6704    26.6692    1478.36          3      10779          1  0.000e+00
  430549938    194.142    195.887   3.391388   3.391386    33.9512    33.9500     6.4362     6.4374     6.4190     6.4202     0.0000     0.0000     0.0818    97.5766     0.0010     4.5543   18.41847    1.26844     55.177    26.6702    26.6692    1478.36          3      10780          1  0.000e+00
  430549938    194.167    195.912   3.391388   3.391334    33.9513    33.9499     6.4361     6.4369     6.4189     6.4197     0.0000     0.0000     0.0806    97.5766     0.0010     4.5543   18.42628    1.26898     55.200    26.6703    26.6691    1478.36          3      10781          1  0.000e+00
  430549938    194.142    195.887   3.391381   3.391315    33.9515    33.9500     6.4359     6.4366     6.4187     6.4194     0.0000     0.0000     0.0806    97.5766     0.0010     4.5543   18.43449    1.26955     55.225    26.6705    26.6692    1478.35          3      10782          1  0.000e+00
  430549938    194.167    195.912   3.391401   3.391347    33.9516    33.9496     6.4360     6.4374     6.4188     6.4202     0.0000     0.0000     0.0806    97.5766     0.0010     4.5543   18.44332    1.27015     55.251    26.6705    26.6688    1478.36          3      10783          1  0.000e+00
  430549938    194.142    195.887   3.391414   3.391276    33.9512    33.9499     6.4365     6.4362     6.4194     6.4191     0.0000     0.0000     0.0818    97.5766     0.0010     4.5543   18.43963    1.26988     55.240    26.6702    26.6692    1478.36          3      10784          1  0.000e+00
  430549939    194.211    195.956   3.391454   3.391315    33.9515    33.9500     6.4366     6.4366     6.4194     6.4194     0.0000     0.0000     0.0806    97.5766     0.0010     4.5543   18.36781    1.26493     55.024    26.6704    26.6693    1478.36          3      10785          1  0.000e+00
  430549939    194.142    195.887   3.391473   3.391354    33.9515    33.9503     6.4369     6.4368     6.4197     6.4196     0.0000     0.0000     0.0818    97.5766     0.0010     4.5543   18.35215    1.26385     54.977    26.6704    26.6694    1478.36          3      10786          1  0.000e+00
  430549939    194.211    195.956   3.391473   3.391437    33.9516    33.9499     6.4368     6.4380     6.4196     6.4208     0.0000     0.0000     0.0806    97.5766     0.0010     4.5543   18.40572    1.26754     55.138    26.6705    26.6690    1478.36          3      10787          1  0.000e+00
  430549939    193.448    195.186   3.391420   3.391508    33.9516    33.9506     6.4365     6.4385     6.4194     6.4214     0.0000     0.0000     0.0806    97.5766     0.0010     4.5543   18.40133    1.26724     55.125    26.6705    26.6695    1478.35          3      10788          1  0.000e+00
  430549939    194.955    196.707   3.391408   3.391502    33.9510    33.9494     6.4363     6.4389     6.4190     6.4217     0.0000     0.0000     0.0806    97.5766     0.0010     4.5543   18.40236    1.26733     55.129    26.6701    26.6684    1478.37          3      10789          1  0.000e+00
  430549939    194.142    195.887   3.391341   3.391527    33.9512    33.9495     6.4357     6.4395     6.4186     6.4223     0.0000     0.0000     0.0818    97.5766     0.0010     4.5543   18.39786    1.26703     55.116    26.6703    26.6685    1478.35          3      10790          1  0.000e+00
  430549939    194.211    195.956   3.391361   3.391501    33.9516    33.9490     6.4355     6.4396     6.4183     6.4224     0.0000     0.0000     0.0818    97.5766     0.0010     4.5543   18.39545    1.26687     55.109    26.6706    26.6681    1478.35          3      10791          1  0.000e+00
  430549939    194.186    195.931   3.391381   3.391424    33.9514    33.9493     6.4359     6.4385     6.4187     6.4213     0.0000     0.0000     0.0806    97.5766     0.0010     4.5543   18.46117    1.27139     55.305    26.6705    26.6685    1478.36          3      10792          1  0.000e+00
  430549939    194.211    195.956   3.391381   3.391321    33.9513    33.9494     6.4360     6.4372     6.4188     6.4200     0.0000     0.0000     0.0806    97.5766     0.0010     4.5543   18.47052    1.27203     55.333    26.6704    26.6687    1478.36          3      10793          1  0.000e+00
  430549939    194.186    195.931   3.391401   3.391309    33.9515    33.9499     6.4361     6.4366     6.4189     6.4194     0.0000     0.0000     0.0818    97.5766     0.0010     4.5543   18.42377    1.26880     55.193    26.6705    26.6692    1478.36          3      10794          1  0.000e+00
  430549939    194.211    195.956   3.391394   3.391238    33.9514    33.9501     6.4361     6.4356     6.4189     6.4184     0.0000     0.0000     0.0818    97.5766     0.0010     4.5543   18.43363    1.26948     55.222    26.6704    26.6694    1478.36          3      10795          1  0.000e+00
  430549939    194.167    195.912   3.391355   3.391251    33.9505    33.9505     6.4365     6.4354     6.4194     6.4182     0.0000     0.0000     0.0818    97.6028     0.0010     4.5556   18.44384    1.27018     55.253    26.6696    26.6698    1478.36          3      10796          1  0.000e+00
  430549939    194.186    195.931   3.391348   3.391276    33.9504    33.9505     6.4366     6.4356     6.4194     6.4184     0.0000     0.0000     0.0806    97.6289     0.0010     4.5568   18.44182    1.27004     55.247    26.6695    26.6698    1478.36          3      10797          1  0.000e+00
  430549939    194.211    195.956   3.391421   3.391283    33.9514    33.9504     6.4364     6.4358     6.4192     6.4186     0.0000     0.0000     0.0806    97.6028     0.0010     4.5556   18.43982    1.26990     55.240    26.6704    26.6697    1478.36          3      10798          1  0.000e+00
  430549939    194.142    195.887   3.391394   3.391264    33.9509    33.9500     6.4366     6.4361     6.4194     6.4189     0.0000     0.0000     0.0806    97.6028     0.0010     4.5556   18.43759    1.26974     55.234    26.6700    26.6693    1478.36          3      10799          1  0.000e+00
  430549939    194.167    195.912   3.391473   3.391321    33.9510    33.9506     6.4374     6.4361     6.4202     6.4189     0.0000     0.0000     0.0794    97.6028     0.0010     4.5556   18.43556    1.26958     55.227    26.6699    26.6698    1478.36          3      10800          1  0.000e+00
  430549939    194.186    195.931   3.391480   3.391296    33.9509    33.9504     6.4376     6.4359     6.4204     6.4188     0.0000     0.0000     0.0806    97.6028     0.0010     4.5556   18.42063    1.26855     55.182    26.6698    26.6697    1478.36          3      10801          1  0.000e+00
  430549939    194.167    195.912   3.391513   3.391264    33.9509    33.9499     6.4379     6.4361     6.4208     6.4189     0.0000     0.0000     0.0806    97.6028     0.0010     4.5556   18.41799    1.26836     55.173    26.6697    26.6693    1478.36          3      10802          1  0.000e+00
  430549939    194.142    195.887   3.391533   3.391251    33.9510    33.9503     6.4381     6.4356     6.4209     6.4184     0.0000     0.0000     0.0794    97.6028     0.0010     4.5556   18.41534    1.26817     55.165    26.6698    26.6696    1478.36          3      10803          1  0.000e+00
  430549939    194.167    195.912   3.391539   3.391270    33.9505    33.9503     6.4386     6.4358     6.4214     6.4186     0.0000     0.0000     0.0806    97.6028     0.0010     4.5556   18.41281    1.26798     55.157    26.6694    26.6696    1478.36          3      10804          1  0.000e+00
  430549939    194.099    195.843   3.391579   3.391321    33.9506    33.9506     6.4390     6.4361     6.4218     6.4189     0.0000     0.0000     0.0806    97.6028     0.0010     4.5556   18.41005    1.26778     55.148    26.6694    26.6698    1478.37          3      10805          1  0.000e+00
  430549939    194.124    195.868   3.391553   3.391399    33.9505    33.9504     6.4388     6.4372     6.4216     6.4200     0.0000     0.0000     0.0794    97.6028     0.0010     4.5556   18.40754    1.26761     55.141    26.6694    26.6695    1478.36          3      10806          1  0.000e+00
  430549939    194.142    195.887   3.391539   3.391405    33.9500    33.9498     6.4391     6.4379     6.4220     6.4207     0.0000     0.0000     0.0794    97.6028     0.0010     4.5556   18.40499    1.26743     55.133    26.6689    26.6689    1478.37          3      10807          1  0.000e+00
  430549939    194.124    195.868   3.391559   3.391379    33.9504    33.9496     6.4389     6.4377     6.4217     6.4205     0.0000     0.0000     0.0806    97.6289     0.0010     4.5568   18.41528    1.26814     55.164    26.6693    26.6688    1478.37          3      10808          1  0.000e+00
  430550167    150.693    152.031   3.416606   3.416524    33.8682    33.8669     6.8238     6.8242     6.8101     6.8104     0.0000     0.0000     0.0781    99.4863     0.0002     4.6435   30.88670    2.10929     91.764    26.5529    26.5519    1479.05          6      16258          2  0.000e+00
  430550167    150.775    152.113   3.416593   3.416512    33.8681    33.8671     6.8236     6.8237     6.8099     6.8100     0.0000     0.0000     0.0781    99.4863     0.0002     4.6435   30.89953    2.11018     91.803    26.5529    26.5521    1479.05          6      16259          2  0.000e+00
  430550167    150.731    152.069   3.416547   3.416505    33.8683    33.8672     6.8230     6.8235     6.8092     6.8098     0.0000     0.0000     0.0781    99.5125     0.0002     4.6447   30.91138    2.11102     91.839    26.5531    26.5522    1479.05          6      16260          2  0.000e+00
  430550167    150.693    152.031   3.416527   3.416524    33.8684    33.8675     6.8226     6.8235     6.8089     6.8098     0.0000     0.0000     0.0781    99.4863     0.0002     4.6435   30.92274    2.11180     91.874    26.5533    26.5524    1479.05          6      16261          2  0.000e+00
