ROS/FK009A_CTD039_20130827.ros
* Sea-Bird SBE 9 Data File:
* FileName = C:\Falkor-Data-2013\FK009A\CTD\FK009A_CTD039_20130827.hex
* Software Version Seasave V 7.21f
* Temperature SN = 5483
* Conductivity SN = 3916
* Number of Bytes Per Scan = 41
* Number of Voltage Words = 4
* Number of Scans Averaged by the Deck Unit = 1
* NMEA Latitude = 48 16.04 N
* NMEA Longitude = 125 12.64 W
* NMEA UTC (Time) = Aug 27 2013 23:23:36
* NMEA baud rate = 4800
** Ship: RV Falkor
** Station: TC01
** Operator: CP
# nquan = 27
# nvalues = 539                                   
# units = specified
# name 0 = timeQ: Time, NMEA [seconds]
# name 1 = depSM: Depth [salt water, m]
# name 2 = prDM: Pressure, Digiquartz [db]
# name 3 = c0S/m: Conductivity [S/m]
# name 4 = c1S/m: Conductivity, 2 [S/m]
# name 5 = sal00: Salinity, Practical [PSU]
# name 6 = sal11: Salinity, Practical, 2 [PSU]
# name 7 = t090C: Temperature [ITS-90, deg C]
# name 8 = t190C: Temperature, 2 [ITS-90, deg C]
# name 9 = potemp090C: Potential Temperature [ITS-90, deg C]
# name 10 = potemp190C: Potential Temperature, 2 [ITS-90, deg C]
# name 11 = v2: Voltage 2
# name 12 = v3: Voltage 3
# name 13 = v0: Voltage 0
# name 14 = CStarTr0: Beam Transmission, WET Labs C-Star [%]
# name 15 = CStarAt0: Beam Attenuation, WET Labs C-Star [1/m]
# name 16 = v5: Voltage 5
# name 17 = sbeox0PS: Oxygen, SBE 43 [% saturation]
# name 18 = sbeox0ML/L: Oxygen, SBE 43 [ml/l]
# name 19 = sbeox0Mm/Kg: Oxygen, SBE 43 [umol/Kg]
# name 20 = sigma-é00: Density [sigma-theta, Kg/m^3]
# name 21 = sigma-é11: Density, 2 [sigma-theta, Kg/m^3]
# name 22 = svCM: Sound Velocity [Chen-Millero, m/s]
# name 23 = modError: Modulo Error Count
# name 24 = scan: Scan Count
# name 25 = nbf: Bottles Fired
# name 26 = flag:  0.000e+00
# interval = seconds: 0.0416667
# start_time = Aug 27 2013 23:23:37 [NMEA time, first data scan]
# bad_flag = -9.990e-29
*END*
[from data line 323]
  430962507     60.110     60.629   3.414442   3.414514    33.6115    33.6092     7.1068     7.1100     7.1013     7.1044     0.0000     0.0000     0.0818    98.5184     0.0006     4.5983   27.45720    1.86609     81.203    26.3112    26.3089    1478.33          0      35773          7  0.000e+00
  430962507     60.067     60.585   3.414422   3.414520    33.6114    33.6096     7.1067     7.1097     7.1011     7.1041     0.0000     0.0000     0.0806    98.5184     0.0006     4.5983   27.45849    1.86618     81.207    26.3112    26.3093    1478.33          0      35774          7  0.000e+00
  430962507     60.160     60.680   3.414455   3.414391    33.6114    33.6088     7.1070     7.1089     7.1014     7.1034     0.0000     0.0000     0.0806    98.5184     0.0006     4.5983   27.52518    1.87070     81.404    26.3111    26.3088    1478.33          0      35775          7  0.000e+00
  430962507     60.110     60.629   3.414449   3.414179    33.6115    33.6091     7.1068     7.1063     7.1013     7.1008     0.0000     0.0000     0.0818    98.5184     0.0006     4.5983   27.46820    1.86683     81.235    26.3112    26.3094    1478.33          0      35776          7  0.000e+00
  430962507     60.160     60.680   3.414442   3.414056    33.6116    33.6101     7.1067     7.1039     7.1011     7.0984     0.0000     0.0000     0.0818    98.5184     0.0006     4.5983   27.45309    1.86581     81.191    26.3113    26.3105    1478.33          0      35777          7  0.000e+00
  430962508     60.160     60.680   3.414396   3.413992    33.6111    33.6101     7.1067     7.1031     7.1011     7.0976     0.0000     0.0000     0.0806    98.5184     0.0006     4.5983   27.44783    1.86546     81.176    26.3109    26.3106    1478.33          0      35778          7  0.000e+00
  430962508     60.160     60.680   3.414402   3.413998    33.6113    33.6104     7.1065     7.1030     7.1010     7.0974     0.0000     0.0000     0.0806    98.5184     0.0006     4.5983   27.44115    1.86501     81.156    26.3111    26.3108    1478.33          0      35779          7  0.000e+00
  430962508     60.204     60.724   3.414369   3.413792    33.6113    33.6101     7.1062     7.1009     7.1006     7.0953     0.0000     0.0000     0.0818    98.5184     0.0006     4.5983   27.43320    1.86448     81.133    26.3111    26.3109    1478.33          0      35780          7  0.000e+00
  430962508     60.204     60.724   3.414350   3.413612    33.6112    33.6104     7.1060     7.0986     7.1005     7.0931     0.0000     0.0000     0.0818    98.5184     0.0006     4.5983   27.49003    1.86835     81.302    26.3111    26.3114    1478.33          0      35781          7  0.000e+00
  430962508     60.247     60.768   3.414350   3.413457    33.6113    33.6106     7.1059     7.0966     7.1003     7.0910     0.0000     0.0000     0.0818    98.5184     0.0006     4.5983   27.42382    1.86386     81.106    26.3112    26.3119    1478.33          0      35782          7  0.000e+00
  430962508     60.247     60.768   3.414356   3.413329    33.6117    33.6109     7.1055     7.0948     7.1000     7.0893     0.0000     0.0000     0.0806    98.5184     0.0006     4.5983   27.41094    1.86299     81.068    26.3115    26.3124    1478.33          0      35783          7  0.000e+00
  430962508     60.247     60.768   3.414356   3.413245    33.6117    33.6105     7.1055     7.0943     7.1000     7.0888     0.0000     0.0000     0.0806    98.5184     0.0006     4.5983   27.38464    1.86121     80.990    26.3115    26.3121    1478.33          0      35784          7  0.000e+00
  430962508     60.297     60.818   3.414303   3.413322    33.6113    33.6108     7.1054     7.0948     7.0998     7.0893     0.0000     0.0000     0.0806    98.5184     0.0006     4.5983   27.43495    1.86464     81.140    26.3112    26.3123    1478.33          0      35785          7  0.000e+00
  430962508     60.247     60.768   3.414237   3.413361    33.6112    33.6108     7.1047     7.0953     7.0992     7.0898     0.0000     0.0000     0.0818    98.5184     0.0006     4.5983   27.42812    1.86420     81.121    26.3112    26.3122    1478.32          0      35786          7  0.000e+00
  430962508     60.341     60.862   3.414184   3.413380    33.6116    33.6105     7.1037     7.0958     7.0981     7.0902     0.0000     0.0000     0.0806    98.5184     0.0006     4.5983   27.43187    1.86450     81.134    26.3117    26.3119    1478.32          0      35787          7  0.000e+00
  430962508     60.297     60.818   3.414072   3.413457    33.6114    33.6106     7.1026     7.0966     7.0971     7.0910     0.0000     0.0000     0.0818    98.5184     0.0006     4.5983   27.43369    1.86467     81.141    26.3117    26.3119    1478.32          0      35788          7  0.000e+00
  430962508     60.341     60.862   3.413972   3.413548    33.6112    33.6108     7.1017     7.0974     7.0962     7.0918     0.0000     0.0000     0.0806    98.5184     0.0006     4.5983   27.50076    1.86927     81.341    26.3116    26.3119    1478.31          0      35789          7  0.000e+00
  430962508     60.341     60.862   3.413853   3.413573    33.6113    33.6111     7.1002     7.0974     7.0947     7.0918     0.0000     0.0000     0.0806    98.5969     0.0006     4.6020   27.43256    1.86469     81.142    26.3120    26.3122    1478.31          0      35790          7  0.000e+00
  430962508     60.341     60.862   3.413728   3.413548    33.6108    33.6108     7.0994     7.0974     7.0938     7.0918     0.0000     0.0000     0.0818    98.6230     0.0006     4.6032   27.42927    1.86451     81.134    26.3117    26.3119    1478.30          0      35791          7  0.000e+00
  430962508     60.385     60.906   3.413582   3.413586    33.6107    33.6106     7.0979     7.0980     7.0923     7.0924     0.0000     0.0000     0.0806    98.6230     0.0006     4.6032   27.42474    1.86427     81.124    26.3118    26.3117    1478.30          0      35792          7  0.000e+00
  430962588     50.238     50.670   3.417065   3.416777    33.5195    33.5153     7.2358     7.2368     7.2311     7.2322     0.0000     0.0000     0.0806    98.7015     0.0005     4.6068   30.82623    2.09014     90.961    26.2209    26.2175    1478.55          0      37714          8  0.000e+00
  430962588     50.156     50.588   3.417052   3.416770    33.5195    33.5155     7.2357     7.2367     7.2310     7.2320     0.0000     0.0000     0.0806    98.7015     0.0005     4.6068   30.77252    2.08651     90.802    26.2209    26.2176    1478.55          0      37715          8  0.000e+00
  430962588     50.238     50.670   3.417045   3.416751    33.5196    33.5157     7.2355     7.2362     7.2308     7.2315     0.0000     0.0000     0.0806    98.7015     0.0005     4.6068   30.84092    2.09115     91.005    26.2210    26.2178    1478.55          0      37716          8  0.000e+00
  430962588     50.188     50.620   3.417052   3.416764    33.5195    33.5159     7.2357     7.2362     7.2310     7.2315     0.0000     0.0000     0.0818    98.7015     0.0005     4.6068   30.85397    2.09203     91.043    26.2209    26.2180    1478.55          0      37717          8  0.000e+00
  430962588     50.144     50.576   3.417019   3.416770    33.5190    33.5156     7.2358     7.2365     7.2312     7.2319     0.0000     0.0000     0.0818    98.7015     0.0005     4.6068   30.85521    2.09211     91.046    26.2205    26.2177    1478.55          0      37718          8  0.000e+00
  430962588     50.156     50.588   3.416992   3.416796    33.5176    33.5162     7.2370     7.2362     7.2323     7.2315     0.0000     0.0000     0.0818    98.7015     0.0005     4.6068   30.80181    2.08846     90.887    26.2192    26.2183    1478.55          0      37719          8  0.000e+00
  430962588     50.144     50.576   3.416992   3.416757    33.5167    33.5155     7.2379     7.2365     7.2333     7.2319     0.0000     0.0000     0.0806    98.7015     0.0005     4.6068   30.81544    2.08935     90.926    26.2184    26.2176    1478.55          0      37720          8  0.000e+00
  430962588     50.100     50.532   3.416959   3.416809    33.5156    33.5164     7.2387     7.2362     7.2341     7.2316     0.0000     0.0000     0.0806    98.7015     0.0005     4.6068   30.81806    2.08950     90.933    26.2174    26.2183    1478.55          0      37721          8  0.000e+00
  430962589     50.113     50.544   3.416953   3.416764    33.5150    33.5156     7.2392     7.2365     7.2345     7.2319     0.0000     0.0000     0.0806    98.7015     0.0005     4.6068   30.80956    2.08891     90.907    26.2169    26.2177    1478.55          0      37722          8  0.000e+00
  430962589     50.100     50.532   3.416972   3.416764    33.5151    33.5151     7.2394     7.2370     7.2347     7.2324     0.0000     0.0000     0.0818    98.7015     0.0005     4.6068   30.86716    2.09281     91.077    26.2169    26.2172    1478.55          0      37723          8  0.000e+00
  430962589     50.050     50.481   3.416946   3.416770    33.5146    33.5148     7.2396     7.2375     7.2350     7.2328     0.0000     0.0000     0.0806    98.7015     0.0005     4.6068   30.80314    2.08846     90.888    26.2165    26.2169    1478.55          0      37724          8  0.000e+00
  430962589     50.050     50.481   3.416946   3.416751    33.5140    33.5139     7.2403     7.2381     7.2356     7.2335     0.0000     0.0000     0.0806    98.7015     0.0005     4.6068   30.79411    2.08783     90.860    26.2159    26.2162    1478.56          0      37725          8  0.000e+00
  430962589     50.063     50.494   3.416953   3.416744    33.5140    33.5133     7.2403     7.2386     7.2356     7.2340     0.0000     0.0000     0.0806    98.7015     0.0005     4.6068   30.79700    2.08802     90.869    26.2159    26.2156    1478.56          0      37726          8  0.000e+00
  430962589     50.050     50.481   3.416959   3.416719    33.5136    33.5125     7.2407     7.2392     7.2361     7.2345     0.0000     0.0000     0.0806    98.7015     0.0005     4.6068   30.86641    2.09271     91.073    26.2156    26.2149    1478.56          0      37727          8  0.000e+00
  430962589     49.963     50.393   3.416952   3.416731    33.5131    33.5121     7.2412     7.2398     7.2366     7.2351     0.0000     0.0000     0.0818    98.7015     0.0005     4.6068   30.82637    2.08998     90.954    26.2151    26.2145    1478.56          0      37728          8  0.000e+00
  430962589     50.007     50.437   3.416952   3.416699    33.5130    33.5114     7.2414     7.2402     7.2367     7.2355     0.0000     0.0000     0.0818    98.7015     0.0005     4.6068   30.83080    2.09027     90.967    26.2150    26.2139    1478.56          0      37729          8  0.000e+00
  430962589     49.926     50.356   3.416926   3.416725    33.5129    33.5114     7.2412     7.2405     7.2366     7.2358     0.0000     0.0000     0.0806    98.6492     0.0005     4.6044   30.82338    2.08978     90.945    26.2149    26.2139    1478.56          0      37730          8  0.000e+00
  430962589     49.963     50.393   3.416952   3.416699    33.5127    33.5111     7.2417     7.2405     7.2371     7.2359     0.0000     0.0000     0.0806    98.6230     0.0006     4.6032   30.81641    2.08929     90.924    26.2147    26.2136    1478.56          0      37731          8  0.000e+00
  430962589     49.913     50.343   3.416926   3.416751    33.5127    33.5118     7.2414     7.2403     7.2367     7.2357     0.0000     0.0000     0.0806    98.6230     0.0006     4.6032   30.80913    2.08881     90.903    26.2148    26.2142    1478.56          0      37732          8  0.000e+00
  430962589     49.976     50.406   3.416939   3.416770    33.5125    33.5117     7.2417     7.2406     7.2371     7.2360     0.0000     0.0012     0.0806    98.6230     0.0006     4.6032   30.81409    2.08913     90.917    26.2146    26.2141    1478.56          0      37733          8  0.000e+00
  430962589     49.870     50.299   3.416933   3.416706    33.5125    33.5115     7.2417     7.2402     7.2371     7.2356     0.0000     0.0000     0.0818    98.6230     0.0006     4.6032   30.81887    2.08946     90.931    26.2145    26.2139    1478.56          0      37734          8  0.000e+00
  430962589     49.913     50.343   3.416919   3.416706    33.5123    33.5113     7.2417     7.2403     7.2371     7.2357     0.0000     0.0000     0.0818    98.6230     0.0006     4.6032   30.82473    2.08986     90.949    26.2144    26.2138    1478.56          0      37735          8  0.000e+00
  430962589     49.870     50.299   3.416939   3.416731    33.5123    33.5112     7.2420     7.2408     7.2374     7.2362     0.0000     0.0000     0.0794    98.6230     0.0006     4.6032   30.88503    2.09393     91.126    26.2143    26.2137    1478.56          0      37736          8  0.000e+00
  430962589     49.882     50.312   3.416926   3.416719    33.5121    33.5113     7.2420     7.2405     7.2374     7.2359     0.0000     0.0000     0.0781    98.6230     0.0006     4.6032   30.82411    2.08980     90.946    26.2142    26.2138    1478.56          0      37737          8  0.000e+00
  430962589     49.826     50.255   3.416952   3.416718    33.5124    33.5112     7.2420     7.2406     7.2374     7.2360     0.0000     0.0000     0.0781    98.6230     0.0006     4.6032   30.81774    2.08937     90.927    26.2144    26.2137    1478.56          0      37738          8  0.000e+00
  430962589     49.826     50.255   3.416926   3.416731    33.5120    33.5115     7.2422     7.2405     7.2376     7.2359     0.0000     0.0000     0.0781    98.6230     0.0006     4.6032   30.81158    2.08895     90.909    26.2141    26.2139    1478.56          0      37739          8  0.000e+00
  430962589     49.832     50.261   3.416919   3.416719    33.5119    33.5112     7.2422     7.2406     7.2376     7.2360     0.0000     0.0000     0.0794    98.6230     0.0006     4.6032   30.88345    2.09382     91.121    26.2140    26.2137    1478.56          0      37740          8  0.000e+00
  430962589     49.776     50.205   3.416939   3.416718    33.5123    33.5113     7.2420     7.2406     7.2374     7.2360     0.0000     0.0000     0.0781    98.6230     0.0006     4.6032   30.88844    2.09416     91.136    26.2143    26.2137    1478.56          0      37741          8  0.000e+00
  430962589     49.776     50.205   3.416959   3.416731    33.5121    33.5115     7.2425     7.2405     7.2379     7.2359     0.0000     0.0000     0.0781    98.6230     0.0006     4.6032   30.82698    2.08997     90.954    26.2141    26.2139    1478.56          0      37742          8  0.000e+00
  430962589     49.826     50.255   3.416952   3.416719    33.5118    33.5117     7.2427     7.2402     7.2380     7.2355     0.0000     0.0000     0.0781    98.6230     0.0006     4.6032   30.80871    2.08873     90.900    26.2139    26.2141    1478.56          0      37743          8  0.000e+00
  430962589     49.745     50.173   3.416952   3.416718    33.5117    33.5119     7.2428     7.2400     7.2382     7.2354     0.0000     0.0000     0.0781    98.6230     0.0006     4.6032   30.85562    2.09191     91.038    26.2137    26.2143    1478.56          0      37744          8  0.000e+00
  430962589     49.776     50.205   3.416933   3.416712    33.5115    33.5117     7.2428     7.2401     7.2382     7.2354     0.0000     0.0000     0.0794    98.6230     0.0006     4.6032   30.78105    2.08685     90.818    26.2136    26.2142    1478.56          0      37745          8  0.000e+00
