ROS/FK009A_CTD009_20130820.ros
* Sea-Bird SBE 9 Data File:
* FileName = C:\Falkor-Data-2013\FK009A\CTD\FK009A_CTD009_20130820.hex
* Software Version Seasave V 7.21f
* Temperature SN = 5483
* Conductivity SN = 3916
* Number of Bytes Per Scan = 41
* Number of Voltage Words = 4
* Number of Scans Averaged by the Deck Unit = 1
* NMEA Latitude = 48 18.30 N
* NMEA Longitude = 126 03.32 W
* NMEA UTC (Time) = Aug 20 2013 04:59:49
* NMEA baud rate = 4800
** Ship: RV Falkor
** Station: BCC5
** Operator: Nathan Cunningham
# nquan = 27
# nvalues = 784                                   
# units = specified
# name 0 = timeQ: Time, NMEA [seconds]
# name 1 = depSM: Depth [salt water, m]
# name 2 = prDM: Pressure, Digiquartz [db]
# name 3 = c0S/m: Conductivity [S/m]
# name 4 = c1S/m: Conductivity, 2 [S/m]
# name 5 = sal00: Salinity, Practical [PSU]
# name 6 = sal11: Salinity, Practical, 2 [PSU]
# name 7 = t090C: Temperature [ITS-90, deg C]
# name 8 = t190C: Temperature, 2 [ITS-90, deg C]
# name 9 = potemp090C: Potential Temperature [ITS-90, deg C]
# name 10 = potemp190C: Potential Temperature, 2 [ITS-90, deg C]
# name 11 = v2: Voltage 2
# name 12 = v3: Voltage 3
# name 13 = v0: Voltage 0
# name 14 = CStarTr0: Beam Transmission, WET Labs C-Star [%]
# name 15 = CStarAt0: Beam Attenuation, WET Labs C-Star [1/m]
# name 16 = v5: Voltage 5
# name 17 = sbeox0PS: Oxygen, SBE 43 [% saturation]
# name 18 = sbeox0ML/L: Oxygen, SBE 43 [ml/l]
# name 19 = sbeox0Mm/Kg: Oxygen, SBE 43 [umol/Kg]
# name 20 = sigma-é00: Density [sigma-theta, Kg/m^3]
# name 21 = sigma-é11: Density, 2 [sigma-theta, Kg/m^3]
# name 22 = svCM: Sound Velocity [Chen-Millero, m/s]
# name 23 = modError: Modulo Error Count
# name 24 = scan: Scan Count
# name 25 = nbf: Bottles Fired
# name 26 = flag:  0.000e+00
# interval = seconds: 0.0416667
# start_time = Aug 20 2013 04:59:49 [NMEA time, first data scan]
# bad_flag = -9.990e-29
*END*
[from data line 54]
  430291702    987.794    998.576   3.221485   3.221253    34.3695    34.3685     3.7154     3.7137     3.6422     3.6406     3.5556     0.6007     0.0781    99.4601     0.0002     4.6422    3.25687    0.23860     10.373    27.3207    27.3201    1481.04          0      41104          2  0.000e+00
  430291702    987.743    998.525   3.221460   3.221134    34.3695    34.3671     3.7150     3.7136     3.6419     3.6405     3.5568     0.6007     0.0769    99.4601     0.0002     4.6422    3.27069    0.23962     10.417    27.3208    27.3190    1481.04          0      41105          2  0.000e+00
  430291702    987.743    998.525   3.221434   3.221209    34.3691    34.3680     3.7152     3.7137     3.6421     3.6406     3.5568     0.6007     0.0781    99.4601     0.0002     4.6422    3.28376    0.24057     10.458    27.3204    27.3197    1481.04          0      41106          2  0.000e+00
  430291702    987.699    998.480   3.221447   3.221247    34.3695    34.3686     3.7149     3.7135     3.6418     3.6404     3.5568     0.6020     0.0781    99.4601     0.0002     4.6422    3.29605    0.24147     10.497    27.3208    27.3202    1481.04          0      41107          2  0.000e+00
  430291702    987.648    998.429   3.221434   3.221222    34.3695    34.3685     3.7149     3.7134     3.6417     3.6403     3.5568     0.6007     0.0769    99.4601     0.0002     4.6422    3.22617    0.23636     10.275    27.3208    27.3202    1481.04          0      41108          2  0.000e+00
  430291702    987.553    998.333   3.221447   3.221253    34.3700    34.3690     3.7146     3.7133     3.6415     3.6402     3.5568     0.6032     0.0781    99.4601     0.0002     4.6422    3.30060    0.24181     10.512    27.3212    27.3205    1481.04          0      41109          2  0.000e+00
  430291702    987.604    998.384   3.221453   3.221253    34.3695    34.3687     3.7150     3.7135     3.6419     3.6404     3.5568     0.6007     0.0781    99.4601     0.0002     4.6422    3.31138    0.24260     10.546    27.3208    27.3203    1481.04          0      41110          2  0.000e+00
  430291702    987.509    998.288   3.221434   3.221222    34.3694    34.3687     3.7150     3.7133     3.6419     3.6402     3.5568     0.6007     0.0781    99.4601     0.0002     4.6422    3.32133    0.24333     10.578    27.3207    27.3203    1481.04          0      41111          2  0.000e+00
  430291702    987.458    998.236   3.221447   3.221215    34.3695    34.3684     3.7150     3.7135     3.6419     3.6404     3.5568     0.6020     0.0781    99.4601     0.0002     4.6422    3.24915    0.23804     10.348    27.3208    27.3200    1481.04          0      41112          2  0.000e+00
  430291702    987.363    998.140   3.221434   3.221215    34.3694    34.3686     3.7150     3.7133     3.6419     3.6402     3.5556     0.6032     0.0781    99.4601     0.0002     4.6422    3.23988    0.23736     10.319    27.3207    27.3203    1481.03          0      41113          2  0.000e+00
  430291702    987.414    998.191   3.221427   3.221215    34.3695    34.3685     3.7149     3.7134     3.6418     3.6403     3.5568     0.6007     0.0781    99.4601     0.0002     4.6422    3.23069    0.23669     10.289    27.3208    27.3202    1481.03          0      41114          2  0.000e+00
  430291702    987.319    998.095   3.221447   3.221234    34.3699    34.3688     3.7147     3.7134     3.6417     3.6403     3.5556     0.6007     0.0769    99.4601     0.0002     4.6422    3.24064    0.23742     10.321    27.3211    27.3204    1481.03          0      41115          2  0.000e+00
  430291702    987.268    998.044   3.221414   3.221222    34.3694    34.3685     3.7149     3.7135     3.6418     3.6405     3.5568     0.6007     0.0781    99.4601     0.0002     4.6422    3.31355    0.24276     10.553    27.3207    27.3202    1481.03          0      41116          2  0.000e+00
  430291702    987.268    998.044   3.221440   3.221215    34.3697    34.3685     3.7149     3.7135     3.6418     3.6404     3.5556     0.6007     0.0769    99.4601     0.0002     4.6422    3.24139    0.23747     10.323    27.3209    27.3202    1481.03          0      41117          2  0.000e+00
  430291702    987.129    997.903   3.221434   3.221190    34.3697    34.3682     3.7149     3.7135     3.6418     3.6405     3.5568     0.6007     0.0781    99.4601     0.0002     4.6422    3.23211    0.23679     10.294    27.3210    27.3199    1481.03          0      41118          2  0.000e+00
  430291702    987.129    997.903   3.221446   3.221203    34.3698    34.3684     3.7149     3.7135     3.6418     3.6405     3.5568     0.6007     0.0781    99.4601     0.0002     4.6422    3.22288    0.23611     10.264    27.3211    27.3200    1481.03          0      41119          2  0.000e+00
  430291702    987.078    997.851   3.221433   3.221215    34.3696    34.3687     3.7150     3.7134     3.6420     3.6403     3.5568     0.6020     0.0781    99.4601     0.0002     4.6422    3.21364    0.23544     10.235    27.3208    27.3203    1481.03          0      41120          2  0.000e+00
  430291702    987.034    997.806   3.221401   3.221215    34.3695    34.3688     3.7147     3.7133     3.6417     3.6403     3.5568     0.6020     0.0781    99.4601     0.0002     4.6422    3.28578    0.24072     10.465    27.3208    27.3204    1481.03          0      41121          2  0.000e+00
  430291702    986.939    997.710   3.221414   3.221215    34.3697    34.3686     3.7147     3.7135     3.6417     3.6405     3.5568     0.6020     0.0794    99.4601     0.0002     4.6422    3.31341    0.24275     10.553    27.3210    27.3202    1481.03          0      41122          2  0.000e+00
  430291702    986.939    997.710   3.221427   3.221215    34.3697    34.3688     3.7149     3.7134     3.6419     3.6403     3.5568     0.6020     0.0794    99.4601     0.0002     4.6422    3.34107    0.24477     10.641    27.3209    27.3204    1481.03          0      41123          2  0.000e+00
  430291702    986.888    997.659   3.221401   3.221190    34.3696    34.3685     3.7147     3.7134     3.6417     3.6403     3.5568     0.6007     0.0794    99.4601     0.0002     4.6422    3.33029    0.24398     10.607    27.3209    27.3202    1481.02          0      41124          2  0.000e+00
  430291703    986.793    997.563   3.221440   3.221184    34.3699    34.3685     3.7149     3.7133     3.6419     3.6403     3.5568     0.6032     0.0781    99.4601     0.0002     4.6422    3.33717    0.24449     10.628    27.3211    27.3202    1481.02          0      41125          2  0.000e+00
  430291703    986.793    997.563   3.221362   3.221209    34.3690    34.3686     3.7149     3.7135     3.6418     3.6405     3.5556     0.6007     0.0781    99.4601     0.0002     4.6422    3.26194    0.23898     10.389    27.3204    27.3202    1481.02          0      41126          2  0.000e+00
  430291703    986.698    997.466   3.221401   3.221234    34.3697    34.3691     3.7147     3.7134     3.6417     3.6403     3.5556     0.6007     0.0781    99.4601     0.0002     4.6422    3.24961    0.23807     10.350    27.3210    27.3207    1481.02          0      41127          2  0.000e+00
  430291703    986.654    997.421   3.221382   3.221203    34.3696    34.3688     3.7146     3.7134     3.6415     3.6404     3.5556     0.6007     0.0781    99.4601     0.0002     4.6422    3.23730    0.23717     10.310    27.3209    27.3204    1481.02          0      41128          2  0.000e+00
  430291703    986.603    997.370   3.221388   3.221184    34.3696    34.3680     3.7147     3.7140     3.6417     3.6409     3.5556     0.6007     0.0781    99.4601     0.0002     4.6422    3.22498    0.23627     10.271    27.3209    27.3197    1481.02          0      41129          2  0.000e+00
  430291703    986.603    997.370   3.221395   3.221203    34.3694    34.3686     3.7150     3.7135     3.6420     3.6405     3.5556     0.6007     0.0781    99.4601     0.0002     4.6422    3.21268    0.23537     10.232    27.3207    27.3202    1481.02          0      41130          2  0.000e+00
  430291703    986.508    997.274   3.221394   3.221215    34.3694    34.3683     3.7150     3.7140     3.6420     3.6410     3.5556     0.6020     0.0794    99.4601     0.0002     4.6422    3.20035    0.23446     10.193    27.3207    27.3199    1481.02          0      41131          2  0.000e+00
  430291703    986.508    997.274   3.221369   3.221215    34.3691    34.3685     3.7150     3.7139     3.6420     3.6408     3.5568     0.6020     0.0781    99.4340     0.0002     4.6410    3.18806    0.23356     10.154    27.3205    27.3201    1481.02          0      41132          2  0.000e+00
  430291703    986.413    997.178   3.221414   3.221215    34.3697    34.3686     3.7150     3.7138     3.6420     3.6408     3.5556     0.6020     0.0781    99.4601     0.0002     4.6422    3.17573    0.23266     10.114    27.3209    27.3202    1481.02          0      41133          2  0.000e+00
  430291703    986.369    997.133   3.221401   3.221171    34.3694    34.3680     3.7152     3.7139     3.6422     3.6409     3.5556     0.6007     0.0781    99.4340     0.0002     4.6410    3.16341    0.23176     10.075    27.3207    27.3197    1481.02          0      41134          2  0.000e+00
  430291703    986.369    997.133   3.221394   3.221177    34.3693    34.3683     3.7152     3.7137     3.6422     3.6407     3.5556     0.6020     0.0794    99.4340     0.0002     4.6410    3.15112    0.23086     10.036    27.3206    27.3199    1481.02          0      41135          2  0.000e+00
  430291703    986.318    997.081   3.221394   3.221165    34.3690    34.3683     3.7155     3.7135     3.6425     3.6405     3.5568     0.6007     0.0781    99.4340     0.0002     4.6410    3.13881    0.22995      9.997    27.3204    27.3200    1481.02          0      41136          2  0.000e+00
  430291703    986.223    996.985   3.221420   3.221196    34.3697    34.3685     3.7152     3.7138     3.6422     3.6408     3.5556     0.6020     0.0781    99.4340     0.0002     4.6410    3.14569    0.23046     10.018    27.3209    27.3201    1481.02          0      41137          2  0.000e+00
  430291703    986.255    997.017   3.221401   3.221190    34.3693    34.3685     3.7154     3.7137     3.6424     3.6407     3.5568     0.6007     0.0781    99.4340     0.0002     4.6410    3.15338    0.23102     10.043    27.3206    27.3201    1481.02          0      41138          2  0.000e+00
  430291703    986.179    996.940   3.221433   3.221183    34.3699    34.3685     3.7152     3.7137     3.6422     3.6407     3.5568     0.6020     0.0794    99.4340     0.0002     4.6410    3.16181    0.23164     10.070    27.3210    27.3201    1481.01          0      41139          2  0.000e+00
  430291703    986.179    996.940   3.221433   3.221165    34.3697    34.3677     3.7154     3.7142     3.6424     3.6412     3.5568     0.6020     0.0794    99.4340     0.0002     4.6410    3.15182    0.23091     10.038    27.3209    27.3195    1481.02          0      41140          2  0.000e+00
  430291703    986.084    996.844   3.221375   3.221158    34.3690    34.3683     3.7154     3.7136     3.6424     3.6407     3.5568     0.6007     0.0781    99.4340     0.0002     4.6410    3.22316    0.23613     10.265    27.3204    27.3199    1481.01          0      41141          2  0.000e+00
  430291703    986.128    996.889   3.221414   3.221177    34.3694    34.3684     3.7155     3.7137     3.6425     3.6407     3.5568     0.6007     0.0781    99.4340     0.0002     4.6410    3.23086    0.23670     10.290    27.3206    27.3200    1481.01          0      41142          2  0.000e+00
  430291703    986.033    996.793   3.221401   3.221183    34.3695    34.3685     3.7152     3.7137     3.6422     3.6407     3.5568     0.6020     0.0781    99.4340     0.0002     4.6410    3.23774    0.23720     10.312    27.3208    27.3201    1481.01          0      41143          2  0.000e+00
  430291703    985.989    996.748   3.221433   3.221183    34.3697    34.3687     3.7155     3.7135     3.6425     3.6406     3.5568     0.6020     0.0794    99.4340     0.0002     4.6410    3.16250    0.23169     10.072    27.3209    27.3203    1481.01          0      41144          2  0.000e+00
  430291703    985.989    996.748   3.221368   3.221183    34.3692    34.3686     3.7152     3.7136     3.6422     3.6407     3.5568     0.6007     0.0794    99.4340     0.0002     4.6410    3.06885    0.22483      9.774    27.3205    27.3202    1481.01          0      41145          2  0.000e+00
  430291703    985.938    996.696   3.221355   3.221165    34.3689    34.3682     3.7154     3.7139     3.6424     3.6409     3.5568     0.6007     0.0794    99.4340     0.0002     4.6410    3.12023    0.22859      9.937    27.3203    27.3199    1481.01          0      41146          2  0.000e+00
  430291703    985.894    996.651   3.221362   3.221158    34.3692    34.3681     3.7152     3.7139     3.6422     3.6409     3.5568     0.6007     0.0794    99.4340     0.0002     4.6410    3.10870    0.22775      9.901    27.3205    27.3198    1481.01          0      41147          2  0.000e+00
  430292231    798.428    806.774   3.242405   3.242155    34.2986    34.2974     4.1147     4.1129     4.0543     4.0526     3.5604     0.6300     0.0781   100.1141    -0.0000     4.6728    3.26088    0.23671     10.291    27.2225    27.2218    1479.45          0      53820          3  0.000e+00
  430292232    798.428    806.774   3.242425   3.242173    34.2989    34.2978     4.1146     4.1128     4.0543     4.0525     3.5604     0.6300     0.0781   100.0880    -0.0000     4.6716    3.24461    0.23552     10.240    27.2228    27.2221    1479.45          0      53821          3  0.000e+00
  430292232    798.473    806.819   3.242412   3.242142    34.2986    34.2971     4.1147     4.1130     4.0543     4.0527     3.5604     0.6288     0.0794   100.0880    -0.0000     4.6716    3.24463    0.23553     10.240    27.2226    27.2216    1479.45          0      53822          3  0.000e+00
  430292232    798.428    806.774   3.242386   3.242123    34.2985    34.2970     4.1145     4.1129     4.0542     4.0526     3.5604     0.6288     0.0781   100.0880    -0.0000     4.6716    3.24391    0.23547     10.238    27.2225    27.2215    1479.45          0      53823          3  0.000e+00
  430292232    798.378    806.723   3.242418   3.242142    34.2990    34.2970     4.1144     4.1132     4.0541     4.0530     3.5604     0.6300     0.0781   100.0880    -0.0000     4.6716    3.16428    0.22969      9.986    27.2229    27.2214    1479.45          0      53824          3  0.000e+00
  430292232    798.390    806.736   3.242392   3.242173    34.2986    34.2973     4.1145     4.1132     4.0542     4.0530     3.5604     0.6300     0.0781   100.0880    -0.0000     4.6716    3.14590    0.22836      9.928    27.2226    27.2217    1479.45          0      53825          3  0.000e+00
  430292232    798.428    806.774   3.242379   3.242186    34.2984    34.2973     4.1145     4.1134     4.0542     4.0531     3.5604     0.6288     0.0781   100.0880    -0.0000     4.6716    3.22340    0.23399     10.173    27.2225    27.2217    1479.45          0      53826          3  0.000e+00
  430292232    798.378    806.723   3.242399   3.242186    34.2988    34.2971     4.1144     4.1136     4.0541     4.0533     3.5604     0.6288     0.0794   100.0880    -0.0000     4.6716    3.23965    0.23517     10.224    27.2227    27.2215    1479.45          0      53827          3  0.000e+00
  430292232    798.378    806.723   3.242444   3.242205    34.2989    34.2974     4.1148     4.1136     4.0545     4.0533     3.5604     0.6300     0.0781   100.0880    -0.0000     4.6716    3.17772    0.23067     10.029    27.2228    27.2217    1479.45          0      53828          3  0.000e+00
