ROS/FK009A_CTD034_20130826.ros
* Sea-Bird SBE 9 Data File:
* FileName = C:\Falkor-Data-2013\FK009A\CTD\FK009A_CTD034_20130826.hex
* Software Version Seasave V 7.21f
* Temperature SN = 5483
* Conductivity SN = 3916
* Number of Bytes Per Scan = 41
* Number of Voltage Words = 4
* Number of Scans Averaged by the Deck Unit = 1
* NMEA Latitude = 48 39.37 N
* NMEA Longitude = 125 34.59 W
* NMEA UTC (Time) = Aug 26 2013 21:47:53
* NMEA baud rate = 4800
** Ship: RV Falkor
** Station: Susan01
** Operator: CP
# nquan = 27
# nvalues = 588                                   
# units = specified
# name 0 = timeQ: Time, NMEA [seconds]
# name 1 = depSM: Depth [salt water, m]
# name 2 = prDM: Pressure, Digiquartz [db]
# name 3 = c0S/m: Conductivity [S/m]
# name 4 = c1S/m: Conductivity, 2 [S/m]
# name 5 = sal00: Salinity, Practical [PSU]
# name 6 = sal11: Salinity, Practical, 2 [PSU]
# name 7 = t090C: Temperature [ITS-90, deg C]
# name 8 = t190C: Temperature, 2 [ITS-90, deg C]
# name 9 = potemp090C: Potential Temperature [ITS-90, deg C]
# name 10 = potemp190C: Potential Temperature, 2 [ITS-90, deg C]
# name 11 = v2: Voltage 2
# name 12 = v3: Voltage 3
# name 13 = v0: Voltage 0
# name 14 = CStarTr0: Beam Transmission, WET Labs C-Star [%]
# name 15 = CStarAt0: Beam Attenuation, WET Labs C-Star [1/m]
# name 16 = v5: Voltage 5
# name 17 = sbeox0PS: Oxygen, SBE 43 [% saturation]
# name 18 = sbeox0ML/L: Oxygen, SBE 43 [ml/l]
# name 19 = sbeox0Mm/Kg: Oxygen, SBE 43 [umol/Kg]
# name 20 = sigma-é00: Density [sigma-theta, Kg/m^3]
# name 21 = sigma-é11: Density, 2 [sigma-theta, Kg/m^3]
# name 22 = svCM: Sound Velocity [Chen-Millero, m/s]
# name 23 = modError: Modulo Error Count
# name 24 = scan: Scan Count
# name 25 = nbf: Bottles Fired
# name 26 = flag:  0.000e+00
# interval = seconds: 0.0416667
# start_time = Aug 26 2013 21:47:53 [NMEA time, first data scan]
# bad_flag = -9.990e-29
*END*
[from data line 269]
  430870228     75.133     75.787   3.418655   3.418454    33.5084    33.5067     7.2526     7.2521     7.2456     7.2451     0.0000     0.0000     0.0879    98.0998     0.0008     4.5788   33.43021    2.26600     98.615    26.2102    26.2089    1479.01          0      32523          6  0.000e+00
  430870228     75.070     75.724   3.418649   3.418492    33.5087    33.5072     7.2522     7.2521     7.2452     7.2451     0.0000     0.0000     0.0879    98.0998     0.0008     4.5788   33.42233    2.26548     98.592    26.2104    26.2092    1479.01          0      32524          6  0.000e+00
  430870228     75.039     75.693   3.418662   3.418467    33.5093    33.5075     7.2518     7.2514     7.2448     7.2444     0.0000     0.0000     0.0867    98.0998     0.0008     4.5788   33.42651    2.26578     98.605    26.2110    26.2096    1479.01          0      32525          6  0.000e+00
  430870229     75.070     75.724   3.418616   3.418428    33.5088    33.5080     7.2518     7.2505     7.2448     7.2435     0.0000     0.0000     0.0867    98.0998     0.0008     4.5788   33.43142    2.26612     98.620    26.2106    26.2101    1479.01          0      32526          6  0.000e+00
  430870229     75.070     75.724   3.418602   3.418383    33.5085    33.5079     7.2519     7.2501     7.2449     7.2431     0.0000     0.0000     0.0879    98.0998     0.0008     4.5788   33.50310    2.27097     98.831    26.2103    26.2101    1479.01          0      32527          6  0.000e+00
  430870229     75.089     75.743   3.418602   3.418389    33.5085    33.5080     7.2519     7.2500     7.2449     7.2430     0.0000     0.0000     0.0867    98.0998     0.0008     4.5788   33.44151    2.26680     98.650    26.2103    26.2102    1479.01          0      32528          6  0.000e+00
  430870229     75.070     75.724   3.418649   3.418376    33.5089    33.5080     7.2521     7.2499     7.2451     7.2429     0.0000     0.0000     0.0867    98.0998     0.0008     4.5788   33.36829    2.26182     98.433    26.2106    26.2102    1479.01          0      32529          6  0.000e+00
  430870229     75.070     75.724   3.418669   3.418434    33.5092    33.5087     7.2519     7.2498     7.2449     7.2428     0.0000     0.0000     0.0867    98.0998     0.0008     4.5788   33.41710    2.26513     98.577    26.2109    26.2108    1479.01          0      32530          6  0.000e+00
  430870229     75.039     75.693   3.418649   3.418409    33.5087    33.5084     7.2522     7.2499     7.2452     7.2429     0.0000     0.0000     0.0867    98.0998     0.0008     4.5788   33.41075    2.26469     98.558    26.2104    26.2105    1479.01          0      32531          6  0.000e+00
  430870229     75.027     75.680   3.418636   3.418428    33.5087    33.5083     7.2521     7.2502     7.2451     7.2432     0.0000     0.0000     0.0879    98.0998     0.0008     4.5788   33.40450    2.26428     98.540    26.2105    26.2104    1479.01          0      32532          6  0.000e+00
  430870229     74.952     75.605   3.418636   3.418473    33.5088    33.5084     7.2521     7.2506     7.2451     7.2437     0.0000     0.0000     0.0867    98.0998     0.0008     4.5788   33.39797    2.26383     98.521    26.2105    26.2104    1479.01          0      32533          6  0.000e+00
  430870229     74.983     75.636   3.418655   3.418486    33.5088    33.5076     7.2522     7.2516     7.2453     7.2446     0.0000     0.0000     0.0867    98.0998     0.0008     4.5788   33.39190    2.26341     98.502    26.2105    26.2096    1479.01          0      32534          6  0.000e+00
  430870229     74.933     75.586   3.418669   3.418499    33.5085    33.5070     7.2527     7.2524     7.2457     7.2454     0.0000     0.0000     0.0867    98.0998     0.0008     4.5788   33.39738    2.26376     98.518    26.2102    26.2090    1479.01          0      32535          6  0.000e+00
  430870229     74.902     75.554   3.418669   3.418512    33.5085    33.5070     7.2527     7.2525     7.2457     7.2456     0.0000     0.0000     0.0867    98.0998     0.0008     4.5788   33.40345    2.26417     98.535    26.2102    26.2091    1479.01          0      32536          6  0.000e+00
  430870229     74.890     75.542   3.418669   3.418479    33.5085    33.5065     7.2527     7.2527     7.2457     7.2458     0.0000     0.0000     0.0879    98.0998     0.0008     4.5788   33.41007    2.26462     98.555    26.2102    26.2086    1479.01          0      32537          6  0.000e+00
  430870229     74.840     75.491   3.418642   3.418454    33.5081    33.5067     7.2529     7.2522     7.2459     7.2453     0.0000     0.0000     0.0867    98.0998     0.0008     4.5788   33.47152    2.26879     98.736    26.2099    26.2089    1479.01          0      32538          6  0.000e+00
  430870229     74.765     75.416   3.418655   3.418428    33.5082    33.5069     7.2530     7.2518     7.2461     7.2448     0.0000     0.0000     0.0867    98.0998     0.0008     4.5788   33.47739    2.26918     98.753    26.2099    26.2091    1479.01          0      32539          6  0.000e+00
  430870229     74.702     75.353   3.418669   3.418408    33.5086    33.5072     7.2527     7.2513     7.2458     7.2443     0.0000     0.0000     0.0867    98.0998     0.0008     4.5788   33.48286    2.26956     98.770    26.2103    26.2094    1479.01          0      32540          6  0.000e+00
  430870229     74.677     75.328   3.418596   3.418396    33.5085    33.5075     7.2521     7.2508     7.2451     7.2439     0.0000     0.0000     0.0867    98.0998     0.0008     4.5788   33.42159    2.26544     98.590    26.2103    26.2097    1479.00          0      32541          6  0.000e+00
  430870229     74.615     75.265   3.418549   3.418434    33.5089    33.5081     7.2511     7.2506     7.2442     7.2437     0.0000     0.0000     0.0879    98.1260     0.0008     4.5800   33.41518    2.26505     98.573    26.2108    26.2102    1479.00          0      32542          6  0.000e+00
  430870229     74.615     75.265   3.418543   3.418466    33.5089    33.5081     7.2511     7.2510     7.2441     7.2440     0.0000     0.0000     0.0879    98.1521     0.0007     4.5812   33.34254    2.26013     98.359    26.2108    26.2102    1479.00          0      32543          6  0.000e+00
  430870229     74.534     75.183   3.418569   3.418479    33.5095    33.5083     7.2508     7.2510     7.2439     7.2441     0.0000     0.0000     0.0867    98.1521     0.0007     4.5812   33.40340    2.26426     98.539    26.2112    26.2103    1479.00          0      32544          6  0.000e+00
  430870229     74.472     75.120   3.418596   3.418447    33.5098    33.5078     7.2508     7.2513     7.2439     7.2443     0.0000     0.0000     0.0867    98.1521     0.0007     4.5812   33.40981    2.26469     98.558    26.2115    26.2098    1479.00          0      32545          6  0.000e+00
  430870229     74.472     75.120   3.418602   3.418499    33.5097    33.5078     7.2510     7.2518     7.2440     7.2448     0.0000     0.0000     0.0867    98.1521     0.0007     4.5812   33.41695    2.26516     98.578    26.2114    26.2098    1479.00          0      32546          6  0.000e+00
  430870229     74.397     75.044   3.418649   3.418557    33.5100    33.5078     7.2513     7.2524     7.2443     7.2455     0.0000     0.0000     0.0879    98.1521     0.0007     4.5812   33.42424    2.26564     98.599    26.2115    26.2097    1479.00          0      32547          6  0.000e+00
  430870318     59.764     60.282   3.454196   3.453790    33.2317    33.2312     7.9479     7.9438     7.9420     7.9380     0.0000     0.0000     0.1331    97.4197     0.0010     4.5470   36.33633    2.42877    105.731    25.8937    25.8939    1481.07          0      34685          7  0.000e+00
  430870319     59.813     60.332   3.454322   3.453958    33.2313    33.2307     7.9497     7.9462     7.9438     7.9403     0.0000     0.0000     0.1331    97.4197     0.0010     4.5470   36.33743    2.42875    105.730    25.8931    25.8932    1481.08          0      34686          7  0.000e+00
  430870319     59.764     60.282   3.454402   3.454035    33.2312    33.2303     7.9508     7.9476     7.9449     7.9417     0.0000     0.0000     0.1343    97.4197     0.0010     4.5470   36.34038    2.42889    105.736    25.8928    25.8926    1481.08          0      34687          7  0.000e+00
  430870319     59.813     60.332   3.454415   3.454048    33.2304    33.2299     7.9517     7.9481     7.9458     7.9423     0.0000     0.0000     0.1331    97.4197     0.0010     4.5470   36.34609    2.42923    105.751    25.8921    25.8922    1481.09          0      34688          7  0.000e+00
  430870319     59.857     60.376   3.454322   3.454055    33.2307    33.2303     7.9503     7.9477     7.9444     7.9418     0.0000     0.0000     0.1331    97.3935     0.0011     4.5458   36.36561    2.43061    105.811    25.8926    25.8927    1481.08          0      34689          7  0.000e+00
  430870319     59.857     60.376   3.454315   3.454022    33.2309    33.2303     7.9500     7.9473     7.9441     7.9415     0.0000     0.0000     0.1331    97.4197     0.0010     4.5470   36.44201    2.43573    106.034    25.8928    25.8927    1481.08          0      34690          7  0.000e+00
  430870319     59.901     60.420   3.454329   3.454061    33.2309    33.2301     7.9501     7.9480     7.9443     7.9421     0.0000     0.0000     0.1331    97.4197     0.0010     4.5470   36.46561    2.43730    106.102    25.8927    25.8924    1481.08          0      34691          7  0.000e+00
  430870319     59.901     60.420   3.454329   3.454081    33.2311    33.2297     7.9500     7.9486     7.9441     7.9427     0.0000     0.0000     0.1331    97.4197     0.0010     4.5470   36.43650    2.43536    106.018    25.8929    25.8920    1481.08          0      34692          7  0.000e+00
  430870319     59.951     60.471   3.454275   3.454061    33.2306    33.2298     7.9498     7.9483     7.9439     7.9424     0.0000     0.0000     0.1331    97.4197     0.0010     4.5470   36.45371    2.43652    106.069    25.8926    25.8921    1481.08          0      34693          7  0.000e+00
  430870319     59.951     60.471   3.454142   3.453958    33.2306    33.2295     7.9483     7.9475     7.9425     7.9416     0.0000     0.0000     0.1355    97.4197     0.0010     4.5470   36.47304    2.43790    106.128    25.8928    25.8920    1481.08          0      34694          7  0.000e+00
  430870319     59.951     60.471   3.453943   3.453828    33.2316    33.2308     7.9450     7.9446     7.9391     7.9388     0.0000     0.0000     0.1380    97.4197     0.0010     4.5470   36.49473    2.43951    106.199    25.8941    25.8934    1481.07          0      34695          7  0.000e+00
  430870319     59.994     60.515   3.453863   3.453608    33.2326    33.2311     7.9430     7.9418     7.9372     7.9359     0.0000     0.0000     0.1380    97.4197     0.0010     4.5470   36.57324    2.44485    106.431    25.8951    25.8941    1481.06          0      34696          7  0.000e+00
  430870319     60.038     60.559   3.453830   3.453421    33.2333    33.2328     7.9419     7.9379     7.9361     7.9320     0.0000     0.0000     0.1392    97.4197     0.0010     4.5470   36.54391    2.44294    106.348    25.8958    25.8960    1481.06          0      34697          7  0.000e+00
  430870319     60.088     60.609   3.453890   3.453324    33.2329    33.2325     7.9430     7.9371     7.9372     7.9312     0.0000     0.0000     0.1380    97.4197     0.0010     4.5470   36.57165    2.44474    106.426    25.8953    25.8959    1481.06          0      34698          7  0.000e+00
  430870319     60.132     60.653   3.453937   3.453324    33.2323    33.2326     7.9442     7.9369     7.9383     7.9310     0.0000     0.0000     0.1380    97.4197     0.0010     4.5470   36.66750    2.45110    106.703    25.8947    25.8960    1481.07          0      34699          7  0.000e+00
  430870319     60.132     60.653   3.453996   3.453356    33.2329    33.2331     7.9442     7.9368     7.9383     7.9309     0.0000     0.0000     0.1380    97.4197     0.0010     4.5470   36.69872    2.45318    106.793    25.8952    25.8964    1481.07          0      34700          7  0.000e+00
  430870319     60.181     60.703   3.453963   3.453376    33.2321    33.2322     7.9446     7.9379     7.9387     7.9320     0.0000     0.0000     0.1380    97.4197     0.0010     4.5470   36.79737    2.45976    107.080    25.8945    25.8956    1481.07          0      34701          7  0.000e+00
  430870319     60.269     60.791   3.453877   3.453414    33.2320    33.2323     7.9437     7.9382     7.9378     7.9323     0.0000     0.0000     0.1392    97.3935     0.0011     4.5458   36.84236    2.46282    107.213    25.8946    25.8956    1481.07          0      34702          7  0.000e+00
  430870319     60.319     60.842   3.453810   3.453492    33.2327    33.2328     7.9423     7.9385     7.9363     7.9326     0.0000     0.0000     0.1380    97.4197     0.0010     4.5470   36.88813    2.46595    107.349    25.8953    25.8959    1481.06          0      34703          7  0.000e+00
  430870319     60.319     60.842   3.453770   3.453576    33.2331    33.2320     7.9413     7.9403     7.9354     7.9344     0.0000     0.0000     0.1380    97.3673     0.0011     4.5446   36.92307    2.46833    107.453    25.8958    25.8950    1481.06          0      34704          7  0.000e+00
  430870319     60.406     60.930   3.453784   3.453609    33.2334    33.2310     7.9411     7.9417     7.9352     7.9358     0.0000     0.0000     0.1380    97.3673     0.0011     4.5446   37.03619    2.47589    107.782    25.8960    25.8940    1481.06          0      34705          7  0.000e+00
  430870319     60.406     60.930   3.453744   3.453615    33.2327    33.2317     7.9415     7.9411     7.9355     7.9352     0.0000     0.0000     0.1380    97.3673     0.0011     4.5446   37.08301    2.47902    107.918    25.8954    25.8947    1481.06          0      34706          7  0.000e+00
  430870319     60.500     61.024   3.453751   3.453518    33.2322    33.2316     7.9419     7.9400     7.9360     7.9340     0.0000     0.0000     0.1392    97.3412     0.0011     4.5433   37.13028    2.48216    108.055    25.8950    25.8948    1481.06          0      34707          7  0.000e+00
  430870319     60.500     61.024   3.453737   3.453499    33.2321    33.2320     7.9419     7.9394     7.9360     7.9334     0.0000     0.0000     0.1392    97.3673     0.0011     4.5446   37.17712    2.48529    108.192    25.8949    25.8952    1481.06          0      34708          7  0.000e+00
  430870319     60.593     61.119   3.453711   3.453421    33.2330    33.2319     7.9407     7.9385     7.9347     7.9326     0.0000     0.0000     0.1380    97.3673     0.0011     4.5446   37.21301    2.48775    108.298    25.8958    25.8952    1481.06          0      34709          7  0.000e+00
  430870320     60.593     61.119   3.453624   3.453395    33.2338    33.2324     7.9389     7.9377     7.9329     7.9318     0.0000     0.0000     0.1380    97.3673     0.0011     4.5446   37.24803    2.49018    108.404    25.8966    25.8957    1481.06          0      34710          7  0.000e+00
  430870320     60.687     61.213   3.453511   3.453324    33.2337    33.2324     7.9376     7.9369     7.9317     7.9310     0.0000     0.0000     0.1380    97.3673     0.0011     4.5446   37.21716    2.48819    108.317    25.8968    25.8958    1481.05          0      34711          7  0.000e+00
  430870320     60.730     61.257   3.453432   3.453246    33.2341    33.2326     7.9363     7.9358     7.9304     7.9298     0.0000     0.0000     0.1380    97.3673     0.0011     4.5446   37.30673    2.49424    108.581    25.8972    25.8962    1481.05          0      34712          7  0.000e+00
