ROS/FK009A_CTD006_20130820.ros
* Sea-Bird SBE 9 Data File:
* FileName = C:\Falkor-Data-2013\FK009A\CTD\FK009A_CTD006_20130820.hex
* Software Version Seasave V 7.21f
* Temperature SN = 5483
* Conductivity SN = 3916
* Number of Bytes Per Scan = 41
* Number of Voltage Words = 4
* Number of Scans Averaged by the Deck Unit = 1
* NMEA Latitude = 48 24.36 N
* NMEA Longitude = 125 53.59 W
* NMEA UTC (Time) = Aug 20 2013 00:47:16
* NMEA baud rate = 4800
** Ship:
** Station: BCC2
** Operator:
# nquan = 27
# nvalues = 441                                   
# units = specified
# name 0 = timeQ: Time, NMEA [seconds]
# name 1 = depSM: Depth [salt water, m]
# name 2 = prDM: Pressure, Digiquartz [db]
# name 3 = c0S/m: Conductivity [S/m]
# name 4 = c1S/m: Conductivity, 2 [S/m]
# name 5 = sal00: Salinity, Practical [PSU]
# name 6 = sal11: Salinity, Practical, 2 [PSU]
# name 7 = t090C: Temperature [ITS-90, deg C]
# name 8 = t190C: Temperature, 2 [ITS-90, deg C]
# name 9 = potemp090C: Potential Temperature [ITS-90, deg C]
# name 10 = potemp190C: Potential Temperature, 2 [ITS-90, deg C]
# name 11 = v2: Voltage 2
# name 12 = v3: Voltage 3
# name 13 = v0: Voltage 0
# name 14 = CStarTr0: Beam Transmission, WET Labs C-Star [%]
# name 15 = CStarAt0: Beam Attenuation, WET Labs C-Star [1/m]
# name 16 = v5: Voltage 5
# name 17 = sbeox0PS: Oxygen, SBE 43 [% saturation]
# name 18 = sbeox0ML/L: Oxygen, SBE 43 [ml/l]
# name 19 = sbeox0Mm/Kg: Oxygen, SBE 43 [umol/Kg]
# name 20 = sigma-é00: Density [sigma-theta, Kg/m^3]
# name 21 = sigma-é11: Density, 2 [sigma-theta, Kg/m^3]
# name 22 = svCM: Sound Velocity [Chen-Millero, m/s]
# name 23 = modError: Modulo Error Count
# name 24 = scan: Scan Count
# name 25 = nbf: Bottles Fired
# name 26 = flag:  0.000e+00
# interval = seconds: 0.0416667
# start_time = Jan 01 2000 00:47:16 [NMEA time, first data scan]
# bad_flag = -9.990e-29
*END*
[from data line 376]
  430276084     19.758     19.927   3.441651   3.441229    32.8300    32.8280     8.2524     8.2498     8.2505     8.2478     2.0171     0.9219     0.1636    97.0796     0.0012     4.5311   49.98947    3.32720    144.893    25.5332    25.5320    1481.07          0      29951          8  0.000e+00
  430276084     19.671     19.839   3.441777   3.441397    32.8293    32.8280     8.2546     8.2517     8.2526     8.2498     2.0171     0.9206     0.1636    97.0796     0.0012     4.5311   49.98832    3.32698    144.884    25.5323    25.5317    1481.07          0      29952          8  0.000e+00
  430276084     19.714     19.883   3.441843   3.441565    32.8284    32.8272     8.2563     8.2544     8.2543     8.2525     2.0171     0.9206     0.1636    97.0796     0.0012     4.5311   49.98894    3.32691    144.881    25.5314    25.5307    1481.08          0      29953          8  0.000e+00
  430276084     19.621     19.788   3.441916   3.441623    32.8280    32.8264     8.2576     8.2560     8.2556     8.2541     2.0159     0.9206     0.1636    97.0796     0.0012     4.5311   49.98959    3.32686    144.879    25.5309    25.5298    1481.08          0      29954          8  0.000e+00
  430276084     19.671     19.839   3.441976   3.441655    32.8276    32.8268     8.2587     8.2559     8.2567     8.2539     2.0159     0.9219     0.1636    97.0796     0.0012     4.5311   49.99207    3.32695    144.883    25.5304    25.5302    1481.09          0      29955          8  0.000e+00
  430276084     19.621     19.788   3.442055   3.441617    32.8280    32.8263     8.2592     8.2560     8.2572     8.2541     2.0159     0.9219     0.1636    97.0796     0.0012     4.5311   49.99484    3.32709    144.889    25.5306    25.5297    1481.09          0      29956          8  0.000e+00
  430276084     19.577     19.744   3.442082   3.441623    32.8274    32.8268     8.2602     8.2556     8.2582     8.2536     2.0171     0.9206     0.1636    97.0796     0.0012     4.5311   50.05256    3.33087    145.054    25.5300    25.5302    1481.09          0      29957          8  0.000e+00
  430276084     19.577     19.744   3.442102   3.441655    32.8276    32.8263     8.2602     8.2565     8.2582     8.2546     2.0171     0.9206     0.1636    97.0796     0.0012     4.5311   49.99092    3.32677    144.875    25.5302    25.5296    1481.09          0      29958          8  0.000e+00
  430276084     19.533     19.700   3.442135   3.441733    32.8277    32.8261     8.2605     8.2576     8.2585     8.2557     2.0159     0.9206     0.1636    97.0796     0.0012     4.5311   49.98393    3.32628    144.853    25.5302    25.5293    1481.09          0      29959          8  0.000e+00
  430276084     19.484     19.650   3.442122   3.441830    32.8271    32.8260     8.2610     8.2589     8.2590     8.2569     2.0171     0.9219     0.1636    97.0534     0.0012     4.5299   49.98848    3.32656    144.866    25.5297    25.5291    1481.09          0      29960          8  0.000e+00
  430276084     19.565     19.732   3.442181   3.441894    32.8274    32.8258     8.2613     8.2597     8.2593     8.2578     2.0171     0.9194     0.1636    97.0273     0.0012     4.5287   50.04883    3.33054    145.039    25.5298    25.5288    1481.09          0      29961          8  0.000e+00
  430276084     19.533     19.700   3.442181   3.441914    32.8271    32.8256     8.2616     8.2602     8.2596     8.2583     2.0159     0.9219     0.1636    97.0273     0.0012     4.5287   50.05397    3.33087    145.053    25.5296    25.5286    1481.09          0      29962          8  0.000e+00
  430276084     19.484     19.650   3.442215   3.441985    32.8277    32.8255     8.2614     8.2612     8.2595     8.2592     2.0159     0.9206     0.1636    97.0273     0.0012     4.5287   50.05901    3.33120    145.068    25.5300    25.5283    1481.09          0      29963          8  0.000e+00
  430276085     19.440     19.606   3.442195   3.442011    32.8272    32.8249     8.2617     8.2621     8.2598     8.2602     2.0159     0.9206     0.1636    97.0011     0.0012     4.5275   50.07521    3.33227    145.114    25.5296    25.5277    1481.09          0      29964          8  0.000e+00
  430276085     19.440     19.606   3.442221   3.442075    32.8269    32.8253     8.2624     8.2624     8.2604     8.2605     2.0159     0.9206     0.1636    97.0273     0.0012     4.5287   50.08097    3.33261    145.129    25.5292    25.5280    1481.10          0      29965          8  0.000e+00
  430276085     19.440     19.606   3.442327   3.442120    32.8269    32.8250     8.2635     8.2633     8.2616     8.2613     2.0159     0.9206     0.1661    97.0273     0.0012     4.5287   50.02149    3.32857    144.953    25.5291    25.5276    1481.10          0      29966          8  0.000e+00
  430276180      5.037      5.080   3.841055   3.844899    32.0879    32.0874    13.5705    13.6137    13.5698    13.6130     1.3993     1.3040     0.2357    89.3624     0.0045     4.1709  101.27352    6.04161    263.488    24.0250    24.0159    1498.73          0      32253          9  0.000e+00
  430276180      5.062      5.105   3.841111   3.845507    32.0878    32.0852    13.5711    13.6230    13.5704    13.6223     1.3993     1.3028     0.2357    89.3624     0.0045     4.1709  101.25827    6.04062    263.445    24.0248    24.0123    1498.73          0      32254          9  0.000e+00
  430276180      5.081      5.124   3.841215   3.845682    32.0878    32.0827    13.5723    13.6279    13.5716    13.6272     1.3993     1.3016     0.2357    89.3624     0.0045     4.1709  101.24119    6.03946    263.394    24.0245    24.0094    1498.73          0      32255          9  0.000e+00
  430276180      5.062      5.105   3.841367   3.845264    32.0877    32.0805    13.5741    13.6259    13.5734    13.6252     1.3993     1.3016     0.2357    89.3624     0.0045     4.1709  101.16806    6.03488    263.195    24.0241    24.0081    1498.74          0      32256          9  0.000e+00
  430276180      5.131      5.175   3.841409   3.844589    32.0874    32.0807    13.5749    13.6181    13.5742    13.6174     1.3993     1.3016     0.2357    89.3624     0.0045     4.1709  101.21168    6.03739    263.304    24.0237    24.0098    1498.74          0      32257          9  0.000e+00
  430276180      5.131      5.175   3.841533   3.844285    32.0880    32.0811    13.5756    13.6143    13.5749    13.6136     1.3980     1.3016     0.2357    89.3624     0.0045     4.1709  101.14505    6.03331    263.126    24.0240    24.0109    1498.75          0      32258          9  0.000e+00
  430276180      5.106      5.149   3.841880   3.844063    32.0876    32.0817    13.5799    13.6112    13.5792    13.6105     1.3993     1.3040     0.2357    89.3624     0.0045     4.1709  101.06900    6.02826    262.906    24.0228    24.0120    1498.76          0      32259          9  0.000e+00
  430276180      5.175      5.219   3.841963   3.843543    32.0867    32.0840    13.5819    13.6026    13.5812    13.6019     1.3993     1.3028     0.2357    89.3624     0.0045     4.1709  101.10188    6.03000    262.983    24.0217    24.0155    1498.77          0      32260          9  0.000e+00
  430276180      5.106      5.149   3.841769   3.842943    32.0862    32.0869    13.5804    13.5925    13.5797    13.5918     1.3993     1.3040     0.2369    89.3624     0.0045     4.1709  101.07791    6.02878    262.929    24.0216    24.0198    1498.76          0      32261          9  0.000e+00
  430276180      5.175      5.219   3.841533   3.842794    32.0868    32.0883    13.5771    13.5892    13.5763    13.5885     1.3993     1.3040     0.2357    89.3624     0.0045     4.1709  101.05472    6.02779    262.886    24.0228    24.0215    1498.75          0      32262          9  0.000e+00
  430276180      5.199      5.244   3.841194   3.842740    32.0866    32.0886    13.5735    13.5882    13.5728    13.5875     1.3993     1.3028     0.2357    89.3624     0.0045     4.1709  101.03857    6.02728    262.863    24.0234    24.0220    1498.74          0      32263          9  0.000e+00
  430276180      5.224      5.269   3.840951   3.842572    32.0866    32.0880    13.5708    13.5870    13.5701    13.5863     1.3993     1.3028     0.2357    89.3624     0.0045     4.1709  100.95924    6.02287    262.671    24.0239    24.0218    1498.73          0      32264          9  0.000e+00
  430276180      5.199      5.244   3.840723   3.842572    32.0868    32.0879    13.5680    13.5872    13.5673    13.5865     1.3980     1.3028     0.2369    89.3624     0.0045     4.1709  100.93308    6.02165    262.618    24.0246    24.0216    1498.72          0      32265          9  0.000e+00
  430276180      5.224      5.269   3.840688   3.843071    32.0869    32.0847    13.5675    13.5966    13.5667    13.5958     1.3980     1.3040     0.2381    89.3624     0.0045     4.1709  100.84469    6.01644    262.390    24.0248    24.0172    1498.72          0      32266          9  0.000e+00
  430276180      5.224      5.269   3.840695   3.843705    32.0868    32.0832    13.5676    13.6054    13.5669    13.6047     1.3980     1.3040     0.2369    89.3624     0.0045     4.1709  100.81013    6.01436    262.300    24.0247    24.0143    1498.72          0      32267          9  0.000e+00
  430276181      5.293      5.338   3.840543   3.844252    32.0861    32.0829    13.5668    13.6117    13.5661    13.6109     1.3993     1.3053     0.2369    89.3886     0.0045     4.1722  100.84757    6.01672    262.403    24.0243    24.0128    1498.72          0      32268          9  0.000e+00
  430276181      5.268      5.313   3.840369   3.844555    32.0874    32.0815    13.5633    13.6168    13.5626    13.6161     1.3993     1.3040     0.2369    89.3886     0.0045     4.1722  100.82971    6.01604    262.372    24.0260    24.0107    1498.71          0      32269          9  0.000e+00
  430276181      5.337      5.382   3.840321   3.844434    32.0880    32.0818    13.5620    13.6150    13.5613    13.6142     1.3993     1.3040     0.2369    89.3624     0.0045     4.1709  100.81298    6.01518    262.335    24.0268    24.0113    1498.71          0      32270          9  0.000e+00
  430276181      5.312      5.357   3.840529   3.844123    32.0886    32.0816    13.5637    13.6119    13.5629    13.6111     1.3993     1.3053     0.2369    89.3886     0.0045     4.1722  100.79500    6.01388    262.278    24.0269    24.0118    1498.71          0      32271          9  0.000e+00
  430276181      5.337      5.382   3.840799   3.844319    32.0886    32.0824    13.5666    13.6130    13.5659    13.6123     1.3993     1.3040     0.2369    89.3886     0.0045     4.1722  100.77762    6.01248    262.217    24.0263    24.0122    1498.72          0      32272          9  0.000e+00
  430276181      5.362      5.407   3.841173   3.844765    32.0883    32.0820    13.5711    13.6185    13.5704    13.6177     1.3993     1.3040     0.2369    89.3886     0.0045     4.1722  100.69777    6.00717    261.986    24.0251    24.0107    1498.74          0      32273          9  0.000e+00
  430276181      5.337      5.382   3.841450   3.844677    32.0883    32.0834    13.5742    13.6159    13.5735    13.6151     1.3993     1.3040     0.2369    89.3886     0.0045     4.1722  100.67182    6.00524    261.902    24.0245    24.0123    1498.75          0      32274          9  0.000e+00
  430276181      5.405      5.451   3.841866   3.844259    32.0882    32.0839    13.5790    13.6105    13.5782    13.6098     1.3993     1.3053     0.2369    89.3886     0.0045     4.1722  100.64739    6.00321    261.814    24.0235    24.0138    1498.76          0      32275          9  0.000e+00
  430276181      5.449      5.495   3.842268   3.843806    32.0870    32.0843    13.5847    13.6051    13.5840    13.6043     1.3993     1.3040     0.2369    89.3886     0.0045     4.1722  100.62298    6.00108    261.721    24.0214    24.0152    1498.78          0      32276          9  0.000e+00
  430276181      5.430      5.476   3.842559   3.842963    32.0864    32.0872    13.5887    13.5923    13.5880    13.5916     1.3993     1.3028     0.2369    89.3624     0.0045     4.1709  100.53571    5.99541    261.474    24.0202    24.0200    1498.79          0      32277          9  0.000e+00
  430276181      5.449      5.495   3.842732   3.841681    32.0859    32.0896    13.5913    13.5751    13.5905    13.5744     1.4005     1.3028     0.2381    89.3886     0.0045     4.1722  100.50381    5.99321    261.379    24.0192    24.0254    1498.80          0      32278          9  0.000e+00
  430276181      5.474      5.520   3.842836   3.840622    32.0859    32.0892    13.5924    13.5639    13.5916    13.5632     1.4005     1.3028     0.2369    89.3886     0.0045     4.1722  100.54378    5.99546    261.477    24.0190    24.0273    1498.81          0      32279          9  0.000e+00
  430276181      5.542      5.589   3.842767   3.840035    32.0844    32.0893    13.5934    13.5572    13.5926    13.5565     1.4005     1.3028     0.2369    89.3886     0.0045     4.1722  100.53083    5.99462    261.441    24.0177    24.0287    1498.81          0      32280          9  0.000e+00
  430276181      5.474      5.520   3.842781   3.840130    32.0846    32.0905    13.5934    13.5569    13.5926    13.5562     1.4005     1.3040     0.2369    89.3886     0.0045     4.1722  100.51684    5.99378    261.404    24.0178    24.0297    1498.81          0      32281          9  0.000e+00
  430276181      5.586      5.633   3.842822   3.841081    32.0851    32.0874    13.5931    13.5711    13.5923    13.5703     1.4005     1.3028     0.2369    89.3624     0.0045     4.1709  100.44338    5.98942    261.213    24.0183    24.0245    1498.81          0      32282          9  0.000e+00
  430276181      5.567      5.615   3.842961   3.842234    32.0865    32.0839    13.5930    13.5880    13.5923    13.5873     1.4017     1.3016     0.2369    89.3624     0.0045     4.1709  100.48592    5.99191    261.322    24.0193    24.0184    1498.81          0      32283          9  0.000e+00
  430276181      5.586      5.633   3.843086   3.842572    32.0871    32.0812    13.5937    13.5950    13.5929    13.5942     1.4005     1.3028     0.2369    89.3886     0.0045     4.1722  100.41300    5.98746    261.128    24.0197    24.0149    1498.81          0      32284          9  0.000e+00
  430276181      5.586      5.633   3.843203   3.842565    32.0866    32.0875    13.5956    13.5874    13.5948    13.5866     1.4017     1.3016     0.2369    89.4147     0.0045     4.1734  100.40366    5.98669    261.094    24.0189    24.0213    1498.82          0      32285          9  0.000e+00
  430276181      5.661      5.709   3.843398   3.844049    32.0869    32.0816    13.5973    13.6108    13.5966    13.6101     1.4017     1.3016     0.2369    89.4147     0.0045     4.1734  100.33421    5.98232    260.904    24.0188    24.0120    1498.83          0      32286          9  0.000e+00
  430276181      5.636      5.684   3.843495   3.845331    32.0860    32.0767    13.5995    13.6309    13.5988    13.6301     1.4017     1.3016     0.2369    89.4147     0.0045     4.1734  100.31938    5.98120    260.855    24.0176    24.0042    1498.83          0      32287          9  0.000e+00
  430276181      5.704      5.753   3.843592   3.845264    32.0850    32.0782    13.6017    13.6284    13.6009    13.6276     1.4017     1.3028     0.2369    89.4147     0.0045     4.1734  100.30746    5.98026    260.815    24.0165    24.0058    1498.84          0      32288          9  0.000e+00
  430276181      5.679      5.728   3.843786   3.844009    32.0853    32.0820    13.6035    13.6099    13.6027    13.6091     1.4017     1.3016     0.2393    89.4147     0.0045     4.1734  100.29610    5.97935    260.775    24.0163    24.0125    1498.84          0      32289          9  0.000e+00
