ROS/FK009A_CTD004_20130819.ros
* Sea-Bird SBE 9 Data File:
* FileName = C:\Falkor-Data-2013\FK009A\CTD\FK009A_CTD004_20130819.hex
* Software Version Seasave V 7.21f
* Temperature SN = 5483
* Conductivity SN = 3916
* Number of Bytes Per Scan = 41
* Number of Voltage Words = 4
* Number of Scans Averaged by the Deck Unit = 1
* NMEA Latitude = 48 27.19 N
* NMEA Longitude = 125 47.76 W
* NMEA UTC (Time) = Aug 19 2013 22:58:10
* NMEA baud rate = 4800
** Ship:
** Station: BCC0
** Operator:
# nquan = 27
# nvalues = 343                                   
# units = specified
# name 0 = timeQ: Time, NMEA [seconds]
# name 1 = depSM: Depth [salt water, m]
# name 2 = prDM: Pressure, Digiquartz [db]
# name 3 = c0S/m: Conductivity [S/m]
# name 4 = c1S/m: Conductivity, 2 [S/m]
# name 5 = sal00: Salinity, Practical [PSU]
# name 6 = sal11: Salinity, Practical, 2 [PSU]
# name 7 = t090C: Temperature [ITS-90, deg C]
# name 8 = t190C: Temperature, 2 [ITS-90, deg C]
# name 9 = potemp090C: Potential Temperature [ITS-90, deg C]
# name 10 = potemp190C: Potential Temperature, 2 [ITS-90, deg C]
# name 11 = v2: Voltage 2
# name 12 = v3: Voltage 3
# name 13 = v0: Voltage 0
# name 14 = CStarTr0: Beam Transmission, WET Labs C-Star [%]
# name 15 = CStarAt0: Beam Attenuation, WET Labs C-Star [1/m]
# name 16 = v5: Voltage 5
# name 17 = sbeox0PS: Oxygen, SBE 43 [% saturation]
# name 18 = sbeox0ML/L: Oxygen, SBE 43 [ml/l]
# name 19 = sbeox0Mm/Kg: Oxygen, SBE 43 [umol/Kg]
# name 20 = sigma-é00: Density [sigma-theta, Kg/m^3]
# name 21 = sigma-é11: Density, 2 [sigma-theta, Kg/m^3]
# name 22 = svCM: Sound Velocity [Chen-Millero, m/s]
# name 23 = modError: Modulo Error Count
# name 24 = scan: Scan Count
# name 25 = nbf: Bottles Fired
# name 26 = flag:  0.000e+00
# interval = seconds: 0.0416667
# start_time = Aug 19 2013 22:58:10 [NMEA time, first data scan]
# bad_flag = -9.990e-29
*END*
[from data line 215]
  430269482     31.577     31.848   3.388708   3.388012    32.8949    32.8862     7.5763     7.5776     7.5733     7.5746     1.9438     0.8742     0.1123    99.1462     0.0003     4.6276   55.08783    3.72148    162.040    25.6819    25.6749    1478.77          0      28609          5  0.000e+00
  430269482     31.527     31.798   3.388689   3.388005    32.8952    32.8860     7.5758     7.5777     7.5728     7.5748     1.9426     0.8742     0.1123    99.1201     0.0004     4.6264   55.15096    3.72577    162.227    25.6822    25.6747    1478.77          0      28610          5  0.000e+00
  430269482     31.527     31.798   3.388722   3.388005    32.8957    32.8857     7.5757     7.5781     7.5727     7.5751     1.9426     0.8742     0.1123    99.1201     0.0004     4.6264   55.09309    3.72187    162.057    25.6826    25.6744    1478.77          0      28611          5  0.000e+00
  430269482     31.527     31.798   3.388748   3.388005    32.8955    32.8857     7.5761     7.5781     7.5732     7.5751     1.9426     0.8742     0.1123    99.1462     0.0003     4.6276   55.08934    3.72158    162.044    25.6824    25.6744    1478.77          0      28612          5  0.000e+00
  430269482     31.577     31.848   3.388761   3.388025    32.8955    32.8861     7.5763     7.5779     7.5733     7.5749     1.9438     0.8742     0.1123    99.1201     0.0004     4.6264   55.01976    3.71686    161.839    25.6824    25.6747    1478.77          0      28613          5  0.000e+00
  430269482     31.533     31.804   3.388741   3.388031    32.8956    32.8865     7.5760     7.5776     7.5730     7.5746     1.9438     0.8730     0.1123    99.1201     0.0004     4.6264   55.06996    3.72028    161.987    25.6825    25.6751    1478.77          0      28614          5  0.000e+00
  430269482     31.577     31.848   3.388768   3.387986    32.8954    32.8861     7.5765     7.5774     7.5735     7.5744     1.9438     0.8742     0.1123    99.1462     0.0003     4.6276   55.06559    3.71995    161.973    25.6823    25.6748    1478.77          0      28615          5  0.000e+00
  430269482     31.527     31.798   3.388741   3.388012    32.8952    32.8864     7.5765     7.5774     7.5735     7.5744     1.9438     0.8742     0.1136    99.1201     0.0004     4.6264   55.06015    3.71959    161.957    25.6821    25.6751    1478.77          0      28616          5  0.000e+00
  430269482     31.577     31.848   3.388722   3.388031    32.8946    32.8867     7.5768     7.5773     7.5738     7.5743     1.9438     0.8742     0.1136    99.1462     0.0003     4.6276   55.05492    3.71922    161.941    25.6816    25.6753    1478.77          0      28617          5  0.000e+00
  430269482     31.533     31.804   3.388781   3.387986    32.8950    32.8861     7.5771     7.5774     7.5741     7.5744     1.9438     0.8742     0.1123    99.1201     0.0004     4.6264   54.99438    3.71509    161.762    25.6819    25.6748    1478.77          0      28618          5  0.000e+00
  430269482     31.577     31.848   3.388741   3.388012    32.8942    32.8864     7.5774     7.5774     7.5744     7.5744     1.9438     0.8755     0.1123    99.1201     0.0004     4.6264   54.97800    3.71398    161.713    25.6812    25.6750    1478.78          0      28619          5  0.000e+00
  430269482     31.527     31.798   3.388708   3.388012    32.8944    32.8865     7.5769     7.5773     7.5740     7.5743     1.9438     0.8742     0.1123    99.1201     0.0004     4.6264   55.02677    3.71731    161.858    25.6814    25.6752    1478.77          0      28620          5  0.000e+00
  430269482     31.577     31.848   3.388748   3.388025    32.8948    32.8869     7.5769     7.5770     7.5739     7.5740     1.9438     0.8742     0.1136    99.1201     0.0004     4.6264   55.03268    3.71770    161.875    25.6817    25.6756    1478.77          0      28621          5  0.000e+00
  430269482     31.533     31.804   3.388728   3.387986    32.8943    32.8864     7.5773     7.5771     7.5743     7.5741     1.9451     0.8730     0.1123    99.1201     0.0004     4.6264   55.03790    3.71804    161.890    25.6813    25.6751    1478.77          0      28622          5  0.000e+00
  430269482     31.527     31.798   3.388728   3.388012    32.8941    32.8870     7.5774     7.5768     7.5744     7.5738     1.9438     0.8730     0.1123    99.1201     0.0004     4.6264   55.04339    3.71840    161.906    25.6811    25.6756    1478.77          0      28623          5  0.000e+00
  430269482     31.577     31.848   3.388722   3.388012    32.8933    32.8868     7.5782     7.5770     7.5752     7.5740     1.9438     0.8730     0.1123    99.1201     0.0004     4.6264   55.03766    3.71797    161.887    25.6804    25.6754    1478.78          0      28624          5  0.000e+00
  430269482     31.577     31.848   3.388755   3.388025    32.8936    32.8868     7.5782     7.5771     7.5752     7.5741     1.9451     0.8730     0.1123    99.1201     0.0004     4.6264   55.03118    3.71752    161.868    25.6806    25.6754    1478.78          0      28625          5  0.000e+00
  430269483     31.577     31.848   3.388768   3.388050    32.8939    32.8871     7.5780     7.5771     7.5751     7.5741     1.9451     0.8742     0.1123    99.1462     0.0003     4.6276   55.02425    3.71706    161.847    25.6809    25.6757    1478.78          0      28626          5  0.000e+00
  430269483     31.527     31.798   3.388728   3.388037    32.8941    32.8870     7.5774     7.5771     7.5744     7.5741     1.9451     0.8742     0.1123    99.1724     0.0003     4.6288   55.01654    3.71659    161.827    25.6811    25.6755    1478.77          0      28627          5  0.000e+00
  430269483     31.577     31.848   3.388728   3.387986    32.8941    32.8865     7.5774     7.5770     7.5744     7.5740     1.9451     0.8730     0.1123    99.1985     0.0003     4.6300   54.94328    3.71164    161.611    25.6811    25.6752    1478.78          0      28628          5  0.000e+00
  430269483     31.527     31.798   3.388695   3.387992    32.8944    32.8864     7.5768     7.5772     7.5738     7.5742     1.9451     0.8742     0.1136    99.1985     0.0003     4.6300   54.93557    3.71116    161.591    25.6814    25.6751    1478.77          0      28629          5  0.000e+00
  430269483     31.577     31.848   3.388748   3.388025    32.8948    32.8876     7.5769     7.5763     7.5739     7.5733     1.9451     0.8742     0.1123    99.1985     0.0003     4.6300   54.92897    3.71069    161.570    25.6817    25.6761    1478.77          0      28630          5  0.000e+00
  430269483     31.527     31.798   3.388728   3.388012    32.8944    32.8883     7.5771     7.5754     7.5741     7.5724     1.9451     0.8755     0.1123    99.1985     0.0003     4.6300   54.98787    3.71467    161.743    25.6814    25.6769    1478.77          0      28631          5  0.000e+00
  430269483     31.577     31.848   3.388728   3.388044    32.8946    32.8897     7.5769     7.5743     7.5739     7.5713     1.9451     0.8730     0.1123    99.1985     0.0003     4.6300   54.98130    3.71423    161.724    25.6815    25.6781    1478.77          0      28632          5  0.000e+00
  430269483     31.527     31.798   3.388735   3.388063    32.8946    32.8906     7.5769     7.5735     7.5740     7.5706     1.9451     0.8730     0.1123    99.1985     0.0003     4.6300   54.97354    3.71371    161.701    25.6816    25.6789    1478.77          0      28633          5  0.000e+00
  430269483     31.534     31.804   3.388722   3.388037    32.8945    32.8910     7.5769     7.5728     7.5740     7.5699     1.9451     0.8742     0.1123    99.1985     0.0003     4.6300   54.96571    3.71318    161.679    25.6815    25.6793    1478.77          0      28634          5  0.000e+00
  430269483     31.577     31.848   3.388755   3.387986    32.8953    32.8908     7.5765     7.5725     7.5735     7.5695     1.9451     0.8730     0.1123    99.1985     0.0003     4.6300   54.95773    3.71267    161.656    25.6822    25.6792    1478.77          0      28635          5  0.000e+00
  430269483     31.577     31.848   3.388755   3.387993    32.8948    32.8913     7.5769     7.5720     7.5739     7.5690     1.9451     0.8742     0.1123    99.1985     0.0003     4.6300   54.88314    3.70760    161.435    25.6818    25.6797    1478.77          0      28636          5  0.000e+00
  430269483     31.527     31.798   3.388761   3.388005    32.8945    32.8916     7.5774     7.5719     7.5744     7.5689     1.9451     0.8730     0.1123    99.1985     0.0003     4.6300   54.94017    3.71142    161.602    25.6814    25.6799    1478.77          0      28637          5  0.000e+00
  430269483     31.577     31.848   3.388741   3.387980    32.8939    32.8914     7.5777     7.5717     7.5747     7.5687     1.9451     0.8742     0.1123    99.1985     0.0003     4.6300   54.94327    3.71161    161.610    25.6809    25.6798    1478.78          0      28638          5  0.000e+00
  430269573     21.845     22.032   3.395674   3.394939    32.7613    32.7545     7.8022     7.8010     7.8001     7.7989     1.8901     0.8901     0.1392    97.8644     0.0009     4.5678   58.56736    3.93973    171.566    25.5448    25.5396    1479.31          0      30782          6  0.000e+00
  430269573     21.888     22.076   3.395660   3.394964    32.7612    32.7544     7.8022     7.8014     7.8001     7.7993     1.8901     0.8913     0.1392    97.8644     0.0009     4.5678   58.55902    3.93917    171.541    25.5447    25.5395    1479.31          0      30783          6  0.000e+00
  430269573     21.801     21.987   3.395654   3.395041    32.7611    32.7537     7.8022     7.8031     7.8001     7.8010     1.8901     0.8889     0.1392    97.8644     0.0009     4.5678   58.55015    3.93857    171.515    25.5447    25.5387    1479.31          0      30784          6  0.000e+00
  430269573     21.888     22.076   3.395660   3.395138    32.7613    32.7534     7.8020     7.8045     7.7999     7.8024     1.8913     0.8901     0.1404    97.8644     0.0009     4.5678   58.60857    3.94251    171.687    25.5448    25.5382    1479.31          0      30785          6  0.000e+00
  430269573     21.845     22.032   3.395627   3.395163    32.7611    32.7525     7.8018     7.8057     7.7997     7.8036     1.8913     0.8901     0.1392    97.8644     0.0009     4.5678   58.54594    3.93832    171.504    25.5447    25.5374    1479.31          0      30786          6  0.000e+00
  430269573     21.845     22.032   3.395687   3.395202    32.7619    32.7523     7.8017     7.8064     7.7996     7.8043     1.8913     0.8901     0.1392    97.8644     0.0009     4.5678   58.55006    3.93859    171.516    25.5453    25.5371    1479.31          0      30787          6  0.000e+00
  430269573     21.845     22.032   3.395641   3.395221    32.7613    32.7518     7.8018     7.8072     7.7997     7.8051     1.8913     0.8889     0.1392    97.8905     0.0009     4.5690   58.60916    3.94257    171.689    25.5448    25.5366    1479.31          0      30788          6  0.000e+00
  430269573     21.845     22.032   3.395674   3.395221    32.7615    32.7517     7.8020     7.8073     7.7999     7.8052     1.8913     0.8889     0.1392    97.9952     0.0008     4.5739   58.54821    3.93845    171.510    25.5449    25.5365    1479.31          0      30789          6  0.000e+00
  430269573     21.845     22.032   3.395680   3.395106    32.7611    32.7524     7.8025     7.8052     7.8004     7.8031     1.8913     0.8889     0.1392    98.0213     0.0008     4.5751   58.54223    3.93801    171.491    25.5446    25.5373    1479.31          0      30790          6  0.000e+00
  430269573     21.801     21.987   3.395720   3.394996    32.7603    32.7532     7.8038     7.8031     7.8017     7.8010     1.8913     0.8901     0.1392    98.0475     0.0008     4.5763   58.53631    3.93752    171.470    25.5438    25.5383    1479.31          0      30791          6  0.000e+00
  430269573     21.801     21.988   3.395759   3.394996    32.7603    32.7543     7.8042     7.8020     7.8021     7.7999     1.8913     0.8901     0.1404    98.0475     0.0008     4.5763   58.53125    3.93714    171.453    25.5437    25.5393    1479.31          0      30792          6  0.000e+00
  430269573     21.845     22.032   3.395713   3.395009    32.7595    32.7528     7.8045     7.8036     7.8025     7.8016     1.8913     0.8901     0.1404    98.0475     0.0008     4.5763   58.52699    3.93684    171.440    25.5430    25.5379    1479.32          0      30793          6  0.000e+00
  430269573     21.801     21.988   3.395707   3.395099    32.7599    32.7524     7.8041     7.8052     7.8020     7.8031     1.8926     0.8901     0.1392    98.0213     0.0008     4.5751   58.51118    3.93581    171.395    25.5434    25.5373    1479.31          0      30794          6  0.000e+00
  430269573     21.845     22.032   3.395779   3.395131    32.7604    32.7522     7.8044     7.8057     7.8023     7.8036     1.8926     0.8901     0.1392    98.0475     0.0008     4.5763   58.50737    3.93552    171.382    25.5437    25.5371    1479.32          0      30795          6  0.000e+00
  430269573     21.751     21.937   3.395806   3.395151    32.7602    32.7525     7.8049     7.8056     7.8028     7.8035     1.8913     0.8913     0.1392    98.0475     0.0008     4.5763   58.50298    3.93518    171.368    25.5436    25.5374    1479.32          0      30796          6  0.000e+00
  430269573     21.845     22.032   3.395786   3.395163    32.7598    32.7524     7.8050     7.8059     7.8029     7.8038     1.8913     0.8889     0.1392    98.0475     0.0008     4.5763   58.50047    3.93501    171.360    25.5432    25.5372    1479.32          0      30797          6  0.000e+00
  430269573     21.751     21.937   3.395746   3.395228    32.7596    32.7524     7.8049     7.8066     7.8028     7.8045     1.8926     0.8901     0.1392    98.0475     0.0008     4.5763   58.44295    3.93116    171.193    25.5431    25.5372    1479.32          0      30798          6  0.000e+00
  430269573     21.801     21.988   3.395740   3.395388    32.7603    32.7514     7.8041     7.8095     7.8020     7.8074     1.8926     0.8901     0.1392    98.0213     0.0008     4.5751   58.50799    3.93559    171.386    25.5437    25.5360    1479.31          0      30799          6  0.000e+00
  430269573     21.801     21.988   3.395720   3.395620    32.7605    32.7488     7.8036     7.8149     7.8015     7.8128     1.8926     0.8901     0.1392    98.0475     0.0008     4.5763   58.50757    3.93560    171.386    25.5439    25.5331    1479.31          0      30800          6  0.000e+00
  430269573     21.751     21.937   3.395687   3.395800    32.7597    32.7476     7.8041     7.8183     7.8020     7.8162     1.8926     0.8901     0.1392    98.0475     0.0008     4.5763   58.50715    3.93555    171.384    25.5433    25.5317    1479.31          0      30801          6  0.000e+00
  430269573     21.751     21.937   3.395740   3.395703    32.7601    32.7464     7.8042     7.8184     7.8021     7.8164     1.8926     0.8913     0.1392    98.0475     0.0008     4.5763   58.50760    3.93555    171.384    25.5436    25.5307    1479.31          0      30802          6  0.000e+00
  430269573     21.751     21.937   3.395812   3.395510    32.7606    32.7485     7.8045     7.8140     7.8025     7.8119     1.8913     0.8901     0.1392    98.0475     0.0008     4.5763   58.50848    3.93557    171.385    25.5439    25.5331    1479.32          0      30803          6  0.000e+00
  430269574     21.751     21.937   3.395786   3.395305    32.7597    32.7499     7.8052     7.8102     7.8031     7.8081     1.8913     0.8901     0.1392    98.0475     0.0008     4.5763   58.49839    3.93486    171.354    25.5431    25.5347    1479.32          0      30804          6  0.000e+00
