ROS/FK009A_CTD006_20130820.ros
* Sea-Bird SBE 9 Data File:
* FileName = C:\Falkor-Data-2013\FK009A\CTD\FK009A_CTD006_20130820.hex
* Software Version Seasave V 7.21f
* Temperature SN = 5483
* Conductivity SN = 3916
* Number of Bytes Per Scan = 41
* Number of Voltage Words = 4
* Number of Scans Averaged by the Deck Unit = 1
* NMEA Latitude = 48 24.36 N
* NMEA Longitude = 125 53.59 W
* NMEA UTC (Time) = Aug 20 2013 00:47:16
* NMEA baud rate = 4800
** Ship:
** Station: BCC2
** Operator:
# nquan = 27
# nvalues = 441                                   
# units = specified
# name 0 = timeQ: Time, NMEA [seconds]
# name 1 = depSM: Depth [salt water, m]
# name 2 = prDM: Pressure, Digiquartz [db]
# name 3 = c0S/m: Conductivity [S/m]
# name 4 = c1S/m: Conductivity, 2 [S/m]
# name 5 = sal00: Salinity, Practical [PSU]
# name 6 = sal11: Salinity, Practical, 2 [PSU]
# name 7 = t090C: Temperature [ITS-90, deg C]
# name 8 = t190C: Temperature, 2 [ITS-90, deg C]
# name 9 = potemp090C: Potential Temperature [ITS-90, deg C]
# name 10 = potemp190C: Potential Temperature, 2 [ITS-90, deg C]
# name 11 = v2: Voltage 2
# name 12 = v3: Voltage 3
# name 13 = v0: Voltage 0
# name 14 = CStarTr0: Beam Transmission, WET Labs C-Star [%]
# name 15 = CStarAt0: Beam Attenuation, WET Labs C-Star [1/m]
# name 16 = v5: Voltage 5
# name 17 = sbeox0PS: Oxygen, SBE 43 [% saturation]
# name 18 = sbeox0ML/L: Oxygen, SBE 43 [ml/l]
# name 19 = sbeox0Mm/Kg: Oxygen, SBE 43 [umol/Kg]
# name 20 = sigma-é00: Density [sigma-theta, Kg/m^3]
# name 21 = sigma-é11: Density, 2 [sigma-theta, Kg/m^3]
# name 22 = svCM: Sound Velocity [Chen-Millero, m/s]
# name 23 = modError: Modulo Error Count
# name 24 = scan: Scan Count
# name 25 = nbf: Bottles Fired
# name 26 = flag:  0.000e+00
# interval = seconds: 0.0416667
# start_time = Jan 01 2000 00:47:16 [NMEA time, first data scan]
# bad_flag = -9.990e-29
*END*
[from data line 215]
  430275736     72.587     73.217   3.443922   3.443615    33.6910    33.6871     7.3488     7.3494     7.3419     7.3426     2.1197     0.8584     0.0781   100.0357    -0.0000     4.6691   44.93050    3.03520    132.073    26.3404    26.3372    1479.57          0      21602          5  0.000e+00
  430275736     72.630     73.261   3.443916   3.443635    33.6911    33.6873     7.3486     7.3494     7.3418     7.3426     2.1197     0.8571     0.0781   100.0357    -0.0000     4.6691   44.92555    3.03488    132.059    26.3405    26.3374    1479.57          0      21603          5  0.000e+00
  430275736     72.649     73.279   3.443935   3.443667    33.6908    33.6876     7.3491     7.3494     7.3423     7.3426     2.1197     0.8571     0.0781   100.0357    -0.0000     4.6691   44.92087    3.03453    132.044    26.3402    26.3376    1479.57          0      21604          5  0.000e+00
  430275736     72.630     73.261   3.443922   3.443628    33.6906    33.6870     7.3493     7.3496     7.3424     7.3427     2.1197     0.8571     0.0781   100.0357    -0.0000     4.6691   44.91649    3.03423    132.031    26.3400    26.3372    1479.57          0      21605          5  0.000e+00
  430275737     72.674     73.305   3.443889   3.443615    33.6902    33.6867     7.3493     7.3497     7.3424     7.3429     2.1197     0.8571     0.0781   100.0357    -0.0000     4.6691   44.97930    3.03848    132.216    26.3397    26.3369    1479.57          0      21606          5  0.000e+00
  430275737     72.649     73.280   3.443902   3.443615    33.6900    33.6867     7.3496     7.3497     7.3427     7.3429     2.1197     0.8584     0.0781   100.0357    -0.0000     4.6691   44.98672    3.03896    132.237    26.3395    26.3369    1479.57          0      21607          5  0.000e+00
  430275737     72.674     73.305   3.443916   3.443635    33.6902    33.6866     7.3495     7.3500     7.3426     7.3432     2.1197     0.8571     0.0781   100.0357    -0.0000     4.6691   44.91625    3.03421    132.030    26.3397    26.3368    1479.57          0      21608          5  0.000e+00
  430275737     72.724     73.355   3.443916   3.443648    33.6901    33.6869     7.3496     7.3499     7.3427     7.3430     2.1197     0.8571     0.0781   100.0357    -0.0000     4.6691   44.90088    3.03316    131.985    26.3396    26.3370    1479.57          0      21609          5  0.000e+00
  430275737     72.649     73.280   3.443889   3.443622    33.6899    33.6865     7.3496     7.3500     7.3427     7.3432     2.1197     0.8571     0.0769   100.0357    -0.0000     4.6691   44.95114    3.03656    132.133    26.3394    26.3367    1479.57          0      21610          5  0.000e+00
  430275737     72.724     73.355   3.443896   3.443635    33.6899    33.6865     7.3496     7.3502     7.3428     7.3433     2.1197     0.8596     0.0769   100.0357    -0.0000     4.6691   44.89233    3.03259    131.960    26.3394    26.3366    1479.57          0      21611          5  0.000e+00
  430275737     72.724     73.355   3.443882   3.443622    33.6898    33.6862     7.3496     7.3503     7.3427     7.3435     2.1197     0.8571     0.0781   100.0357    -0.0000     4.6691   44.88854    3.03234    131.949    26.3393    26.3364    1479.57          0      21612          5  0.000e+00
  430275737     72.743     73.374   3.443902   3.443615    33.6900    33.6862     7.3496     7.3502     7.3427     7.3433     2.1197     0.8584     0.0781   100.0357    -0.0000     4.6691   44.88533    3.03211    131.939    26.3395    26.3365    1479.57          0      21613          5  0.000e+00
  430275737     72.724     73.355   3.443916   3.443615    33.6903    33.6861     7.3494     7.3503     7.3426     7.3435     2.1184     0.8584     0.0781   100.0357    -0.0000     4.6691   44.89425    3.03272    131.965    26.3397    26.3363    1479.57          0      21614          5  0.000e+00
  430275737     72.724     73.355   3.443935   3.443615    33.6904    33.6863     7.3495     7.3502     7.3426     7.3433     2.1197     0.8596     0.0769   100.0357    -0.0000     4.6691   44.89235    3.03259    131.960    26.3399    26.3365    1479.57          0      21615          5  0.000e+00
  430275737     72.768     73.399   3.443922   3.443615    33.6906    33.6861     7.3491     7.3503     7.3422     7.3435     2.1197     0.8571     0.0769   100.0357    -0.0000     4.6691   44.89120    3.03253    131.957    26.3401    26.3363    1479.57          0      21616          5  0.000e+00
  430275737     72.743     73.374   3.443935   3.443635    33.6908    33.6861     7.3491     7.3506     7.3422     7.3437     2.1197     0.8584     0.0781   100.0357    -0.0000     4.6691   44.89011    3.03245    131.954    26.3402    26.3363    1479.57          0      21617          5  0.000e+00
  430275737     72.724     73.355   3.443949   3.443602    33.6908    33.6860     7.3493     7.3503     7.3424     7.3435     2.1184     0.8584     0.0781   100.0618    -0.0000     4.6703   44.88952    3.03240    131.952    26.3402    26.3362    1479.57          0      21618          5  0.000e+00
  430275737     72.817     73.449   3.443922   3.443628    33.6903    33.6862     7.3495     7.3503     7.3426     7.3435     2.1184     0.8584     0.0781   100.0618    -0.0000     4.6703   44.87818    3.03163    131.918    26.3397    26.3364    1479.57          0      21619          5  0.000e+00
  430275737     72.693     73.324   3.443916   3.443648    33.6901    33.6866     7.3496     7.3502     7.3427     7.3433     2.1197     0.8571     0.0781   100.0618    -0.0000     4.6703   44.93195    3.03526    132.076    26.3396    26.3368    1479.57          0      21620          5  0.000e+00
  430275737     72.768     73.399   3.443935   3.443648    33.6906    33.6866     7.3493     7.3502     7.3424     7.3433     2.1197     0.8584     0.0781   100.0618    -0.0000     4.6703   44.87696    3.03156    131.915    26.3400    26.3367    1479.57          0      21621          5  0.000e+00
  430275737     72.768     73.399   3.443949   3.443648    33.6906    33.6867     7.3495     7.3500     7.3426     7.3432     2.1197     0.8584     0.0781   100.0618    -0.0000     4.6703   44.87695    3.03154    131.914    26.3400    26.3369    1479.57          0      21622          5  0.000e+00
  430275737     72.743     73.374   3.443969   3.443648    33.6910    33.6869     7.3493     7.3499     7.3424     7.3430     2.1197     0.8584     0.0794   100.0618    -0.0000     4.6703   44.87729    3.03157    131.915    26.3403    26.3370    1479.57          0      21623          5  0.000e+00
  430275737     72.768     73.399   3.443955   3.443693    33.6912    33.6875     7.3489     7.3497     7.3421     7.3429     2.1197     0.8584     0.0794   100.0618    -0.0000     4.6703   44.87841    3.03167    131.919    26.3405    26.3375    1479.57          0      21624          5  0.000e+00
  430275737     72.768     73.399   3.443949   3.443687    33.6914    33.6876     7.3486     7.3496     7.3418     7.3427     2.1197     0.8571     0.0781   100.0357    -0.0000     4.6691   44.87986    3.03178    131.924    26.3407    26.3376    1479.57          0      21625          5  0.000e+00
  430275737     72.693     73.324   3.443969   3.443699    33.6916    33.6884     7.3487     7.3489     7.3418     7.3421     2.1197     0.8571     0.0781   100.0618    -0.0000     4.6703   44.81496    3.02739    131.733    26.3409    26.3384    1479.57          0      21626          5  0.000e+00
  430275737     72.724     73.355   3.443975   3.443712    33.6917    33.6890     7.3486     7.3485     7.3418     7.3416     2.1197     0.8596     0.0781   100.0618    -0.0000     4.6703   44.80660    3.02683    131.709    26.3410    26.3389    1479.57          0      21627          5  0.000e+00
  430275737     72.768     73.399   3.443955   3.443712    33.6912    33.6887     7.3489     7.3488     7.3421     7.3419     2.1197     0.8571     0.0781   100.0618    -0.0000     4.6703   44.85374    3.03000    131.847    26.3405    26.3386    1479.57          0      21628          5  0.000e+00
  430275737     72.693     73.324   3.443909   3.443712    33.6905    33.6889     7.3491     7.3486     7.3422     7.3418     2.1184     0.8584     0.0794   100.0618    -0.0000     4.6703   44.84523    3.02943    131.822    26.3400    26.3387    1479.57          0      21629          5  0.000e+00
  430275738     72.724     73.355   3.443935   3.443661    33.6908    33.6881     7.3491     7.3488     7.3423     7.3419     2.1184     0.8571     0.0781   100.0618    -0.0000     4.6703   44.90370    3.03337    131.994    26.3402    26.3381    1479.57          0      21630          5  0.000e+00
  430275738     72.630     73.261   3.443922   3.443648    33.6906    33.6880     7.3493     7.3488     7.3424     7.3419     2.1184     0.8596     0.0781   100.0618    -0.0000     4.6703   44.85150    3.02984    131.840    26.3400    26.3381    1479.57          0      21631          5  0.000e+00
  430275857     50.990     51.430   3.411903   3.412170    33.4067    33.4099     7.2939     7.2936     7.2892     7.2889     2.0965     0.8547     0.0794    99.9310     0.0000     4.6642   46.11620    3.12502    136.010    26.1241    26.1266    1478.64          0      24508          6  0.000e+00
  430275857     50.978     51.417   3.411856   3.412132    33.4060    33.4096     7.2941     7.2935     7.2893     7.2887     2.0965     0.8535     0.0781    99.9310     0.0000     4.6642   46.16810    3.12854    136.164    26.1235    26.1264    1478.64          0      24509          6  0.000e+00
  430275857     50.934     51.373   3.411817   3.412100    33.4058    33.4093     7.2939     7.2935     7.2892     7.2887     2.0965     0.8547     0.0794    99.9310     0.0000     4.6642   46.08848    3.12316    135.930    26.1233    26.1262    1478.64          0      24510          6  0.000e+00
  430275857     50.978     51.417   3.411810   3.412087    33.4055    33.4093     7.2941     7.2933     7.2893     7.2886     2.0952     0.8547     0.0781    99.9310     0.0000     4.6642   46.06558    3.12161    135.862    26.1231    26.1262    1478.64          0      24511          6  0.000e+00
  430275857     50.903     51.342   3.411830   3.411990    33.4056    33.4083     7.2942     7.2933     7.2895     7.2885     2.0952     0.8535     0.0794    99.9310     0.0000     4.6642   46.04341    3.12009    135.796    26.1232    26.1254    1478.64          0      24512          6  0.000e+00
  430275857     50.934     51.373   3.411909   3.411984    33.4063    33.4083     7.2944     7.2932     7.2897     7.2884     2.0952     0.8535     0.0794    99.9310     0.0000     4.6642   46.02327    3.11870    135.735    26.1237    26.1255    1478.65          0      24513          6  0.000e+00
  430275857     50.890     51.329   3.411909   3.412003    33.4065    33.4084     7.2942     7.2933     7.2895     7.2886     2.0952     0.8535     0.0781    99.9310     0.0000     4.6642   46.01594    3.11821    135.714    26.1239    26.1255    1478.64          0      24514          6  0.000e+00
  430275857     50.934     51.373   3.411903   3.412022    33.4061    33.4088     7.2946     7.2932     7.2898     7.2884     2.0952     0.8535     0.0794    99.9310     0.0000     4.6642   46.01099    3.11786    135.699    26.1235    26.1258    1478.65          0      24515          6  0.000e+00
  430275858     50.853     51.292   3.411923   3.412003    33.4061    33.4083     7.2948     7.2935     7.2901     7.2887     2.0952     0.8547     0.0781    99.9310     0.0000     4.6642   45.94104    3.11310    135.492    26.1235    26.1254    1478.65          0      24516          6  0.000e+00
  430275858     50.890     51.329   3.411936   3.411971    33.4063    33.4081     7.2947     7.2933     7.2900     7.2885     2.0952     0.8523     0.0781    99.9310     0.0000     4.6642   45.92899    3.11229    135.456    26.1237    26.1253    1478.65          0      24517          6  0.000e+00
  430275858     50.797     51.235   3.411956   3.411984    33.4064    33.4084     7.2949     7.2932     7.2902     7.2884     2.0952     0.8535     0.0794    99.9310     0.0000     4.6642   45.93032    3.11237    135.460    26.1237    26.1255    1478.64          0      24518          6  0.000e+00
  430275858     50.853     51.292   3.411916   3.411977    33.4061    33.4083     7.2947     7.2932     7.2900     7.2884     2.0940     0.8535     0.0794    99.9310     0.0000     4.6642   46.00153    3.11721    135.670    26.1235    26.1254    1478.64          0      24519          6  0.000e+00
  430275858     50.797     51.235   3.411830   3.411964    33.4052    33.4079     7.2947     7.2935     7.2900     7.2887     2.0940     0.8535     0.0794    99.9310     0.0000     4.6642   46.01962    3.11845    135.725    26.1228    26.1251    1478.64          0      24520          6  0.000e+00
  430275858     50.797     51.235   3.411737   3.411964    33.4042    33.4079     7.2947     7.2935     7.2900     7.2887     2.0940     0.8535     0.0781    99.9310     0.0000     4.6642   45.96245    3.11460    135.557    26.1220    26.1251    1478.64          0      24521          6  0.000e+00
  430275858     50.747     51.185   3.411717   3.411984    33.4040    33.4080     7.2947     7.2936     7.2900     7.2888     2.0928     0.8547     0.0781    99.9310     0.0000     4.6642   45.96215    3.11458    135.556    26.1218    26.1252    1478.64          0      24522          6  0.000e+00
  430275858     50.759     51.197   3.411737   3.412003    33.4041    33.4080     7.2949     7.2938     7.2902     7.2890     2.0928     0.8535     0.0794    99.9310     0.0000     4.6642   45.96458    3.11474    135.563    26.1219    26.1251    1478.64          0      24523          6  0.000e+00
  430275858     50.747     51.185   3.411770   3.411971    33.4044    33.4077     7.2949     7.2938     7.2902     7.2890     2.0928     0.8547     0.0794    99.9310     0.0000     4.6642   45.95742    3.11424    135.541    26.1222    26.1249    1478.64          0      24524          6  0.000e+00
  430275858     50.747     51.185   3.411711   3.411913    33.4036    33.4069     7.2950     7.2939     7.2903     7.2892     2.0928     0.8535     0.0781    99.9572     0.0000     4.6654   45.96403    3.11470    135.561    26.1215    26.1242    1478.64          0      24525          6  0.000e+00
  430275858     50.703     51.141   3.411638   3.411881    33.4029    33.4067     7.2950     7.2938     7.2903     7.2890     2.0928     0.8535     0.0781    99.9572     0.0000     4.6654   45.90660    3.11082    135.393    26.1209    26.1241    1478.64          0      24526          6  0.000e+00
  430275858     50.716     51.153   3.411665   3.411797    33.4031    33.4059     7.2950     7.2937     7.2903     7.2890     2.0928     0.8535     0.0781    99.9572     0.0000     4.6654   45.97329    3.11533    135.589    26.1211    26.1234    1478.64          0      24527          6  0.000e+00
  430275858     50.660     51.096   3.411612   3.411720    33.4027    33.4050     7.2949     7.2938     7.2902     7.2890     2.0928     0.8535     0.0794    99.9572     0.0000     4.6654   45.98714    3.11629    135.631    26.1208    26.1228    1478.64          0      24528          6  0.000e+00
  430275858     50.703     51.141   3.411592   3.411713    33.4022    33.4046     7.2952     7.2941     7.2905     7.2894     2.0928     0.8547     0.0794    99.9572     0.0000     4.6654   46.00390    3.11742    135.680    26.1204    26.1224    1478.64          0      24529          6  0.000e+00
  430275858     50.610     51.046   3.411572   3.411694    33.4025    33.4046     7.2947     7.2939     7.2900     7.2892     2.0916     0.8547     0.0794    99.9572     0.0000     4.6654   46.01046    3.11789    135.700    26.1206    26.1224    1478.64          0      24530          6  0.000e+00
