ROS/FK009A_CTD009_20130820.ros
* Sea-Bird SBE 9 Data File:
* FileName = C:\Falkor-Data-2013\FK009A\CTD\FK009A_CTD009_20130820.hex
* Software Version Seasave V 7.21f
* Temperature SN = 5483
* Conductivity SN = 3916
* Number of Bytes Per Scan = 41
* Number of Voltage Words = 4
* Number of Scans Averaged by the Deck Unit = 1
* NMEA Latitude = 48 18.30 N
* NMEA Longitude = 126 03.32 W
* NMEA UTC (Time) = Aug 20 2013 04:59:49
* NMEA baud rate = 4800
** Ship: RV Falkor
** Station: BCC5
** Operator: Nathan Cunningham
# nquan = 27
# nvalues = 784                                   
# units = specified
# name 0 = timeQ: Time, NMEA [seconds]
# name 1 = depSM: Depth [salt water, m]
# name 2 = prDM: Pressure, Digiquartz [db]
# name 3 = c0S/m: Conductivity [S/m]
# name 4 = c1S/m: Conductivity, 2 [S/m]
# name 5 = sal00: Salinity, Practical [PSU]
# name 6 = sal11: Salinity, Practical, 2 [PSU]
# name 7 = t090C: Temperature [ITS-90, deg C]
# name 8 = t190C: Temperature, 2 [ITS-90, deg C]
# name 9 = potemp090C: Potential Temperature [ITS-90, deg C]
# name 10 = potemp190C: Potential Temperature, 2 [ITS-90, deg C]
# name 11 = v2: Voltage 2
# name 12 = v3: Voltage 3
# name 13 = v0: Voltage 0
# name 14 = CStarTr0: Beam Transmission, WET Labs C-Star [%]
# name 15 = CStarAt0: Beam Attenuation, WET Labs C-Star [1/m]
# name 16 = v5: Voltage 5
# name 17 = sbeox0PS: Oxygen, SBE 43 [% saturation]
# name 18 = sbeox0ML/L: Oxygen, SBE 43 [ml/l]
# name 19 = sbeox0Mm/Kg: Oxygen, SBE 43 [umol/Kg]
# name 20 = sigma-é00: Density [sigma-theta, Kg/m^3]
# name 21 = sigma-é11: Density, 2 [sigma-theta, Kg/m^3]
# name 22 = svCM: Sound Velocity [Chen-Millero, m/s]
# name 23 = modError: Modulo Error Count
# name 24 = scan: Scan Count
# name 25 = nbf: Bottles Fired
# name 26 = flag:  0.000e+00
# interval = seconds: 0.0416667
# start_time = Aug 20 2013 04:59:49 [NMEA time, first data scan]
# bad_flag = -9.990e-29
*END*
[from data line 752]
  430295062      5.353      5.398   4.046577   4.046372    31.9947    31.9936    15.9442    15.9433    15.9434    15.9425     1.3773     1.4921     0.2357    89.4409     0.0045     4.1746   99.38313    5.65590    246.805    23.4498    23.4492    1506.24          0     121761         16  0.000e+00
  430295062      5.378      5.423   4.046548   4.046372    31.9950    31.9936    15.9435    15.9433    15.9427    15.9425     1.3773     1.4921     0.2357    89.4409     0.0045     4.1746   99.43914    5.65915    246.947    23.4502    23.4492    1506.24          0     121762         16  0.000e+00
  430295063      5.353      5.398   4.046506   4.046275    31.9953    31.9929    15.9427    15.9431    15.9419    15.9423     1.3785     1.4908     0.2344    89.4409     0.0045     4.1746   99.50134    5.66277    247.105    23.4506    23.4487    1506.24          0     121763         16  0.000e+00
  430295063      5.378      5.423   4.046442   4.046179    31.9948    31.9930    15.9426    15.9420    15.9418    15.9411     1.3785     1.4921     0.2357    89.4409     0.0045     4.1746   99.57066    5.66675    247.278    23.4502    23.4490    1506.23          0     121764         16  0.000e+00
  430295063      5.396      5.442   4.046428   4.045945    31.9952    31.9921    15.9420    15.9405    15.9412    15.9396     1.3773     1.4921     0.2357    89.4670     0.0045     4.1758   99.52292    5.66409    247.162    23.4507    23.4487    1506.23          0     121765         16  0.000e+00
  430295063      5.378      5.423   4.046329   4.045759    31.9950    31.9930    15.9412    15.9374    15.9403    15.9366     1.3773     1.4921     0.2357    89.4932     0.0044     4.1770   99.53568    5.66491    247.198    23.4507    23.4500    1506.23          0     121766         16  0.000e+00
  430295063      5.396      5.442   4.046131   4.045676    31.9947    31.9931    15.9393    15.9364    15.9385    15.9355     1.3773     1.4933     0.2357    89.5194     0.0044     4.1783   99.54055    5.66540    247.219    23.4509    23.4503    1506.22          0     121767         16  0.000e+00
  430295063      5.421      5.467   4.046124   4.045642    31.9952    31.9938    15.9386    15.9350    15.9377    15.9342     1.3785     1.4933     0.2357    89.5194     0.0044     4.1783   99.48298    5.66219    247.079    23.4515    23.4512    1506.22          0     121768         16  0.000e+00
  430295063      5.396      5.442   4.046166   4.045642    31.9953    31.9941    15.9390    15.9347    15.9382    15.9339     1.3773     1.4921     0.2369    89.5194     0.0044     4.1783   99.54766    5.66582    247.238    23.4514    23.4515    1506.22          0     121769         16  0.000e+00
  430295063      5.421      5.467   4.046216   4.045738    31.9960    31.9954    15.9386    15.9342    15.9378    15.9334     1.3785     1.4921     0.2393    89.5194     0.0044     4.1783   99.61204    5.66951    247.398    23.4521    23.4525    1506.22          0     121770         16  0.000e+00
  430295063      5.396      5.442   4.046244   4.045772    31.9956    31.9949    15.9394    15.9352    15.9386    15.9344     1.3773     1.4921     0.2393    89.5194     0.0044     4.1783   99.62039    5.66990    247.416    23.4516    23.4519    1506.23          0     121771         16  0.000e+00
  430295063      5.378      5.423   4.046329   4.045855    31.9955    31.9951    15.9405    15.9359    15.9397    15.9351     1.3773     1.4933     0.2393    89.5194     0.0044     4.1783   99.38123    5.65618    246.817    23.4513    23.4519    1506.23          0     121772         16  0.000e+00
  430295063      5.353      5.398   4.046463   4.045945    31.9958    31.9950    15.9417    15.9370    15.9408    15.9361     1.3785     1.4933     0.2393    89.5194     0.0044     4.1783   99.42023    5.65826    246.908    23.4512    23.4516    1506.23          0     121773         16  0.000e+00
  430295063      5.396      5.442   4.046584   4.046027    31.9960    31.9945    15.9427    15.9384    15.9419    15.9376     1.3785     1.4933     0.2393    89.5194     0.0044     4.1783   99.34403    5.65380    246.713    23.4511    23.4510    1506.24          0     121774         16  0.000e+00
  430295063      5.421      5.467   4.046633   4.046075    31.9958    31.9940    15.9435    15.9396    15.9426    15.9387     1.3785     1.4921     0.2393    89.5194     0.0044     4.1783   99.38334    5.65596    246.807    23.4508    23.4503    1506.24          0     121775         16  0.000e+00
  430295063      5.353      5.398   4.046661   4.046020    31.9955    31.9934    15.9442    15.9398    15.9434    15.9389     1.3773     1.4921     0.2393    89.5194     0.0044     4.1783   99.36702    5.65496    246.764    23.4504    23.4498    1506.24          0     121776         16  0.000e+00
  430295063      5.421      5.467   4.046676   4.045986    31.9953    31.9936    15.9445    15.9391    15.9437    15.9382     1.3785     1.4921     0.2393    89.5194     0.0044     4.1783   99.29051    5.65057    246.572    23.4502    23.4501    1506.24          0     121777         16  0.000e+00
  430295063      5.396      5.442   4.046605   4.045986    31.9952    31.9938    15.9439    15.9389    15.9430    15.9381     1.3773     1.4908     0.2393    89.5194     0.0044     4.1783   99.32857    5.65281    246.670    23.4503    23.4503    1506.24          0     121778         16  0.000e+00
  430295063      5.421      5.467   4.046492   4.046103    31.9948    31.9945    15.9431    15.9393    15.9423    15.9385     1.3773     1.4908     0.2393    89.5194     0.0044     4.1783   99.31278    5.65201    246.635    23.4501    23.4507    1506.24          0     121779         16  0.000e+00
  430295063      5.353      5.398   4.046463   4.046186    31.9949    31.9939    15.9427    15.9409    15.9419    15.9401     1.3773     1.4921     0.2405    89.5194     0.0044     4.1783   99.30326    5.65151    246.613    23.4503    23.4499    1506.23          0     121780         16  0.000e+00
  430295063      5.378      5.423   4.046407   4.046220    31.9951    31.9938    15.9419    15.9414    15.9410    15.9406     1.3785     1.4921     0.2393    89.5194     0.0044     4.1783   99.28716    5.65069    246.577    23.4506    23.4498    1506.23          0     121781         16  0.000e+00
  430295063      5.396      5.442   4.046400   4.046151    31.9951    31.9932    15.9418    15.9414    15.9409    15.9406     1.3785     1.4921     0.2393    89.5194     0.0044     4.1783   99.34000    5.65370    246.709    23.4507    23.4493    1506.23          0     121782         16  0.000e+00
  430295063      5.378      5.423   4.046499   4.046082    31.9955    31.9934    15.9424    15.9404    15.9415    15.9396     1.3773     1.4933     0.2393    89.5194     0.0044     4.1783   99.33792    5.65350    246.700    23.4508    23.4497    1506.24          0     121783         16  0.000e+00
  430295063      5.396      5.442   4.046584   4.046034    31.9954    31.9935    15.9434    15.9398    15.9425    15.9389     1.3785     1.4933     0.2393    89.5194     0.0044     4.1783   99.26667    5.64934    246.519    23.4506    23.4499    1506.24          0     121784         16  0.000e+00
  430295063      5.378      5.423   4.046605   4.045965    31.9954    31.9936    15.9437    15.9389    15.9429    15.9381     1.3773     1.4908     0.2393    89.5194     0.0044     4.1783   99.24880    5.64829    246.473    23.4504    23.4501    1506.24          0     121785         16  0.000e+00
  430295063      5.396      5.442   4.046478   4.045986    31.9950    31.9937    15.9428    15.9390    15.9420    15.9382     1.3773     1.4921     0.2393    89.5455     0.0044     4.1795   99.23108    5.64739    246.434    23.4503    23.4502    1506.24          0     121786         16  0.000e+00
  430295064      5.353      5.398   4.046322   4.046062    31.9946    31.9938    15.9415    15.9398    15.9407    15.9389     1.3773     1.4908     0.2393    89.5717     0.0044     4.1807   99.28158    5.65042    246.566    23.4504    23.4501    1506.23          0     121787         16  0.000e+00
  430295064      5.378      5.423   4.046152   4.046089    31.9942    31.9933    15.9402    15.9406    15.9393    15.9398     1.3773     1.4933     0.2393    89.5717     0.0044     4.1807   99.27847    5.65041    246.565    23.4503    23.4495    1506.23          0     121788         16  0.000e+00
  430295064      5.353      5.398   4.046131   4.046130    31.9956    31.9938    15.9383    15.9404    15.9375    15.9396     1.3773     1.4933     0.2393    89.5717     0.0044     4.1807   99.26668    5.64990    246.543    23.4518    23.4500    1506.22          0     121789         16  0.000e+00
  430295064      5.328      5.373   4.046209   4.046206    31.9955    31.9940    15.9392    15.9411    15.9384    15.9403     1.3785     1.4933     0.2393    89.5717     0.0044     4.1807   99.26205    5.64954    246.527    23.4515    23.4499    1506.22          0     121790         16  0.000e+00
  430295064      5.396      5.442   4.046216   4.046234    31.9952    31.9939    15.9397    15.9414    15.9388    15.9406     1.3785     1.4921     0.2405    89.5717     0.0044     4.1807   99.25827    5.64928    246.516    23.4512    23.4498    1506.23          0     121791         16  0.000e+00
  430295064      5.328      5.373   4.046216   4.046310    31.9952    31.9939    15.9397    15.9423    15.9388    15.9414     1.3773     1.4921     0.2393    89.5717     0.0044     4.1807   99.26020    5.64939    246.521    23.4512    23.4496    1506.23          0     121792         16  0.000e+00
