ROS/FK009A_CTD018_20130821.ros
* Sea-Bird SBE 9 Data File:
* FileName = C:\Falkor-Data-2013\FK009A\CTD\FK009A_CTD018_20130821.hex
* Software Version Seasave V 7.21f
* Temperature SN = 5483
* Conductivity SN = 3916
* Number of Bytes Per Scan = 41
* Number of Voltage Words = 4
* Number of Scans Averaged by the Deck Unit = 1
* NMEA Latitude = 48 36.44 N
* NMEA Longitude = 125 53.99 W
* NMEA UTC (Time) = Aug 21 2013 03:21:12
* NMEA baud rate = 4800
** Ship: RV Falkor
** Station: LC06
** Operator: CP
# nquan = 27
# nvalues = 343                                   
# units = specified
# name 0 = timeQ: Time, NMEA [seconds]
# name 1 = depSM: Depth [salt water, m]
# name 2 = prDM: Pressure, Digiquartz [db]
# name 3 = c0S/m: Conductivity [S/m]
# name 4 = c1S/m: Conductivity, 2 [S/m]
# name 5 = sal00: Salinity, Practical [PSU]
# name 6 = sal11: Salinity, Practical, 2 [PSU]
# name 7 = t090C: Temperature [ITS-90, deg C]
# name 8 = t190C: Temperature, 2 [ITS-90, deg C]
# name 9 = potemp090C: Potential Temperature [ITS-90, deg C]
# name 10 = potemp190C: Potential Temperature, 2 [ITS-90, deg C]
# name 11 = v2: Voltage 2
# name 12 = v3: Voltage 3
# name 13 = v0: Voltage 0
# name 14 = CStarTr0: Beam Transmission, WET Labs C-Star [%]
# name 15 = CStarAt0: Beam Attenuation, WET Labs C-Star [1/m]
# name 16 = v5: Voltage 5
# name 17 = sbeox0PS: Oxygen, SBE 43 [% saturation]
# name 18 = sbeox0ML/L: Oxygen, SBE 43 [ml/l]
# name 19 = sbeox0Mm/Kg: Oxygen, SBE 43 [umol/Kg]
# name 20 = sigma-é00: Density [sigma-theta, Kg/m^3]
# name 21 = sigma-é11: Density, 2 [sigma-theta, Kg/m^3]
# name 22 = svCM: Sound Velocity [Chen-Millero, m/s]
# name 23 = modError: Modulo Error Count
# name 24 = scan: Scan Count
# name 25 = nbf: Bottles Fired
# name 26 = flag:  0.000e+00
# interval = seconds: 0.0416667
# start_time = Aug 21 2013 03:21:12 [NMEA time, first data scan]
# bad_flag = -9.990e-29
*END*
[from data line 54]
  430370995     70.328     70.939   3.400999   3.400804    33.8194    33.8186     6.7391     6.7378     6.7327     6.7314     0.0000     0.0000     0.0806    97.3935     0.0011     4.5458   18.60296    1.27331     55.397    26.5249    26.5244    1477.33          2      12535          2  0.000e+00
  430370995     70.303     70.914   3.400966   3.400779    33.8190    33.8184     6.7391     6.7376     6.7328     6.7313     0.0000     0.0000     0.0794    97.3935     0.0011     4.5458   18.58874    1.27234     55.354    26.5246    26.5243    1477.33          2      12536          2  0.000e+00
  430370995     70.328     70.939   3.400946   3.400791    33.8186    33.8184     6.7393     6.7378     6.7330     6.7314     0.0000     0.0000     0.0794    97.3935     0.0011     4.5458   18.64186    1.27597     55.513    26.5242    26.5243    1477.33          2      12537          2  0.000e+00
  430370995     70.377     70.989   3.400946   3.400804    33.8190    33.8185     6.7389     6.7378     6.7326     6.7314     0.0000     0.0000     0.0806    97.3935     0.0011     4.5458   18.64004    1.27586     55.507    26.5246    26.5244    1477.33          2      12538          2  0.000e+00
  430370995     70.377     70.989   3.400946   3.400804    33.8191    33.8187     6.7388     6.7376     6.7325     6.7313     0.0000     0.0000     0.0806    97.3935     0.0011     4.5458   18.63809    1.27573     55.502    26.5247    26.5245    1477.33          2      12539          2  0.000e+00
  430370995     70.440     71.052   3.400920   3.400779    33.8191    33.8187     6.7384     6.7373     6.7321     6.7310     0.0000     0.0000     0.0806    97.3935     0.0011     4.5458   18.64850    1.27645     55.533    26.5248    26.5245    1477.33          2      12540          2  0.000e+00
  430370995     70.421     71.033   3.400913   3.400791    33.8193    33.8190     6.7381     6.7371     6.7318     6.7308     0.0000     0.0000     0.0794    97.3935     0.0011     4.5458   18.59248    1.27262     55.367    26.5250    26.5248    1477.33          2      12541          2  0.000e+00
  430370995     70.465     71.077   3.400867   3.400759    33.8186    33.8188     6.7383     6.7370     6.7320     6.7307     0.0000     0.0000     0.0794    97.3935     0.0011     4.5458   18.64710    1.27636     55.529    26.5244    26.5247    1477.33          2      12542          2  0.000e+00
  430370995     70.421     71.033   3.400874   3.400785    33.8191    33.8191     6.7379     6.7370     6.7316     6.7307     0.0000     0.0000     0.0806    97.3935     0.0011     4.5458   18.65873    1.27716     55.564    26.5248    26.5249    1477.32          2      12543          2  0.000e+00
  430370995     70.533     71.147   3.400907   3.400759    33.8194    33.8186     6.7380     6.7371     6.7316     6.7308     0.0000     0.0000     0.0806    97.3935     0.0011     4.5458   18.65900    1.27718     55.565    26.5250    26.5245    1477.33          2      12544          2  0.000e+00
  430370995     70.515     71.128   3.400893   3.400721    33.8191    33.8183     6.7381     6.7370     6.7318     6.7307     0.0000     0.0000     0.0806    97.3935     0.0011     4.5458   18.65895    1.27717     55.565    26.5248    26.5243    1477.33          2      12545          2  0.000e+00
  430370995     70.515     71.128   3.400933   3.400714    33.8194    33.8187     6.7383     6.7365     6.7320     6.7302     0.0000     0.0000     0.0794    97.3935     0.0011     4.5458   18.65894    1.27717     55.564    26.5249    26.5247    1477.33          2      12546          2  0.000e+00
  430370995     70.558     71.172   3.400946   3.400714    33.8197    33.8191     6.7381     6.7360     6.7318     6.7297     0.0000     0.0000     0.0794    97.3673     0.0011     4.5446   18.72579    1.28174     55.764    26.5252    26.5251    1477.33          2      12547          2  0.000e+00
  430370995     70.577     71.191   3.400920   3.400663    33.8192    33.8186     6.7383     6.7360     6.7320     6.7297     0.0000     0.0000     0.0806    97.3673     0.0011     4.5446   18.67033    1.27795     55.598    26.5248    26.5246    1477.33          2      12548          2  0.000e+00
  430370995     70.608     71.222   3.400933   3.400669    33.8195    33.8188     6.7381     6.7358     6.7318     6.7295     0.0000     0.0000     0.0806    97.3935     0.0011     4.5458   18.66992    1.27792     55.597    26.5251    26.5249    1477.33          2      12549          2  0.000e+00
  430370995     70.652     71.266   3.400874   3.400682    33.8187    33.8188     6.7382     6.7359     6.7319     6.7296     0.0000     0.0000     0.0794    97.3673     0.0011     4.5446   18.66953    1.27790     55.596    26.5244    26.5249    1477.33          2      12550          2  0.000e+00
  430370995     70.652     71.266   3.400874   3.400656    33.8189    33.8188     6.7380     6.7357     6.7316     6.7293     0.0000     0.0000     0.0794    97.3673     0.0011     4.5446   18.68126    1.27871     55.631    26.5247    26.5249    1477.33          2      12551          2  0.000e+00
  430370995     70.671     71.285   3.400887   3.400669    33.8191    33.8191     6.7379     6.7355     6.7316     6.7292     0.0000     0.0000     0.0806    97.3935     0.0011     4.5458   18.68131    1.27871     55.632    26.5248    26.5251    1477.33          2      12552          2  0.000e+00
  430370996     70.696     71.310   3.400860   3.400701    33.8193    33.8194     6.7375     6.7355     6.7312     6.7292     0.0000     0.0000     0.0806    97.3935     0.0011     4.5458   18.61465    1.27416     55.434    26.5250    26.5254    1477.33          2      12553          2  0.000e+00
  430370996     70.696     71.310   3.400834   3.400644    33.8191    33.8191     6.7373     6.7352     6.7310     6.7289     0.0000     0.0000     0.0806    97.3673     0.0011     4.5446   18.59122    1.27256     55.364    26.5249    26.5252    1477.33          2      12554          2  0.000e+00
  430370996     70.764     71.379   3.400874   3.400689    33.8193    33.8194     6.7376     6.7354     6.7313     6.7290     0.0000     0.0000     0.0794    97.3673     0.0011     4.5446   18.64688    1.27636     55.529    26.5250    26.5254    1477.33          2      12555          2  0.000e+00
  430370996     70.746     71.361   3.400860   3.400663    33.8192    33.8194     6.7375     6.7351     6.7311     6.7287     0.0000     0.0000     0.0806    97.3935     0.0011     4.5458   18.64732    1.27640     55.531    26.5250    26.5255    1477.33          2      12556          2  0.000e+00
  430370996     70.789     71.405   3.400894   3.400650    33.8196    33.8193     6.7374     6.7351     6.7311     6.7287     0.0000     0.0000     0.0794    97.3673     0.0011     4.5446   18.64792    1.27643     55.533    26.5253    26.5253    1477.33          2      12557          2  0.000e+00
  430370996     70.789     71.405   3.400867   3.400650    33.8194    33.8196     6.7373     6.7348     6.7310     6.7284     0.0000     0.0000     0.0806    97.3673     0.0011     4.5446   18.66062    1.27731     55.571    26.5251    26.5256    1477.33          2      12558          2  0.000e+00
  430370996     70.808     71.423   3.400854   3.400650    33.8192    33.8194     6.7374     6.7349     6.7311     6.7286     0.0000     0.0000     0.0794    97.3673     0.0011     4.5446   18.66164    1.27738     55.574    26.5249    26.5255    1477.33          2      12559          2  0.000e+00
  430370996     70.833     71.449   3.400827   3.400650    33.8190    33.8191     6.7373     6.7352     6.7310     6.7289     0.0000     0.0000     0.0806    97.3673     0.0011     4.5446   18.67489    1.27829     55.613    26.5248    26.5252    1477.33          2      12560          2  0.000e+00
  430370996     70.883     71.499   3.400821   3.400631    33.8189    33.8189     6.7373     6.7352     6.7310     6.7289     0.0000     0.0000     0.0818    97.3673     0.0011     4.5446   18.68869    1.27923     55.654    26.5247    26.5250    1477.33          2      12561          2  0.000e+00
  430370996     70.883     71.499   3.400821   3.400644    33.8191    33.8193     6.7371     6.7349     6.7308     6.7286     0.0000     0.0000     0.0818    97.3673     0.0011     4.5446   18.69065    1.27937     55.660    26.5249    26.5254    1477.33          2      12562          2  0.000e+00
  430370996     70.858     71.474   3.400781   3.400631    33.8189    33.8195     6.7368     6.7346     6.7305     6.7282     0.0000     0.0000     0.0818    97.3935     0.0011     4.5458   18.75929    1.28408     55.865    26.5248    26.5256    1477.33          2      12563          2  0.000e+00
  430370996     70.926     71.543   3.400854   3.400644    33.8199    33.8196     6.7366     6.7346     6.7303     6.7282     0.0000     0.0000     0.0806    97.3673     0.0011     4.5446   18.77265    1.28499     55.905    26.5256    26.5256    1477.33          2      12564          2  0.000e+00
  430370996     70.926     71.543   3.400887   3.400631    33.8201    33.8193     6.7368     6.7348     6.7305     6.7284     0.0000     0.0000     0.0818    97.3673     0.0011     4.5446   18.79755    1.28669     55.979    26.5257    26.5254    1477.33          2      12565          2  0.000e+00
  430370996     70.926     71.543   3.400887   3.400644    33.8202    33.8194     6.7367     6.7348     6.7303     6.7284     0.0000     0.0000     0.0806    97.3935     0.0011     4.5458   18.74352    1.28299     55.818    26.5259    26.5255    1477.33          2      12566          2  0.000e+00
  430370996     70.945     71.562   3.400887   3.400669    33.8200    33.8193     6.7370     6.7352     6.7306     6.7289     0.0000     0.0000     0.0806    97.3673     0.0011     4.5446   18.74453    1.28306     55.821    26.5256    26.5253    1477.33          2      12567          2  0.000e+00
  430370996     70.926     71.543   3.400861   3.400682    33.8198    33.8193     6.7368     6.7354     6.7305     6.7290     0.0000     0.0000     0.0806    97.3673     0.0011     4.5446   18.74546    1.28313     55.824    26.5255    26.5253    1477.33          2      12568          2  0.000e+00
  430370996     70.976     71.593   3.400828   3.400682    33.8196    33.8195     6.7366     6.7351     6.7303     6.7287     0.0000     0.0000     0.0806    97.3673     0.0011     4.5446   18.74657    1.28321     55.827    26.5254    26.5255    1477.33          2      12569          2  0.000e+00
  430370996     70.976     71.593   3.400841   3.400560    33.8197    33.8194     6.7367     6.7338     6.7303     6.7275     0.0000     0.0000     0.0818    97.3935     0.0011     4.5458   18.74755    1.28328     55.830    26.5254    26.5256    1477.33          2      12570          2  0.000e+00
  430370996     70.995     71.612   3.400828   3.400522    33.8199    33.8198     6.7364     6.7330     6.7300     6.7266     0.0000     0.0000     0.0818    97.3935     0.0011     4.5458   18.74858    1.28335     55.834    26.5256    26.5260    1477.33          2      12571          2  0.000e+00
  430370996     70.976     71.593   3.400828   3.400528    33.8197    33.8202     6.7365     6.7327     6.7302     6.7263     0.0000     0.0000     0.0806    97.3935     0.0011     4.5458   18.81625    1.28798     56.035    26.5255    26.5264    1477.33          2      12572          2  0.000e+00
  430370996     71.020     71.637   3.400821   3.400502    33.8193    33.8200     6.7368     6.7325     6.7305     6.7262     0.0000     0.0000     0.0806    97.3673     0.0011     4.5446   18.74960    1.28341     55.836    26.5251    26.5263    1477.33          2      12573          2  0.000e+00
  430370996     70.995     71.612   3.400841   3.400541    33.8196    33.8203     6.7368     6.7327     6.7304     6.7263     0.0000     0.0000     0.0806    97.3935     0.0011     4.5458   18.74954    1.28341     55.836    26.5253    26.5265    1477.33          2      12574          2  0.000e+00
  430370996     70.976     71.593   3.400808   3.400509    33.8193    33.8194     6.7367     6.7333     6.7303     6.7269     0.0000     0.0000     0.0806    97.3673     0.0011     4.5446   18.74950    1.28341     55.836    26.5251    26.5256    1477.33          2      12575          2  0.000e+00
  430370996     71.020     71.637   3.400695   3.400567    33.8193    33.8197     6.7354     6.7336     6.7290     6.7272     0.0000     0.0000     0.0806    97.3673     0.0011     4.5446   18.74966    1.28346     55.838    26.5253    26.5258    1477.32          2      12576          2  0.000e+00
  430370997     71.020     71.637   3.400596   3.400612    33.8197    33.8192     6.7339     6.7346     6.7276     6.7282     0.0000     0.0000     0.0818    97.3935     0.0011     4.5458   18.74971    1.28350     55.840    26.5258    26.5253    1477.32          2      12577          2  0.000e+00
  430370997     70.995     71.612   3.400550   3.400624    33.8204    33.8190     6.7327     6.7349     6.7263     6.7285     0.0000     0.0000     0.0806    97.3935     0.0011     4.5458   18.68296    1.27897     55.643    26.5265    26.5252    1477.32          2      12578          2  0.000e+00
  430371152     51.023     51.464   3.434545   3.434495    33.6817    33.6806     7.2644     7.2650     7.2596     7.2602     0.0000     0.0000     0.0794    99.6694     0.0001     4.6520   38.28919    2.59171    112.775    26.3446    26.3436    1478.87          2      16309          3  0.000e+00
  430371152     51.079     51.521   3.434552   3.434501    33.6821    33.6801     7.2641     7.2655     7.2593     7.2607     0.0000     0.0000     0.0794    99.6956     0.0001     4.6532   38.23988    2.58838    112.630    26.3449    26.3432    1478.87          2      16310          3  0.000e+00
  430371152     51.067     51.508   3.434526   3.434501    33.6818    33.6802     7.2641     7.2655     7.2593     7.2607     0.0000     0.0000     0.0806    99.6694     0.0001     4.6520   38.24549    2.58876    112.647    26.3447    26.3432    1478.87          2      16311          3  0.000e+00
  430371152     51.067     51.508   3.434499   3.434520    33.6812    33.6805     7.2644     7.2653     7.2596     7.2605     0.0000     0.0000     0.0794    99.6956     0.0001     4.6532   38.23980    2.58837    112.629    26.3442    26.3435    1478.87          2      16312          3  0.000e+00
  430371152     51.067     51.508   3.434512   3.434501    33.6809    33.6803     7.2649     7.2654     7.2601     7.2606     0.0000     0.0000     0.0794    99.6694     0.0001     4.6520   38.23409    2.58796    112.612    26.3439    26.3433    1478.88          2      16313          3  0.000e+00
  430371152     51.079     51.521   3.434539   3.434520    33.6808    33.6804     7.2652     7.2655     7.2604     7.2607     0.0000     0.0000     0.0806    99.6956     0.0001     4.6532   38.24028    2.58836    112.629    26.3438    26.3434    1478.88          2      16314          3  0.000e+00
  430371152     51.110     51.552   3.434532   3.434533    33.6809    33.6805     7.2650     7.2655     7.2602     7.2607     0.0000     0.0000     0.0806    99.6956     0.0001     4.6532   38.24707    2.58883    112.650    26.3439    26.3435    1478.88          2      16315          3  0.000e+00
  430371152     51.067     51.508   3.434545   3.434488    33.6814    33.6803     7.2647     7.2652     7.2599     7.2604     0.0000     0.0000     0.0806    99.6956     0.0001     4.6532   38.25397    2.58931    112.670    26.3443    26.3433    1478.88          2      16316          3  0.000e+00
  430371152     51.123     51.565   3.434526   3.434514    33.6815    33.6804     7.2644     7.2653     7.2596     7.2605     0.0000     0.0000     0.0806    99.6694     0.0001     4.6520   38.25001    2.58906    112.659    26.3444    26.3434    1478.88          2      16317          3  0.000e+00
