ROS/FK009A_CTD025_20130822.ros
* Sea-Bird SBE 9 Data File:
* FileName = C:\Falkor-Data-2013\FK009A\CTD\FK009A_CTD025_20130822.hex
* Software Version Seasave V 7.21f
* Temperature SN = 5483
* Conductivity SN = 3916
* Number of Bytes Per Scan = 41
* Number of Voltage Words = 4
* Number of Scans Averaged by the Deck Unit = 1
* NMEA Latitude = 48 47.95 N
* NMEA Longitude = 125 15.93 W
* NMEA UTC (Time) = Aug 22 2013 20:02:54
* NMEA baud rate = 4800
** Ship: RV Falkor
** Station: MB16
** Operator: Nathan Cunningham
# nquan = 27
# nvalues = 196                                   
# units = specified
# name 0 = timeQ: Time, NMEA [seconds]
# name 1 = depSM: Depth [salt water, m]
# name 2 = prDM: Pressure, Digiquartz [db]
# name 3 = c0S/m: Conductivity [S/m]
# name 4 = c1S/m: Conductivity, 2 [S/m]
# name 5 = sal00: Salinity, Practical [PSU]
# name 6 = sal11: Salinity, Practical, 2 [PSU]
# name 7 = t090C: Temperature [ITS-90, deg C]
# name 8 = t190C: Temperature, 2 [ITS-90, deg C]
# name 9 = potemp090C: Potential Temperature [ITS-90, deg C]
# name 10 = potemp190C: Potential Temperature, 2 [ITS-90, deg C]
# name 11 = v2: Voltage 2
# name 12 = v3: Voltage 3
# name 13 = v0: Voltage 0
# name 14 = CStarTr0: Beam Transmission, WET Labs C-Star [%]
# name 15 = CStarAt0: Beam Attenuation, WET Labs C-Star [1/m]
# name 16 = v5: Voltage 5
# name 17 = sbeox0PS: Oxygen, SBE 43 [% saturation]
# name 18 = sbeox0ML/L: Oxygen, SBE 43 [ml/l]
# name 19 = sbeox0Mm/Kg: Oxygen, SBE 43 [umol/Kg]
# name 20 = sigma-é00: Density [sigma-theta, Kg/m^3]
# name 21 = sigma-é11: Density, 2 [sigma-theta, Kg/m^3]
# name 22 = svCM: Sound Velocity [Chen-Millero, m/s]
# name 23 = modError: Modulo Error Count
# name 24 = scan: Scan Count
# name 25 = nbf: Bottles Fired
# name 26 = flag:  0.000e+00
# interval = seconds: 0.0416667
# start_time = Aug 22 2013 20:02:54 [NMEA time, first data scan]
# bad_flag = -9.990e-29
*END*
  430517438     94.193     95.019   3.426846   3.426717    33.3570    33.3574     7.4920     7.4902     7.4830     7.4812     0.0000     0.0012     0.1026    85.0983     0.0065     3.9719   31.25543    2.10914     91.802    26.0579    26.0584    1480.06          0      11147          1  0.000e+00
  430517438     94.193     95.019   3.426880   3.426704    33.3577    33.3569     7.4917     7.4905     7.4827     7.4815     0.0000     0.0000     0.1038    85.0983     0.0065     3.9719   31.30487    2.11248     91.947    26.0585    26.0580    1480.06          0      11148          1  0.000e+00
  430517438     94.193     95.019   3.426853   3.426768    33.3579    33.3570     7.4912     7.4912     7.4822     7.4822     0.0000     0.0000     0.1026    85.0983     0.0065     3.9719   31.31012    2.11285     91.964    26.0587    26.0580    1480.06          0      11149          1  0.000e+00
  430517438     94.193     95.019   3.426860   3.426781    33.3578    33.3565     7.4913     7.4918     7.4824     7.4829     0.0000     0.0000     0.1026    85.0983     0.0065     3.9719   31.31485    2.11317     91.977    26.0586    26.0575    1480.06          0      11150          1  0.000e+00
  430517438     94.193     95.019   3.426846   3.426788    33.3573    33.3560     7.4917     7.4924     7.4827     7.4834     0.0000     0.0000     0.1026    85.0460     0.0065     3.9695   31.31911    2.11344     91.989    26.0582    26.0570    1480.06          0      11151          1  0.000e+00
  430517439     94.193     95.019   3.426860   3.426807    33.3572    33.3563     7.4919     7.4923     7.4830     7.4833     0.0000     0.0000     0.1026    85.0198     0.0065     3.9683   31.32289    2.11369     92.000    26.0581    26.0573    1480.06          0      11152          1  0.000e+00
  430517439     94.150     94.975   3.426846   3.426820    33.3574    33.3557     7.4917     7.4930     7.4827     7.4841     0.0000     0.0000     0.1026    85.0198     0.0065     3.9683   31.32605    2.11391     92.010    26.0582    26.0567    1480.06          0      11153          1  0.000e+00
  430517439     94.150     94.975   3.426860   3.426846    33.3569    33.3544     7.4923     7.4947     7.4833     7.4857     0.0000     0.0000     0.1026    85.0198     0.0065     3.9683   31.32886    2.11408     92.017    26.0578    26.0555    1480.06          0      11154          1  0.000e+00
  430517439     94.193     95.019   3.426893   3.426891    33.3568    33.3539     7.4927     7.4958     7.4838     7.4868     0.0000     0.0000     0.1026    85.0198     0.0065     3.9683   31.33139    2.11423     92.024    26.0576    26.0549    1480.06          0      11155          1  0.000e+00
  430517439     94.193     95.019   3.426880   3.426865    33.3562    33.3536     7.4932     7.4958     7.4843     7.4869     0.0000     0.0000     0.1026    85.0198     0.0065     3.9683   31.33326    2.11434     92.028    26.0571    26.0546    1480.06          0      11156          1  0.000e+00
  430517439     94.150     94.975   3.426893   3.426846    33.3566    33.3543     7.4929     7.4948     7.4840     7.4859     0.0000     0.0000     0.1026    85.0198     0.0065     3.9683   31.33452    2.11443     92.032    26.0574    26.0553    1480.06          0      11157          1  0.000e+00
  430517439     94.150     94.975   3.426899   3.426781    33.3569    33.3549     7.4927     7.4935     7.4838     7.4846     0.0000     0.0000     0.1026    85.0198     0.0065     3.9683   31.41385    2.11979     92.266    26.0577    26.0560    1480.06          0      11158          1  0.000e+00
  430517439     94.143     94.969   3.426926   3.426801    33.3577    33.3555     7.4923     7.4931     7.4833     7.4842     0.0000     0.0000     0.1026    85.0198     0.0065     3.9683   31.37108    2.11692     92.141    26.0583    26.0565    1480.06          0      11159          1  0.000e+00
  430517439     94.193     95.019   3.426886   3.426794    33.3573    33.3556     7.4921     7.4929     7.4832     7.4839     0.0000     0.0000     0.1026    85.0198     0.0065     3.9683   31.38362    2.11778     92.178    26.0581    26.0566    1480.06          0      11160          1  0.000e+00
  430517439     94.150     94.975   3.426873   3.426833    33.3572    33.3558     7.4921     7.4931     7.4831     7.4842     0.0000     0.0000     0.1026    85.0198     0.0065     3.9683   31.38392    2.11780     92.179    26.0580    26.0568    1480.06          0      11161          1  0.000e+00
  430517439     94.100     94.925   3.426913   3.426794    33.3578    33.3553     7.4919     7.4932     7.4830     7.4843     0.0000     0.0000     0.1026    85.0198     0.0065     3.9683   31.38373    2.11779     92.178    26.0585    26.0564    1480.06          0      11162          1  0.000e+00
  430517439     94.150     94.975   3.426860   3.426762    33.3572    33.3546     7.4919     7.4936     7.4830     7.4846     0.0000     0.0000     0.1026    85.0198     0.0065     3.9683   31.38346    2.11778     92.178    26.0581    26.0558    1480.06          0      11163          1  0.000e+00
  430517439     94.150     94.975   3.426840   3.426749    33.3573    33.3548     7.4917     7.4933     7.4827     7.4843     0.0000     0.0000     0.1026    85.0198     0.0065     3.9683   31.37066    2.11692     92.141    26.0581    26.0559    1480.06          0      11164          1  0.000e+00
  430517439     94.150     94.975   3.426860   3.426756    33.3580    33.3553     7.4912     7.4927     7.4822     7.4838     0.0000     0.0000     0.1038    85.0198     0.0065     3.9683   31.36880    2.11681     92.136    26.0587    26.0565    1480.06          0      11165          1  0.000e+00
  430517439     94.100     94.925   3.426873   3.426762    33.3583    33.3559     7.4910     7.4923     7.4821     7.4833     0.0000     0.0000     0.1038    85.0198     0.0065     3.9683   31.35437    2.11584     92.094    26.0590    26.0569    1480.06          0      11166          1  0.000e+00
  430517439     94.150     94.975   3.426846   3.426775    33.3575    33.3565     7.4915     7.4918     7.4826     7.4828     0.0000     0.0000     0.1050    85.0198     0.0065     3.9683   31.35122    2.11562     92.084    26.0583    26.0575    1480.06          0      11167          1  0.000e+00
  430517439     94.100     94.925   3.426840   3.426762    33.3570    33.3568     7.4919     7.4913     7.4830     7.4824     0.0000     0.0000     0.1038    85.0198     0.0065     3.9683   31.34720    2.11533     92.072    26.0579    26.0578    1480.06          0      11168          1  0.000e+00
  430517439     94.149     94.975   3.426840   3.426685    33.3574    33.3577     7.4915     7.4895     7.4826     7.4806     0.0000     0.0000     0.1038    85.0198     0.0065     3.9683   31.35502    2.11587     92.095    26.0583    26.0587    1480.06          0      11169          1  0.000e+00
  430517439     94.100     94.925   3.426747   3.426665    33.3565    33.3605     7.4915     7.4864     7.4826     7.4774     0.0000     0.0000     0.1038    85.0198     0.0065     3.9683   31.35054    2.11559     92.083    26.0575    26.0614    1480.06          0      11170          1  0.000e+00
  430517439     94.149     94.975   3.426740   3.426691    33.3580    33.3612     7.4897     7.4859     7.4808     7.4770     0.0000     0.0000     0.1038    85.0983     0.0065     3.9719   31.34610    2.11535     92.072    26.0590    26.0621    1480.05          0      11171          1  0.000e+00
  430517439     94.056     94.881   3.426727   3.426639    33.3606    33.3589     7.4870     7.4878     7.4781     7.4789     0.0000     0.0000     0.1038    85.1768     0.0064     3.9756   31.40717    2.11957     92.256    26.0614    26.0600    1480.04          0      11172          1  0.000e+00
  430517439     94.149     94.975   3.426668   3.426607    33.3629    33.3580     7.4838     7.4883     7.4749     7.4794     0.0000     0.0000     0.1038    85.2030     0.0064     3.9768   31.41296    2.12008     92.278    26.0637    26.0592    1480.04          0      11173          1  0.000e+00
  430517439     94.100     94.925   3.426654   3.426620    33.3630    33.3576     7.4836     7.4889     7.4747     7.4800     0.0000     0.0000     0.1038    85.1768     0.0064     3.9756   31.41704    2.12036     92.290    26.0638    26.0588    1480.03          0      11174          1  0.000e+00
  430517439     94.100     94.925   3.426674   3.426607    33.3621    33.3573     7.4848     7.4891     7.4759     7.4801     0.0000     0.0000     0.1038    85.1768     0.0064     3.9756   31.48681    2.12503     92.493    26.0629    26.0585    1480.04          0      11175          1  0.000e+00
  430517440     94.100     94.925   3.426727   3.426549    33.3618    33.3590     7.4858     7.4867     7.4768     7.4777     0.0000     0.0000     0.1038    85.2030     0.0064     3.9768   31.50004    2.12588     92.530    26.0625    26.0602    1480.04          0      11176          1  0.000e+00
  430517440     94.100     94.925   3.426727   3.426562    33.3615    33.3608     7.4860     7.4849     7.4771     7.4760     0.0000     0.0000     0.1038    85.1768     0.0064     3.9756   31.44538    2.12218     92.369    26.0623    26.0618    1480.04          0      11177          1  0.000e+00
  430517440     94.100     94.925   3.426760   3.426556    33.3601    33.3600     7.4878     7.4857     7.4789     7.4768     0.0000     0.0000     0.1038    85.1768     0.0064     3.9756   31.45667    2.12287     92.400    26.0609    26.0611    1480.05          0      11178          1  0.000e+00
  430517440     94.100     94.925   3.426754   3.426562    33.3587    33.3600     7.4893     7.4857     7.4803     7.4768     0.0000     0.0000     0.1038    85.1768     0.0064     3.9756   31.46749    2.12356     92.429    26.0596    26.0611    1480.05          0      11179          1  0.000e+00
  430517440     94.100     94.925   3.426767   3.426549    33.3582    33.3601     7.4899     7.4855     7.4810     7.4766     0.0000     0.0000     0.1038    85.1768     0.0064     3.9756   31.53254    2.12792     92.619    26.0591    26.0612    1480.05          0      11180          1  0.000e+00
  430517440     94.100     94.925   3.426780   3.426581    33.3579    33.3602     7.4904     7.4857     7.4815     7.4768     0.0000     0.0000     0.1038    85.1768     0.0064     3.9756   31.47455    2.12399     92.448    26.0588    26.0613    1480.05          0      11181          1  0.000e+00
  430517440     94.100     94.925   3.426800   3.426575    33.3583    33.3602     7.4902     7.4857     7.4813     7.4768     0.0000     0.0000     0.1038    85.1768     0.0064     3.9756   31.47076    2.12374     92.437    26.0591    26.0613    1480.05          0      11182          1  0.000e+00
  430517440     94.100     94.925   3.426787   3.426556    33.3584    33.3600     7.4899     7.4857     7.4810     7.4768     0.0000     0.0000     0.1050    85.1768     0.0064     3.9756   31.46604    2.12343     92.424    26.0593    26.0611    1480.05          0      11183          1  0.000e+00
  430517440     94.100     94.925   3.426780   3.426536    33.3583    33.3600     7.4899     7.4854     7.4810     7.4765     0.0000     0.0000     0.1038    85.1768     0.0064     3.9756   31.46034    2.12305     92.407    26.0592    26.0612    1480.05          0      11184          1  0.000e+00
  430517440     94.100     94.925   3.426754   3.426517    33.3582    33.3608     7.4897     7.4844     7.4808     7.4755     0.0000     0.0000     0.1038    85.1768     0.0064     3.9756   31.52021    2.12710     92.583    26.0591    26.0619    1480.05          0      11185          1  0.000e+00
  430517440     94.100     94.925   3.426787   3.426504    33.3584    33.3606     7.4899     7.4845     7.4810     7.4755     0.0000     0.0000     0.1050    85.2030     0.0064     3.9768   31.53539    2.12811     92.628    26.0593    26.0618    1480.05          0      11186          1  0.000e+00
  430517440     94.100     94.925   3.426760   3.426510    33.3581    33.3595     7.4899     7.4857     7.4810     7.4768     0.0000     0.0000     0.1050    85.1768     0.0064     3.9756   31.54963    2.12907     92.670    26.0591    26.0607    1480.05          0      11187          1  0.000e+00
  430517440     94.100     94.925   3.426767   3.426478    33.3579    33.3593     7.4902     7.4855     7.4813     7.4766     0.0000     0.0000     0.1038    85.1768     0.0064     3.9756   31.56290    2.12996     92.708    26.0588    26.0606    1480.05          0      11188          1  0.000e+00
  430517440     94.100     94.925   3.426780   3.426478    33.3580    33.3606     7.4902     7.4842     7.4813     7.4752     0.0000     0.0000     0.1038    85.1768     0.0064     3.9756   31.57524    2.13079     92.744    26.0589    26.0618    1480.05          0      11189          1  0.000e+00
  430517440     94.100     94.925   3.426780   3.426530    33.3576    33.3627     7.4907     7.4825     7.4818     7.4736     0.0000     0.0000     0.1038    85.1768     0.0064     3.9756   31.58660    2.13154     92.777    26.0585    26.0637    1480.05          0      11190          1  0.000e+00
  430517440     94.100     94.925   3.426780   3.426491    33.3571    33.3631     7.4912     7.4818     7.4822     7.4728     0.0000     0.0000     0.1050    85.2030     0.0064     3.9768   31.59701    2.13222     92.807    26.0581    26.0641    1480.06          0      11191          1  0.000e+00
  430517440     94.100     94.925   3.426800   3.426433    33.3575    33.3631     7.4910     7.4811     7.4821     7.4722     0.0000     0.0000     0.1038    85.2291     0.0064     3.9780   31.60651    2.13287     92.835    26.0584    26.0642    1480.06          0      11192          1  0.000e+00
  430517440     94.100     94.925   3.426787   3.426433    33.3583    33.3629     7.4901     7.4812     7.4811     7.4723     0.0000     0.0000     0.1038    85.2291     0.0064     3.9780   31.60325    2.13268     92.827    26.0591    26.0640    1480.05          0      11193          1  0.000e+00
  430517440     94.149     94.975   3.426780   3.426420    33.3585    33.3638     7.4897     7.4802     7.4808     7.4712     0.0000     0.0000     0.1038    85.2291     0.0064     3.9780   31.67711    2.13768     93.044    26.0594    26.0649    1480.05          0      11194          1  0.000e+00
  430517440     94.100     94.925   3.426800   3.426433    33.3586    33.3659     7.4899     7.4782     7.4810     7.4692     0.0000     0.0000     0.1038    85.2291     0.0064     3.9780   31.68211    2.13801     93.058    26.0594    26.0668    1480.05          0      11195          1  0.000e+00
  430517577     75.221     75.877   3.449958   3.449607    32.9582    32.9477     8.1820     8.1891     8.1745     8.1816     0.0000     0.0000     0.1111    93.7311     0.0026     4.3748   42.05029    2.80089    121.960    25.6450    25.6357    1481.88          0      14465          2  0.000e+00
  430517577     75.240     75.896   3.449978   3.449600    32.9594    32.9481     8.1809     8.1886     8.1734     8.1811     0.0000     0.0000     0.1111    93.7834     0.0026     4.3773   42.11952    2.80554    122.163    25.6461    25.6361    1481.88          0      14466          2  0.000e+00
  430517577     75.271     75.927   3.450005   3.449620    32.9600    32.9488     8.1805     8.1881     8.1731     8.1806     0.0000     0.0000     0.1111    93.8357     0.0025     4.3797   42.06753    2.80209    122.012    25.6466    25.6367    1481.88          0      14467          2  0.000e+00
  430517577     75.240     75.896   3.450038   3.449632    32.9622    32.9494     8.1786     8.1877     8.1711     8.1802     0.0000     0.0000     0.1111    93.8357     0.0025     4.3797   42.00435    2.79797    121.832    25.6486    25.6372    1481.87          0      14468          2  0.000e+00
