ROS/FK009A_CTD003_20130819.ros
* Sea-Bird SBE 9 Data File:
* FileName = C:\Falkor-Data-2013\FK009A\CTD\FK009A_CTD003_20130819.hex
* Software Version Seasave V 7.21f
* Temperature SN = 5483
* Conductivity SN = 3916
* Number of Bytes Per Scan = 41
* Number of Voltage Words = 4
* Number of Scans Averaged by the Deck Unit = 1
* NMEA Latitude = 48 25.29 N
* NMEA Longitude = 125 28.62 W
* NMEA UTC (Time) = Aug 19 2013 21:05:36
* NMEA baud rate = 4800
** Ship:
** Station: LB08
** Operator:
# nquan = 27
# nvalues = 441                                   
# units = specified
# name 0 = timeQ: Time, NMEA [seconds]
# name 1 = depSM: Depth [salt water, m]
# name 2 = prDM: Pressure, Digiquartz [db]
# name 3 = c0S/m: Conductivity [S/m]
# name 4 = c1S/m: Conductivity, 2 [S/m]
# name 5 = sal00: Salinity, Practical [PSU]
# name 6 = sal11: Salinity, Practical, 2 [PSU]
# name 7 = t090C: Temperature [ITS-90, deg C]
# name 8 = t190C: Temperature, 2 [ITS-90, deg C]
# name 9 = potemp090C: Potential Temperature [ITS-90, deg C]
# name 10 = potemp190C: Potential Temperature, 2 [ITS-90, deg C]
# name 11 = v2: Voltage 2
# name 12 = v3: Voltage 3
# name 13 = v0: Voltage 0
# name 14 = CStarTr0: Beam Transmission, WET Labs C-Star [%]
# name 15 = CStarAt0: Beam Attenuation, WET Labs C-Star [1/m]
# name 16 = v5: Voltage 5
# name 17 = sbeox0PS: Oxygen, SBE 43 [% saturation]
# name 18 = sbeox0ML/L: Oxygen, SBE 43 [ml/l]
# name 19 = sbeox0Mm/Kg: Oxygen, SBE 43 [umol/Kg]
# name 20 = sigma-é00: Density [sigma-theta, Kg/m^3]
# name 21 = sigma-é11: Density, 2 [sigma-theta, Kg/m^3]
# name 22 = svCM: Sound Velocity [Chen-Millero, m/s]
# name 23 = modError: Modulo Error Count
# name 24 = scan: Scan Count
# name 25 = nbf: Bottles Fired
# name 26 = flag:  0.000e+00
# interval = seconds: 0.0416667
# start_time = Aug 19 2013 21:05:37 [NMEA time, first data scan]
# bad_flag = -9.990e-29
*END*
[from data line 54]
  430262076    110.766    111.738   3.376727   3.376518    33.9059    33.9054     6.3596     6.3578     6.3499     6.3481     3.1538     0.7875     0.0794    94.3851     0.0023     4.4054   10.95236    0.75583     32.879    26.6435    26.6433    1476.62          0      12952          2  0.000e+00
  430262076    110.729    111.701   3.376674   3.376505    33.9058    33.9052     6.3591     6.3578     6.3495     6.3481     3.1538     0.7888     0.0806    94.3851     0.0023     4.4054   10.88033    0.75087     32.664    26.6435    26.6432    1476.61          0      12953          2  0.000e+00
  430262076    110.779    111.751   3.376680   3.376485    33.9059    33.9047     6.3591     6.3581     6.3495     6.3484     3.1538     0.7888     0.0794    94.3851     0.0023     4.4054   10.93122    0.75438     32.816    26.6435    26.6427    1476.61          0      12954          2  0.000e+00
  430262076    110.673    111.644   3.376687   3.376485    33.9057    33.9051     6.3594     6.3578     6.3498     6.3481     3.1538     0.7888     0.0806    94.3066     0.0023     4.4017   10.92603    0.75402     32.801    26.6433    26.6430    1476.61          0      12955          2  0.000e+00
  430262076    110.642    111.612   3.376694   3.376498    33.9059    33.9051     6.3593     6.3579     6.3496     6.3483     3.1538     0.7888     0.0806    94.2805     0.0024     4.4005   10.85299    0.74898     32.581    26.6435    26.6430    1476.61          0      12956          2  0.000e+00
  430262076    110.642    111.612   3.376713   3.376466    33.9061    33.9047     6.3593     6.3579     6.3496     6.3483     3.1538     0.7875     0.0794    94.2543     0.0024     4.3993   10.90280    0.75242     32.731    26.6437    26.6427    1476.61          0      12957          2  0.000e+00
  430262076    110.592    111.562   3.376694   3.376517    33.9059    33.9053     6.3593     6.3579     6.3496     6.3483     3.1538     0.7888     0.0794    94.2543     0.0024     4.3993   10.90929    0.75286     32.750    26.6435    26.6432    1476.61          0      12958          2  0.000e+00
  430262077    110.629    111.600   3.376720   3.376485    33.9062    33.9049     6.3593     6.3579     6.3496     6.3483     3.1538     0.7888     0.0794    94.2805     0.0024     4.4005   10.84844    0.74866     32.568    26.6437    26.6429    1476.61          0      12959          2  0.000e+00
  430262077    110.548    111.518   3.376720   3.376505    33.9062    33.9052     6.3593     6.3579     6.3496     6.3483     3.1538     0.7888     0.0781    94.2543     0.0024     4.3993   10.84329    0.74831     32.552    26.6438    26.6431    1476.61          0      12960          2  0.000e+00
  430262077    110.548    111.518   3.376674   3.376517    33.9057    33.9053     6.3593     6.3579     6.3496     6.3483     3.1538     0.7875     0.0781    94.2543     0.0024     4.3993   10.90620    0.75265     32.741    26.6434    26.6432    1476.61          0      12961          2  0.000e+00
  430262077    110.492    111.461   3.376713   3.376505    33.9062    33.9051     6.3593     6.3581     6.3496     6.3485     3.1538     0.7875     0.0794    94.2543     0.0024     4.3993   10.91368    0.75317     32.763    26.6437    26.6430    1476.61          0      12962          2  0.000e+00
  430262077    110.498    111.467   3.376694   3.376485    33.9058    33.9050     6.3594     6.3579     6.3498     6.3483     3.1538     0.7888     0.0794    94.2805     0.0024     4.4005   10.92125    0.75369     32.786    26.6434    26.6430    1476.61          0      12963          2  0.000e+00
  430262077    110.454    111.423   3.376667   3.376505    33.9057    33.9052     6.3593     6.3579     6.3496     6.3483     3.1538     0.7888     0.0781    94.2543     0.0024     4.3993   10.86130    0.74955     32.606    26.6434    26.6431    1476.61          0      12964          2  0.000e+00
  430262077    110.442    111.411   3.376680   3.376479    33.9060    33.9049     6.3591     6.3579     6.3495     6.3483     3.1538     0.7863     0.0781    94.2543     0.0024     4.3993   10.85725    0.74928     32.594    26.6436    26.6429    1476.61          0      12965          2  0.000e+00
  430262077    110.411    111.379   3.376667   3.376479    33.9057    33.9050     6.3593     6.3579     6.3497     6.3483     3.1538     0.7875     0.0794    94.2805     0.0024     4.4005   10.92113    0.75368     32.786    26.6434    26.6429    1476.61          0      12966          2  0.000e+00
  430262077    110.411    111.379   3.376680   3.376485    33.9059    33.9050     6.3593     6.3579     6.3497     6.3483     3.1538     0.7888     0.0794    94.2543     0.0024     4.3993   10.94230    0.75514     32.849    26.6435    26.6430    1476.61          0      12967          2  0.000e+00
  430262077    110.361    111.329   3.376667   3.376485    33.9058    33.9051     6.3593     6.3579     6.3497     6.3483     3.1538     0.7888     0.0794    94.2805     0.0024     4.4005   10.89645    0.75198     32.712    26.6434    26.6430    1476.61          0      12968          2  0.000e+00
  430262077    110.354    111.323   3.376687   3.376498    33.9063    33.9054     6.3590     6.3578     6.3493     6.3482     3.1526     0.7888     0.0794    94.2543     0.0024     4.3993   10.89443    0.75184     32.706    26.6439    26.6433    1476.61          0      12969          2  0.000e+00
  430262077    110.317    111.285   3.376687   3.376485    33.9062    33.9051     6.3591     6.3579     6.3495     6.3483     3.1538     0.7863     0.0781    94.2543     0.0024     4.3993   10.96031    0.75639     32.904    26.6437    26.6430    1476.61          0      12970          2  0.000e+00
  430262077    110.317    111.285   3.376687   3.376505    33.9058    33.9054     6.3594     6.3578     6.3498     6.3482     3.1538     0.7863     0.0781    94.2805     0.0024     4.4005   10.97089    0.75711     32.935    26.6434    26.6433    1476.61          0      12971          2  0.000e+00
  430262077    110.304    111.272   3.376687   3.376460    33.9060    33.9045     6.3593     6.3582     6.3497     6.3486     3.1538     0.7875     0.0794    94.2543     0.0024     4.3993   11.04891    0.76250     33.169    26.6436    26.6425    1476.61          0      12972          2  0.000e+00
  430262077    110.223    111.190   3.376667   3.376421    33.9058    33.9043     6.3593     6.3581     6.3497     6.3485     3.1538     0.7875     0.0794    94.2543     0.0024     4.3993   11.00351    0.75937     33.033    26.6434    26.6424    1476.61          0      12973          2  0.000e+00
  430262077    110.273    111.241   3.376680   3.376466    33.9061    33.9049     6.3591     6.3579     6.3495     6.3483     3.1538     0.7875     0.0794    94.2543     0.0024     4.3993   11.00107    0.75920     33.026    26.6437    26.6429    1476.61          0      12974          2  0.000e+00
  430262077    110.261    111.228   3.376687   3.376472    33.9062    33.9051     6.3591     6.3578     6.3495     6.3482     3.1538     0.7875     0.0781    94.2020     0.0024     4.3968   10.93058    0.75434     32.814    26.6437    26.6431    1476.61          0      12975          2  0.000e+00
  430262077    110.223    111.190   3.376693   3.376479    33.9063    33.9049     6.3591     6.3581     6.3495     6.3485     3.1538     0.7888     0.0781    94.1497     0.0024     4.3944   10.91541    0.75329     32.769    26.6438    26.6429    1476.61          0      12976          2  0.000e+00
  430262077    110.180    111.146   3.376687   3.376485    33.9061    33.9048     6.3593     6.3582     6.3497     6.3486     3.1538     0.7875     0.0794    94.1235     0.0024     4.3932   10.90023    0.75224     32.723    26.6436    26.6428    1476.61          0      12977          2  0.000e+00
  430262077    110.223    111.190   3.376687   3.376472    33.9064    33.9050     6.3590     6.3579     6.3493     6.3483     3.1538     0.7875     0.0794    94.1235     0.0024     4.3932   10.88518    0.75120     32.678    26.6439    26.6430    1476.61          0      12978          2  0.000e+00
  430262077    110.167    111.134   3.376667   3.376479    33.9058    33.9052     6.3593     6.3578     6.3497     6.3482     3.1538     0.7888     0.0794    94.1235     0.0024     4.3932   10.88258    0.75102     32.670    26.6435    26.6432    1476.61          0      12979          2  0.000e+00
  430262077    110.180    111.146   3.376687   3.376485    33.9064    33.9050     6.3590     6.3581     6.3493     6.3485     3.1538     0.7888     0.0794    94.1235     0.0024     4.3932   10.88058    0.75089     32.664    26.6439    26.6429    1476.60          0      12980          2  0.000e+00
  430262077    110.130    111.096   3.376667   3.376498    33.9057    33.9053     6.3594     6.3579     6.3498     6.3483     3.1538     0.7875     0.0781    94.1497     0.0024     4.3944   10.94644    0.75543     32.862    26.6433    26.6432    1476.60          0      12981          2  0.000e+00
  430262077    110.167    111.134   3.376680   3.376485    33.9062    33.9052     6.3591     6.3579     6.3495     6.3483     3.1538     0.7875     0.0794    94.1235     0.0024     4.3932   10.95708    0.75616     32.894    26.6437    26.6431    1476.60          0      12982          2  0.000e+00
  430262078    110.130    111.096   3.376667   3.376460    33.9062    33.9049     6.3590     6.3579     6.3494     6.3483     3.1538     0.7888     0.0794    94.1235     0.0024     4.3932   10.90017    0.75224     32.723    26.6438    26.6429    1476.60          0      12983          2  0.000e+00
  430262078    110.086    111.052   3.376660   3.376466    33.9060    33.9047     6.3591     6.3582     6.3495     6.3487     3.1538     0.7888     0.0806    94.1497     0.0024     4.3944   10.88650    0.75129     32.682    26.6436    26.6427    1476.60          0      12984          2  0.000e+00
  430262078    110.130    111.096   3.376634   3.376505    33.9058    33.9054     6.3590     6.3579     6.3494     6.3483     3.1526     0.7888     0.0806    94.1235     0.0024     4.3932   10.94041    0.75502     32.844    26.6435    26.6433    1476.60          0      12985          2  0.000e+00
  430262078    110.123    111.090   3.376647   3.376517    33.9058    33.9057     6.3591     6.3578     6.3495     6.3482     3.1526     0.7888     0.0794    94.1497     0.0024     4.3944   10.87093    0.75022     32.635    26.6435    26.6435    1476.60          0      12986          2  0.000e+00
  430262078    110.086    111.052   3.376660   3.376517    33.9061    33.9054     6.3590     6.3581     6.3494     6.3485     3.1526     0.7875     0.0806    94.1235     0.0024     4.3932   10.85677    0.74924     32.593    26.6437    26.6433    1476.60          0      12987          2  0.000e+00
  430262078    110.130    111.096   3.376661   3.376479    33.9061    33.9049     6.3590     6.3581     6.3494     6.3485     3.1538     0.7875     0.0806    94.1235     0.0024     4.3932   10.85532    0.74915     32.589    26.6437    26.6429    1476.60          0      12988          2  0.000e+00
  430262078    110.073    111.039   3.376680   3.376479    33.9064    33.9053     6.3590     6.3578     6.3494     6.3482     3.1526     0.7875     0.0806    94.1497     0.0024     4.3944   10.85424    0.74907     32.585    26.6439    26.6432    1476.60          0      12989          2  0.000e+00
  430262078    110.086    111.052   3.376647   3.376485    33.9060    33.9052     6.3590     6.3579     6.3494     6.3483     3.1526     0.7875     0.0794    94.1235     0.0024     4.3932   10.85375    0.74904     32.584    26.6436    26.6431    1476.60          0      12990          2  0.000e+00
  430262078    110.086    111.052   3.376674   3.376447    33.9063    33.9046     6.3590     6.3581     6.3494     6.3485     3.1538     0.7875     0.0794    94.1235     0.0024     4.3932   10.84116    0.74817     32.546    26.6438    26.6426    1476.60          0      12991          2  0.000e+00
  430262078    110.073    111.039   3.376614   3.376447    33.9057    33.9048     6.3588     6.3579     6.3492     6.3483     3.1538     0.7863     0.0794    94.1235     0.0024     4.3932   10.82854    0.74730     32.508    26.6434    26.6428    1476.60          0      12992          2  0.000e+00
  430262078    110.130    111.096   3.376641   3.376472    33.9059    33.9050     6.3590     6.3579     6.3494     6.3483     3.1538     0.7875     0.0806    94.1235     0.0024     4.3932   10.81602    0.74643     32.471    26.6435    26.6430    1476.60          0      12993          2  0.000e+00
  430262078    110.042    111.008   3.376641   3.376472    33.9058    33.9051     6.3591     6.3579     6.3495     6.3483     3.1526     0.7888     0.0806    94.1235     0.0024     4.3932   10.81590    0.74642     32.470    26.6434    26.6430    1476.60          0      12994          2  0.000e+00
  430262078    110.130    111.096   3.376628   3.376479    33.9057    33.9053     6.3590     6.3578     6.3494     6.3482     3.1538     0.7875     0.0806    94.1497     0.0024     4.3944   10.81653    0.74647     32.472    26.6434    26.6432    1476.60          0      12995          2  0.000e+00
  430262175    101.474    102.362   3.377975   3.377759    33.8976    33.8968     6.3867     6.3850     6.3778     6.3762     3.0818     0.7912     0.0806    95.5623     0.0018     4.4603   12.42469    0.85695     37.278    26.6333    26.6328    1476.56          0      15320          3  0.000e+00
  430262175    101.518    102.406   3.378002   3.377765    33.8975    33.8965     6.3870     6.3854     6.3781     6.3765     3.0818     0.7900     0.0818    95.5361     0.0018     4.4591   12.46197    0.85951     37.390    26.6332    26.6326    1476.56          0      15321          3  0.000e+00
  430262175    101.524    102.412   3.377982   3.377752    33.8973    33.8963     6.3869     6.3854     6.3781     6.3765     3.0818     0.7888     0.0818    95.5361     0.0018     4.4591   12.45596    0.85910     37.372    26.6331    26.6325    1476.56          0      15322          3  0.000e+00
  430262175    101.474    102.362   3.378022   3.377759    33.8978    33.8963     6.3870     6.3855     6.3781     6.3766     3.0818     0.7900     0.0818    95.5623     0.0018     4.4603   12.51718    0.86332     37.556    26.6334    26.6324    1476.56          0      15323          3  0.000e+00
  430262175    101.474    102.362   3.377989   3.377784    33.8974    33.8967     6.3870     6.3854     6.3781     6.3765     3.0818     0.7900     0.0806    95.5361     0.0018     4.4591   12.52270    0.86370     37.572    26.6331    26.6328    1476.56          0      15324          3  0.000e+00
  430262175    101.430    102.318   3.377975   3.377829    33.8973    33.8973     6.3869     6.3854     6.3781     6.3765     3.0818     0.7900     0.0806    95.5623     0.0018     4.4603   12.52765    0.86404     37.587    26.6330    26.6332    1476.56          0      15325          3  0.000e+00
  430262175    101.430    102.318   3.377975   3.377803    33.8973    33.8968     6.3870     6.3855     6.3781     6.3767     3.0818     0.7900     0.0818    95.5623     0.0018     4.4603   12.46484    0.85971     37.399    26.6330    26.6328    1476.56          0      15326          3  0.000e+00
  430262175    101.386    102.274   3.377975   3.377771    33.8973    33.8963     6.3870     6.3857     6.3781     6.3768     3.0818     0.7900     0.0818    95.5361     0.0018     4.4591   12.45724    0.85919     37.376    26.6330    26.6324    1476.56          0      15327          3  0.000e+00
  430262175    101.386    102.274   3.377975   3.377771    33.8970    33.8965     6.3872     6.3855     6.3784     6.3767     3.0818     0.7900     0.0818    95.5623     0.0018     4.4603   12.51704    0.86331     37.555    26.6328    26.6326    1476.56          0      15328          3  0.000e+00
