ROS/FK009A_CTD021_20130822.ros
* Sea-Bird SBE 9 Data File:
* FileName = C:\Falkor-Data-2013\FK009A\CTD\FK009A_CTD021_20130822.hex
* Software Version Seasave V 7.21f
* Temperature SN = 5483
* Conductivity SN = 3916
* Number of Bytes Per Scan = 41
* Number of Voltage Words = 4
* Number of Scans Averaged by the Deck Unit = 1
* NMEA Latitude = 48 28.20 N
* NMEA Longitude = 125 19.49 W
* NMEA UTC (Time) = Aug 22 2013 07:08:54
* NMEA baud rate = 4800
** Ship: RV Falkor
** Station: MB07
** Operator: CP
# nquan = 27
# nvalues = 196                                   
# units = specified
# name 0 = timeQ: Time, NMEA [seconds]
# name 1 = depSM: Depth [salt water, m]
# name 2 = prDM: Pressure, Digiquartz [db]
# name 3 = c0S/m: Conductivity [S/m]
# name 4 = c1S/m: Conductivity, 2 [S/m]
# name 5 = sal00: Salinity, Practical [PSU]
# name 6 = sal11: Salinity, Practical, 2 [PSU]
# name 7 = t090C: Temperature [ITS-90, deg C]
# name 8 = t190C: Temperature, 2 [ITS-90, deg C]
# name 9 = potemp090C: Potential Temperature [ITS-90, deg C]
# name 10 = potemp190C: Potential Temperature, 2 [ITS-90, deg C]
# name 11 = v2: Voltage 2
# name 12 = v3: Voltage 3
# name 13 = v0: Voltage 0
# name 14 = CStarTr0: Beam Transmission, WET Labs C-Star [%]
# name 15 = CStarAt0: Beam Attenuation, WET Labs C-Star [1/m]
# name 16 = v5: Voltage 5
# name 17 = sbeox0PS: Oxygen, SBE 43 [% saturation]
# name 18 = sbeox0ML/L: Oxygen, SBE 43 [ml/l]
# name 19 = sbeox0Mm/Kg: Oxygen, SBE 43 [umol/Kg]
# name 20 = sigma-é00: Density [sigma-theta, Kg/m^3]
# name 21 = sigma-é11: Density, 2 [sigma-theta, Kg/m^3]
# name 22 = svCM: Sound Velocity [Chen-Millero, m/s]
# name 23 = modError: Modulo Error Count
# name 24 = scan: Scan Count
# name 25 = nbf: Bottles Fired
# name 26 = flag:  0.000e+00
# interval = seconds: 0.0416667
# start_time = Aug 22 2013 07:08:55 [NMEA time, first data scan]
# bad_flag = -9.990e-29
*END*
[from data line 162]
  430471473     35.403     35.707   3.441361   3.441890    33.1368    33.1305     7.9155     7.9281     7.9120     7.9247     0.0000     0.0000     0.0855    99.3293     0.0003     4.6361   30.75040    2.05817     89.604    25.8235    25.8167    1480.43          9      22476          4  0.000e+00
  430471473     35.403     35.707   3.441613   3.442020    33.1355    33.1250     7.9197     7.9353     7.9162     7.9319     0.0000     0.0000     0.0855    99.3293     0.0003     4.6361   30.75102    2.05804     89.598    25.8219    25.8114    1480.44          9      22477          4  0.000e+00
  430471473     35.359     35.663   3.441925   3.442142    33.1300    33.1221     7.9291     7.9398     7.9256     7.9364     0.0000     0.0000     0.0855    99.3293     0.0003     4.6361   30.74928    2.05756     89.578    25.8162    25.8085    1480.47          9      22478          4  0.000e+00
  430471473     35.359     35.663   3.442164   3.442239    33.1253    33.1192     7.9366     7.9440     7.9332     7.9405     0.0000     0.0000     0.0855    99.3293     0.0003     4.6361   30.74603    2.05705     89.556    25.8115    25.8056    1480.50          9      22479          4  0.000e+00
  430471473     35.359     35.663   3.442237   3.442330    33.1269    33.1194     7.9359     7.9448     7.9324     7.9413     0.0000     0.0000     0.0855    99.3293     0.0003     4.6361   30.74153    2.05677     89.544    25.8128    25.8056    1480.49          9      22480          4  0.000e+00
  430471473     35.359     35.663   3.442363   3.442427    33.1298    33.1192     7.9342     7.9461     7.9308     7.9426     0.0000     0.0000     0.0855    99.3293     0.0003     4.6361   30.73526    2.05639     89.527    25.8153    25.8053    1480.49          9      22481          4  0.000e+00
  430471473     35.309     35.613   3.442516   3.442427    33.1256    33.1196     7.9404     7.9456     7.9369     7.9422     0.0000     0.0000     0.0855    99.3293     0.0003     4.6361   30.72645    2.05557     89.492    25.8111    25.8057    1480.51          9      22482          4  0.000e+00
  430471473     35.359     35.663   3.442575   3.442394    33.1215    33.1197     7.9453     7.9452     7.9419     7.9418     0.0000     0.0000     0.0855    99.3293     0.0003     4.6361   30.71629    2.05471     89.455    25.8072    25.8058    1480.52          9      22483          4  0.000e+00
  430471473     35.309     35.613   3.442542   3.442388    33.1218    33.1204     7.9446     7.9444     7.9412     7.9410     0.0000     0.0000     0.0855    99.3032     0.0003     4.6349   30.71568    2.05470     89.454    25.8076    25.8064    1480.52          9      22484          4  0.000e+00
  430471473     35.359     35.663   3.442476   3.442343    33.1217    33.1203     7.9440     7.9440     7.9405     7.9405     0.0000     0.0000     0.0855    99.3032     0.0003     4.6349   30.70272    2.05386     89.418    25.8075    25.8064    1480.52          9      22485          4  0.000e+00
  430471473     35.309     35.613   3.442482   3.442330    33.1227    33.1205     7.9430     7.9437     7.9396     7.9402     0.0000     0.0000     0.0855    99.2770     0.0003     4.6337   30.68755    2.05288     89.375    25.8085    25.8066    1480.52          9      22486          4  0.000e+00
  430471473     35.309     35.613   3.442469   3.442304    33.1229    33.1207     7.9427     7.9432     7.9393     7.9397     0.0000     0.0000     0.0855    99.3032     0.0003     4.6349   30.67072    2.05176     89.326    25.8086    25.8069    1480.52          9      22487          4  0.000e+00
  430471473     35.309     35.613   3.442462   3.442388    33.1231    33.1200     7.9424     7.9448     7.9390     7.9413     0.0000     0.0000     0.0855    99.3032     0.0003     4.6349   30.71764    2.05492     89.464    25.8089    25.8061    1480.51          9      22488          4  0.000e+00
  430471473     35.309     35.613   3.442442   3.442511    33.1227    33.1176     7.9426     7.9488     7.9391     7.9453     0.0000     0.0000     0.0855    99.3032     0.0003     4.6349   30.70761    2.05424     89.434    25.8085    25.8036    1480.51          9      22489          4  0.000e+00
  430471474     35.309     35.613   3.442502   3.442562    33.1234    33.1158     7.9426     7.9512     7.9391     7.9477     0.0000     0.0000     0.0855    99.3032     0.0003     4.6349   30.64113    2.04979     89.240    25.8091    25.8019    1480.52          9      22490          4  0.000e+00
  430471474     35.309     35.613   3.442476   3.442575    33.1228    33.1160     7.9429     7.9511     7.9394     7.9477     0.0000     0.0000     0.0855    99.3032     0.0003     4.6349   30.62791    2.04889     89.201    25.8085    25.8021    1480.52          9      22491          4  0.000e+00
  430471474     35.309     35.613   3.442482   3.442620    33.1232    33.1170     7.9426     7.9507     7.9391     7.9472     0.0000     0.0000     0.0855    99.2770     0.0003     4.6337   30.61335    2.04793     89.159    25.8089    25.8028    1480.51          9      22492          4  0.000e+00
  430471474     35.266     35.569   3.442608   3.442659    33.1224    33.1181     7.9448     7.9499     7.9414     7.9465     0.0000     0.0000     0.0855    99.3032     0.0003     4.6349   30.59710    2.04675     89.108    25.8079    25.8039    1480.52          9      22493          4  0.000e+00
  430471474     35.359     35.663   3.442715   3.442666    33.1177    33.1180     7.9509     7.9501     7.9475     7.9466     0.0000     0.0000     0.0855    99.2770     0.0003     4.6337   30.50285    2.04023     88.825    25.8034    25.8037    1480.54          9      22494          4  0.000e+00
  430471474     35.309     35.613   3.442834   3.442685    33.1145    33.1178     7.9556     7.9505     7.9522     7.9471     0.0000     0.0000     0.0855    99.3032     0.0003     4.6349   30.54973    2.04319     88.954    25.8002    25.8035    1480.55          9      22495          4  0.000e+00
  430471474     35.309     35.613   3.442914   3.442672    33.1136    33.1187     7.9575     7.9494     7.9540     7.9460     0.0000     0.0000     0.0855    99.3032     0.0003     4.6349   30.53005    2.04180     88.893    25.7992    25.8044    1480.56          9      22496          4  0.000e+00
  430471474     35.309     35.613   3.442973   3.442595    33.1132    33.1185     7.9586     7.9488     7.9551     7.9453     0.0000     0.0000     0.0855    99.3032     0.0003     4.6349   30.57461    2.04473     89.021    25.7988    25.8043    1480.56          9      22497          4  0.000e+00
  430471474     35.309     35.613   3.442993   3.442575    33.1142    33.1189     7.9578     7.9481     7.9543     7.9447     0.0000     0.0000     0.0855    99.3032     0.0003     4.6349   30.49727    2.03958     88.797    25.7996    25.8047    1480.56          9      22498          4  0.000e+00
  430471474     35.359     35.663   3.443033   3.442504    33.1143    33.1202     7.9581     7.9459     7.9547     7.9424     0.0000     0.0000     0.0855    99.3032     0.0003     4.6349   30.48471    2.03873     88.760    25.7997    25.8061    1480.56          9      22499          4  0.000e+00
  430471474     35.309     35.613   3.443100   3.442427    33.1144    33.1222     7.9588     7.9429     7.9553     7.9395     0.0000     0.0000     0.0855    99.3032     0.0003     4.6349   30.47082    2.03777     88.718    25.7997    25.8081    1480.57          9      22500          4  0.000e+00
  430471474     35.359     35.663   3.443100   3.442368    33.1142    33.1226     7.9590     7.9419     7.9555     7.9384     0.0000     0.0000     0.0867    99.3032     0.0003     4.6349   30.45645    2.03680     88.676    25.7995    25.8085    1480.57          9      22501          4  0.000e+00
  430471474     35.359     35.663   3.443086   3.442401    33.1147    33.1226     7.9583     7.9422     7.9548     7.9387     0.0000     0.0000     0.0855    99.2770     0.0003     4.6337   30.44101    2.03579     88.632    25.8000    25.8085    1480.56          9      22502          4  0.000e+00
  430471474     35.309     35.613   3.443060   3.442420    33.1148    33.1200     7.9579     7.9452     7.9544     7.9418     0.0000     0.0000     0.0855    99.2770     0.0003     4.6337   30.42445    2.03470     88.584    25.8001    25.8060    1480.56          9      22503          4  0.000e+00
  430471474     35.359     35.663   3.443033   3.442465    33.1153    33.1199     7.9570     7.9457     7.9536     7.9423     0.0000     0.0000     0.0855    99.3032     0.0003     4.6349   30.40740    2.03359     88.536    25.8006    25.8059    1480.56          9      22504          4  0.000e+00
  430471474     35.403     35.707   3.442973   3.442485    33.1157    33.1210     7.9559     7.9448     7.9524     7.9413     0.0000     0.0000     0.0855    99.3032     0.0003     4.6349   30.38943    2.03244     88.486    25.8011    25.8069    1480.56          9      22505          4  0.000e+00
  430471474     35.359     35.663   3.443007   3.442459    33.1167    33.1217     7.9553     7.9438     7.9518     7.9404     0.0000     0.0000     0.0855    99.3293     0.0003     4.6361   30.37017    2.03117     88.430    25.8020    25.8076    1480.56          9      22506          4  0.000e+00
  430471474     35.403     35.707   3.443027   3.442452    33.1167    33.1216     7.9554     7.9439     7.9520     7.9404     0.0000     0.0000     0.0855    99.3293     0.0003     4.6361   30.29612    2.02621     88.214    25.8020    25.8074    1480.56          9      22507          4  0.000e+00
  430471474     35.359     35.663   3.443093   3.442452    33.1169    33.1210     7.9561     7.9444     7.9526     7.9410     0.0000     0.0000     0.0855    99.3293     0.0003     4.6361   30.26497    2.02409     88.122    25.8020    25.8070    1480.56          9      22508          4  0.000e+00
  430471474     35.403     35.707   3.443093   3.442452    33.1158    33.1193     7.9572     7.9462     7.9537     7.9427     0.0000     0.0000     0.0855    99.3032     0.0003     4.6349   30.31063    2.02711     88.254    25.8010    25.8054    1480.56          9      22509          4  0.000e+00
