ROS/FK009A_CTD034_20130826.ros
* Sea-Bird SBE 9 Data File:
* FileName = C:\Falkor-Data-2013\FK009A\CTD\FK009A_CTD034_20130826.hex
* Software Version Seasave V 7.21f
* Temperature SN = 5483
* Conductivity SN = 3916
* Number of Bytes Per Scan = 41
* Number of Voltage Words = 4
* Number of Scans Averaged by the Deck Unit = 1
* NMEA Latitude = 48 39.37 N
* NMEA Longitude = 125 34.59 W
* NMEA UTC (Time) = Aug 26 2013 21:47:53
* NMEA baud rate = 4800
** Ship: RV Falkor
** Station: Susan01
** Operator: CP
# nquan = 27
# nvalues = 588                                   
# units = specified
# name 0 = timeQ: Time, NMEA [seconds]
# name 1 = depSM: Depth [salt water, m]
# name 2 = prDM: Pressure, Digiquartz [db]
# name 3 = c0S/m: Conductivity [S/m]
# name 4 = c1S/m: Conductivity, 2 [S/m]
# name 5 = sal00: Salinity, Practical [PSU]
# name 6 = sal11: Salinity, Practical, 2 [PSU]
# name 7 = t090C: Temperature [ITS-90, deg C]
# name 8 = t190C: Temperature, 2 [ITS-90, deg C]
# name 9 = potemp090C: Potential Temperature [ITS-90, deg C]
# name 10 = potemp190C: Potential Temperature, 2 [ITS-90, deg C]
# name 11 = v2: Voltage 2
# name 12 = v3: Voltage 3
# name 13 = v0: Voltage 0
# name 14 = CStarTr0: Beam Transmission, WET Labs C-Star [%]
# name 15 = CStarAt0: Beam Attenuation, WET Labs C-Star [1/m]
# name 16 = v5: Voltage 5
# name 17 = sbeox0PS: Oxygen, SBE 43 [% saturation]
# name 18 = sbeox0ML/L: Oxygen, SBE 43 [ml/l]
# name 19 = sbeox0Mm/Kg: Oxygen, SBE 43 [umol/Kg]
# name 20 = sigma-é00: Density [sigma-theta, Kg/m^3]
# name 21 = sigma-é11: Density, 2 [sigma-theta, Kg/m^3]
# name 22 = svCM: Sound Velocity [Chen-Millero, m/s]
# name 23 = modError: Modulo Error Count
# name 24 = scan: Scan Count
# name 25 = nbf: Bottles Fired
# name 26 = flag:  0.000e+00
# interval = seconds: 0.0416667
# start_time = Aug 26 2013 21:47:53 [NMEA time, first data scan]
# bad_flag = -9.990e-29
*END*
[from data line 537]
  430870728     11.307     11.404   3.610035   3.609410    32.5712    32.5647    10.4365    10.4368    10.4352    10.4355     0.0000     0.0000     0.4713    91.3244     0.0036     4.2625   76.14233    4.83758    210.780    24.9827    24.9775    1488.63          0      44511         11  0.000e+00
  430870728     11.382     11.479   3.610143   3.609430    32.5708    32.5652    10.4381    10.4364    10.4368    10.4351     0.0000     0.0000     0.4713    91.3244     0.0036     4.2625   76.14214    4.83741    210.773    24.9821    24.9780    1488.64          0      44512         11  0.000e+00
  430870796      7.002      7.062   3.611880   3.611627    32.5740    32.5728    10.4562    10.4546    10.4554    10.4538     0.0000     0.0000     0.4725    91.7691     0.0034     4.2833   76.49650    4.85792    211.667    24.9814    24.9807    1488.63          0      46155         12  0.000e+00
  430870796      7.002      7.062   3.611900   3.611601    32.5740    32.5726    10.4563    10.4546    10.4555    10.4538     0.0000     0.0000     0.4725    91.7691     0.0034     4.2833   76.49849    4.85803    211.672    24.9814    24.9805    1488.63          0      46156         12  0.000e+00
  430870796      7.070      7.131   3.611988   3.611634    32.5744    32.5725    10.4568    10.4550    10.4560    10.4542     0.0000     0.0000     0.4725    91.7691     0.0034     4.2833   76.43726    4.85408    211.500    24.9816    24.9805    1488.64          0      46157         12  0.000e+00
  430870796      7.002      7.062   3.612015   3.611647    32.5745    32.5730    10.4571    10.4546    10.4563    10.4538     0.0000     0.0000     0.4725    91.7691     0.0034     4.2833   76.42936    4.85354    211.476    24.9816    24.9809    1488.64          0      46158         12  0.000e+00
  430870797      7.070      7.131   3.611988   3.611647    32.5740    32.5725    10.4573    10.4551    10.4565    10.4543     0.0000     0.0000     0.4603    91.7691     0.0034     4.2833   76.48709    4.85720    211.636    24.9812    24.9804    1488.64          0      46159         12  0.000e+00
  430870797      7.089      7.150   3.611981   3.611693    32.5741    32.5729    10.4571    10.4553    10.4563    10.4544     0.0000     0.0000     0.4493    91.7691     0.0034     4.2833   76.49009    4.85741    211.645    24.9813    24.9807    1488.64          0      46160         12  0.000e+00
  430870797      7.139      7.200   3.612022   3.611772    32.5743    32.5730    10.4573    10.4560    10.4565    10.4551     0.0000     0.0000     0.4469    91.5598     0.0035     4.2735   76.49336    4.85759    211.653    24.9814    24.9807    1488.64          0      46161         12  0.000e+00
  430870797      7.120      7.181   3.612022   3.611798    32.5742    32.5729    10.4575    10.4564    10.4567    10.4556     0.0000     0.0000     0.4469    91.4552     0.0036     4.2686   76.49597    4.85775    211.659    24.9813    24.9805    1488.64          0      46162         12  0.000e+00
  430870797      7.139      7.200   3.612035   3.611824    32.5740    32.5722    10.4578    10.4574    10.4570    10.4566     0.0000     0.0000     0.4481    91.4552     0.0036     4.2686   76.49894    4.85791    211.666    24.9811    24.9798    1488.64          0      46163         12  0.000e+00
  430870797      7.164      7.225   3.611934   3.611811    32.5730    32.5721    10.4578    10.4574    10.4570    10.4566     0.0000     0.0000     0.4481    91.4552     0.0036     4.2686   76.50198    4.85813    211.676    24.9803    24.9797    1488.64          0      46164         12  0.000e+00
  430870797      7.139      7.200   3.611907   3.611785    32.5726    32.5723    10.4579    10.4569    10.4571    10.4561     0.0000     0.0000     0.4481    91.4552     0.0036     4.2686   76.51453    4.85893    211.711    24.9800    24.9799    1488.64          0      46165         12  0.000e+00
  430870797      7.183      7.244   3.611961   3.611759    32.5731    32.5722    10.4579    10.4567    10.4571    10.4559     0.0000     0.0000     0.4481    91.4552     0.0036     4.2686   76.51816    4.85914    211.720    24.9804    24.9799    1488.64          0      46166         12  0.000e+00
  430870797      7.208      7.269   3.612049   3.611745    32.5740    32.5722    10.4579    10.4566    10.4571    10.4558     0.0000     0.0000     0.4481    91.4552     0.0036     4.2686   76.52161    4.85933    211.729    24.9811    24.9799    1488.64          0      46167         12  0.000e+00
  430870797      7.183      7.244   3.612096   3.611719    32.5743    32.5719    10.4582    10.4566    10.4573    10.4558     0.0000     0.0000     0.4481    91.4552     0.0036     4.2686   76.51455    4.85885    211.708    24.9813    24.9797    1488.64          0      46168         12  0.000e+00
  430870797      7.257      7.319   3.612110   3.611732    32.5741    32.5721    10.4585    10.4564    10.4576    10.4556     0.0000     0.0000     0.4481    91.4552     0.0036     4.2686   76.49805    4.85778    211.661    24.9811    24.9799    1488.65          0      46169         12  0.000e+00
  430870797      7.226      7.288   3.612083   3.611765    32.5737    32.5724    10.4586    10.4566    10.4578    10.4558     0.0000     0.0000     0.4481    91.4552     0.0036     4.2686   76.49973    4.85788    211.665    24.9808    24.9800    1488.65          0      46170         12  0.000e+00
  430870797      7.226      7.288   3.612049   3.611838    32.5735    32.5725    10.4585    10.4572    10.4576    10.4564     0.0000     0.0000     0.4493    91.4552     0.0036     4.2686   76.50175    4.85803    211.672    24.9806    24.9801    1488.65          0      46171         12  0.000e+00
  430870797      7.257      7.319   3.612042   3.611818    32.5732    32.5720    10.4588    10.4576    10.4579    10.4567     0.0000     0.0000     0.4481    91.4552     0.0036     4.2686   76.50403    4.85815    211.677    24.9803    24.9796    1488.65          0      46172         12  0.000e+00
  430870797      7.226      7.288   3.612042   3.611785    32.5733    32.5720    10.4586    10.4572    10.4578    10.4564     0.0000     0.0000     0.4481    91.4552     0.0036     4.2686   76.50574    4.85827    211.683    24.9805    24.9797    1488.65          0      46173         12  0.000e+00
  430870797      7.257      7.319   3.612022   3.611778    32.5731    32.5720    10.4586    10.4571    10.4578    10.4562     0.0000     0.0000     0.4481    91.4552     0.0036     4.2686   76.50804    4.85843    211.689    24.9803    24.9797    1488.65          0      46174         12  0.000e+00
  430870797      7.276      7.338   3.612015   3.611818    32.5729    32.5724    10.4588    10.4571    10.4579    10.4562     0.0000     0.0000     0.4481    91.4552     0.0036     4.2686   76.51022    4.85856    211.695    24.9801    24.9800    1488.65          0      46175         12  0.000e+00
  430870797      7.226      7.288   3.611934   3.611824    32.5724    32.5721    10.4585    10.4576    10.4576    10.4567     0.0000     0.0000     0.4469    91.4813     0.0036     4.2698   76.51175    4.85870    211.701    24.9797    24.9797    1488.64          0      46176         12  0.000e+00
  430870797      7.257      7.319   3.612008   3.611857    32.5730    32.5723    10.4586    10.4577    10.4578    10.4569     0.0000     0.0000     0.4493    91.4552     0.0036     4.2686   76.51405    4.85881    211.706    24.9802    24.9798    1488.65          0      46177         12  0.000e+00
  430870797      7.320      7.382   3.612062   3.611752    32.5738    32.5713    10.4583    10.4576    10.4575    10.4567     0.0000     0.0000     0.4481    91.4552     0.0036     4.2686   76.51668    4.85899    211.714    24.9808    24.9791    1488.65          0      46178         12  0.000e+00
  430870797      7.257      7.319   3.612001   3.611778    32.5730    32.5715    10.4585    10.4577    10.4576    10.4569     0.0000     0.0000     0.4481    91.4552     0.0036     4.2686   76.51806    4.85908    211.718    24.9803    24.9792    1488.65          0      46179         12  0.000e+00
  430870797      7.276      7.338   3.612022   3.611884    32.5732    32.5715    10.4585    10.4589    10.4576    10.4580     0.0000     0.0000     0.4481    91.4552     0.0036     4.2686   76.52024    4.85921    211.724    24.9804    24.9790    1488.65          0      46180         12  0.000e+00
  430870797      7.276      7.338   3.611995   3.611956    32.5730    32.5719    10.4585    10.4592    10.4576    10.4583     0.0000     0.0000     0.4469    91.1674     0.0037     4.2552   76.52224    4.85935    211.730    24.9802    24.9793    1488.65          0      46181         12  0.000e+00
  430870797      7.208      7.269   3.612001   3.611871    32.5731    32.5714    10.4585    10.4589    10.4576    10.4580     0.0000     0.0000     0.4493    90.9320     0.0038     4.2442   76.51357    4.85880    211.705    24.9803    24.9789    1488.64          0      46182         12  0.000e+00
  430870798      7.226      7.288   3.611988   3.611792    32.5731    32.5712    10.4583    10.4582    10.4575    10.4574     0.0000     0.0000     0.4481    90.8797     0.0038     4.2418   76.50535    4.85829    211.683    24.9803    24.9789    1488.64          0      46183         12  0.000e+00
  430870798      7.257      7.319   3.611954   3.611844    32.5730    32.5723    10.4579    10.4576    10.4571    10.4567     0.0000     0.0000     0.4530    90.9058     0.0038     4.2430   76.49688    4.85779    211.662    24.9803    24.9798    1488.64          0      46184         12  0.000e+00
  430870798      7.226      7.288   3.611968   3.611884    32.5733    32.5732    10.4578    10.4569    10.4570    10.4561     0.0000     0.0000     0.4737    90.9058     0.0038     4.2430   76.56126    4.86189    211.840    24.9806    24.9807    1488.64          0      46185         12  0.000e+00
  430870798      7.226      7.288   3.612001   3.611778    32.5735    32.5726    10.4579    10.4564    10.4571    10.4556     0.0000     0.0000     0.4823    90.9320     0.0038     4.2442   76.57125    4.86250    211.867    24.9807    24.9803    1488.64          0      46186         12  0.000e+00
  430870798      7.164      7.225   3.612015   3.611765    32.5735    32.5727    10.4582    10.4562    10.4573    10.4554     0.0000     0.0000     0.4823    90.9320     0.0038     4.2442   76.51636    4.85899    211.714    24.9807    24.9804    1488.64          0      46187         12  0.000e+00
  430870798      7.226      7.288   3.612056   3.611778    32.5737    32.5728    10.4583    10.4562    10.4575    10.4554     0.0000     0.0000     0.4811    90.9320     0.0038     4.2442   76.51696    4.85901    211.714    24.9808    24.9804    1488.64          0      46188         12  0.000e+00
  430870798      7.164      7.225   3.612123   3.611627    32.5740    32.5713    10.4588    10.4562    10.4579    10.4554     0.0000     0.0000     0.4823    90.9320     0.0038     4.2442   76.51632    4.85891    211.710    24.9810    24.9793    1488.65          0      46189         12  0.000e+00
  430870798      7.139      7.200   3.612238   3.611640    32.5745    32.5720    10.4596    10.4556    10.4587    10.4548     0.0000     0.0000     0.4811    90.9058     0.0038     4.2430   76.51602    4.85879    211.705    24.9812    24.9799    1488.65          0      46190         12  0.000e+00
  430870798      7.139      7.200   3.612218   3.611601    32.5733    32.5715    10.4606    10.4558    10.4598    10.4549     0.0000     0.0000     0.4811    90.9320     0.0038     4.2442   76.51595    4.85871    211.702    24.9801    24.9795    1488.65          0      46191         12  0.000e+00
  430870798      7.120      7.181   3.612062   3.611627    32.5714    32.5715    10.4611    10.4561    10.4602    10.4553     0.0000     0.0000     0.4811    90.9320     0.0038     4.2442   76.57961    4.86277    211.879    24.9785    24.9794    1488.65          0      46192         12  0.000e+00
  430870798      7.089      7.150   3.612157   3.611765    32.5725    32.5729    10.4609    10.4561    10.4601    10.4553     0.0000     0.0000     0.4811    90.9320     0.0038     4.2442   76.58852    4.86332    211.903    24.9794    24.9805    1488.65          0      46193         12  0.000e+00
  430870798      7.071      7.131   3.612225   3.611785    32.5736    32.5726    10.4604    10.4566    10.4596    10.4558     0.0000     0.0000     0.4811    90.9058     0.0038     4.2430   76.53330    4.85983    211.750    24.9804    24.9803    1488.65          0      46194         12  0.000e+00
  430870798      7.046      7.106   3.612211   3.611785    32.5740    32.5725    10.4598    10.4567    10.4590    10.4559     0.0000     0.0000     0.4811    90.9320     0.0038     4.2442   76.53229    4.85982    211.750    24.9808    24.9801    1488.65          0      46195         12  0.000e+00
  430870798      7.002      7.062   3.612157   3.611870    32.5740    32.5728    10.4593    10.4574    10.4585    10.4566     0.0000     0.0000     0.4811    90.9058     0.0038     4.2430   76.53110    4.85980    211.749    24.9808    24.9802    1488.64          0      46196         12  0.000e+00
  430870798      7.027      7.087   3.612143   3.611950    32.5738    32.5734    10.4593    10.4576    10.4585    10.4568     0.0000     0.0000     0.4811    90.9320     0.0038     4.2442   76.53054    4.85976    211.747    24.9807    24.9807    1488.65          0      46197         12  0.000e+00
  430870798      6.952      7.012   3.612177   3.611969    32.5741    32.5731    10.4594    10.4582    10.4586    10.4574     0.0000     0.0000     0.4811    90.9320     0.0038     4.2442   76.52900    4.85964    211.742    24.9809    24.9803    1488.64          0      46198         12  0.000e+00
  430870798      6.933      6.993   3.612198   3.611976    32.5741    32.5730    10.4596    10.4584    10.4588    10.4576     0.0000     0.0000     0.4811    90.9320     0.0038     4.2442   76.59188    4.86362    211.915    24.9809    24.9802    1488.65          0      46199         12  0.000e+00
  430870798      6.952      7.012   3.612204   3.611870    32.5740    32.5725    10.4598    10.4577    10.4590    10.4569     0.0000     0.0000     0.4823    90.9320     0.0038     4.2442   76.60045    4.86414    211.938    24.9808    24.9800    1488.65          0      46200         12  0.000e+00
  430870798      6.865      6.924   3.612184   3.611838    32.5736    32.5727    10.4601    10.4572    10.4593    10.4564     0.0000     0.0000     0.4811    91.0628     0.0037     4.2503   76.60758    4.86458    211.957    24.9804    24.9802    1488.65          0      46201         12  0.000e+00
  430870798      6.890      6.949   3.612218   3.611719    32.5738    32.5720    10.4602    10.4566    10.4594    10.4558     0.0000     0.0000     0.4811    91.2721     0.0037     4.2601   76.61541    4.86505    211.978    24.9805    24.9798    1488.65          0      46202         12  0.000e+00
  430870798      6.815      6.873   3.612238   3.611508    32.5737    32.5704    10.4606    10.4561    10.4598    10.4553     0.0000     0.0000     0.4811    91.3244     0.0036     4.2625   76.62185    4.86543    211.994    24.9804    24.9786    1488.65          0      46203         12  0.000e+00
