ROS/FK009A_CTD035_20130827.ros
* Sea-Bird SBE 9 Data File:
* FileName = C:\Falkor-Data-2013\FK009A\CTD\FK009A_CTD034_20130827.hex
* Software Version Seasave V 7.21f
* Temperature SN = 5483
* Conductivity SN = 3916
* Number of Bytes Per Scan = 41
* Number of Voltage Words = 4
* Number of Scans Averaged by the Deck Unit = 1
* NMEA Latitude = 48 28.31 N
* NMEA Longitude = 125 19.44 W
* NMEA UTC (Time) = Aug 27 2013 00:14:51
* NMEA baud rate = 4800
** Ship: RV Falkor
** Station: MB07
** Operator: CP
# nquan = 27
# nvalues = 490                                   
# units = specified
# name 0 = timeQ: Time, NMEA [seconds]
# name 1 = depSM: Depth [salt water, m]
# name 2 = prDM: Pressure, Digiquartz [db]
# name 3 = c0S/m: Conductivity [S/m]
# name 4 = c1S/m: Conductivity, 2 [S/m]
# name 5 = sal00: Salinity, Practical [PSU]
# name 6 = sal11: Salinity, Practical, 2 [PSU]
# name 7 = t090C: Temperature [ITS-90, deg C]
# name 8 = t190C: Temperature, 2 [ITS-90, deg C]
# name 9 = potemp090C: Potential Temperature [ITS-90, deg C]
# name 10 = potemp190C: Potential Temperature, 2 [ITS-90, deg C]
# name 11 = v2: Voltage 2
# name 12 = v3: Voltage 3
# name 13 = v0: Voltage 0
# name 14 = CStarTr0: Beam Transmission, WET Labs C-Star [%]
# name 15 = CStarAt0: Beam Attenuation, WET Labs C-Star [1/m]
# name 16 = v5: Voltage 5
# name 17 = sbeox0PS: Oxygen, SBE 43 [% saturation]
# name 18 = sbeox0ML/L: Oxygen, SBE 43 [ml/l]
# name 19 = sbeox0Mm/Kg: Oxygen, SBE 43 [umol/Kg]
# name 20 = sigma-é00: Density [sigma-theta, Kg/m^3]
# name 21 = sigma-é11: Density, 2 [sigma-theta, Kg/m^3]
# name 22 = svCM: Sound Velocity [Chen-Millero, m/s]
# name 23 = modError: Modulo Error Count
# name 24 = scan: Scan Count
# name 25 = nbf: Bottles Fired
# name 26 = flag:  0.000e+00
# interval = seconds: 0.0416667
# start_time = Jan 01 2000 00:14:51 [NMEA time, first data scan]
# bad_flag = -9.990e-29
*END*
[from data line 215]
  430879142     62.804     63.348   3.394906   3.395021    33.7133    33.7038     6.7824     6.7933     6.7767     6.7876     0.0000     0.0000     0.0794    98.6753     0.0005     4.6056   16.60810    1.13643     49.446    26.4353    26.4264    1477.24          6      34797          5  0.000e+00
  430879142     62.754     63.298   3.395137   3.395162    33.7081    33.7004     6.7902     6.7984     6.7846     6.7927     0.0000     0.0000     0.0794    98.6492     0.0005     4.6044   16.59421    1.13531     49.397    26.4302    26.4230    1477.26          6      34798          5  0.000e+00
  430879142     62.617     63.159   3.395295   3.395304    33.7046    33.6988     6.7956     6.8017     6.7900     6.7961     0.0000     0.0000     0.0806    98.6492     0.0005     4.6044   16.58117    1.13431     49.354    26.4268    26.4213    1477.28          6      34799          5  0.000e+00
  430879142     62.573     63.115   3.395394   3.395387    33.7015    33.6972     6.7999     6.8043     6.7943     6.7987     0.0000     0.0000     0.0806    98.6492     0.0005     4.6044   16.50272    1.12885     49.117    26.4237    26.4197    1477.29          6      34800          5  0.000e+00
  430879142     62.480     63.021   3.395421   3.395490    33.6984    33.6963     6.8034     6.8063     6.7978     6.8007     0.0000     0.0000     0.0806    98.6753     0.0005     4.6056   16.48061    1.12727     49.048    26.4208    26.4188    1477.30          6      34801          5  0.000e+00
  430879142     62.480     63.021   3.395546   3.395496    33.6978    33.6948     6.8054     6.8079     6.7998     6.8023     0.0000     0.0000     0.0794    98.6492     0.0005     4.6044   16.46018    1.12582     48.985    26.4201    26.4174    1477.30          6      34802          5  0.000e+00
  430879142     62.293     62.832   3.395671   3.395561    33.6974    33.6949     6.8074     6.8086     6.8018     6.8030     0.0000     0.0000     0.0806    98.6492     0.0005     4.6044   16.44083    1.12445     48.925    26.4194    26.4174    1477.31          6      34803          5  0.000e+00
  430879142     62.293     62.832   3.395737   3.395586    33.6974    33.6945     6.8081     6.8094     6.8025     6.8038     0.0000     0.0000     0.0806    98.6492     0.0005     4.6044   16.42334    1.12324     48.873    26.4194    26.4169    1477.31          6      34804          5  0.000e+00
  430879142     62.155     62.694   3.395711   3.395605    33.6963    33.6946     6.8090     6.8096     6.8034     6.8040     0.0000     0.0000     0.0794    98.6492     0.0005     4.6044   16.47362    1.12666     49.022    26.4184    26.4170    1477.31          6      34805          5  0.000e+00
  430879142     62.155     62.694   3.395770   3.395593    33.6968    33.6942     6.8091     6.8099     6.8035     6.8043     0.0000     0.0000     0.0794    98.6492     0.0005     4.6044   16.48235    1.12725     49.047    26.4188    26.4166    1477.31          6      34806          5  0.000e+00
  430879142     61.931     62.467   3.395797   3.395625    33.6965    33.6944     6.8099     6.8101     6.8043     6.8045     0.0000     0.0000     0.0794    98.6492     0.0005     4.6044   16.47993    1.12707     49.039    26.4184    26.4168    1477.31          6      34807          5  0.000e+00
  430879142     62.068     62.605   3.395784   3.395644    33.6953    33.6943     6.8109     6.8103     6.8053     6.8047     0.0000     0.0000     0.0806    98.6492     0.0005     4.6044   16.41264    1.12245     48.838    26.4173    26.4166    1477.32          6      34808          5  0.000e+00
  430879142     61.881     62.417   3.395817   3.395644    33.6954    33.6939     6.8112     6.8108     6.8057     6.8052     0.0000     0.0000     0.0806    98.6492     0.0005     4.6044   16.33450    1.11710     48.606    26.4174    26.4163    1477.31          6      34809          5  0.000e+00
  430879142     61.787     62.322   3.395830   3.395695    33.6951    33.6942     6.8118     6.8112     6.8062     6.8056     0.0000     0.0000     0.0806    98.6492     0.0005     4.6044   16.38003    1.12020     48.741    26.4171    26.4164    1477.31          6      34810          5  0.000e+00
  430879143     61.744     62.278   3.395849   3.395708    33.6954    33.6942     6.8117     6.8113     6.8061     6.8057     0.0000     0.0000     0.0806    98.6492     0.0005     4.6044   16.30559    1.11511     48.519    26.4173    26.4164    1477.31          6      34811          5  0.000e+00
  430879143     61.563     62.096   3.395836   3.395682    33.6953    33.6936     6.8118     6.8118     6.8062     6.8062     0.0000     0.0000     0.0794    98.6492     0.0005     4.6044   16.28776    1.11389     48.466    26.4172    26.4159    1477.31          6      34812          5  0.000e+00
  430879143     61.563     62.096   3.395836   3.395695    33.6950    33.6940     6.8120     6.8115     6.8064     6.8059     0.0000     0.0000     0.0806    98.6492     0.0005     4.6044   16.47197    1.12648     49.014    26.4170    26.4163    1477.31          6      34813          5  0.000e+00
  430879143     61.513     62.045   3.395876   3.395708    33.6950    33.6940     6.8125     6.8117     6.8069     6.8061     0.0000     0.0000     0.0806    98.6492     0.0005     4.6044   16.49175    1.12782     49.072    26.4169    26.4162    1477.31          6      34814          5  0.000e+00
  430879143     61.376     61.907   3.395863   3.395708    33.6944    33.6936     6.8131     6.8121     6.8075     6.8066     0.0000     0.0000     0.0806    98.6492     0.0005     4.6044   16.51183    1.12918     49.132    26.4163    26.4159    1477.31          6      34815          5  0.000e+00
  430879143     61.282     61.813   3.395876   3.395708    33.6942    33.6932     6.8134     6.8125     6.8079     6.8070     0.0000     0.0000     0.0794    98.6230     0.0006     4.6032   16.53249    1.13059     49.193    26.4161    26.4155    1477.31          6      34816          5  0.000e+00
  430879143     61.238     61.769   3.395922   3.395708    33.6947    33.6929     6.8134     6.8129     6.8079     6.8074     0.0000     0.0000     0.0794    98.6230     0.0006     4.6032   16.48716    1.12748     49.058    26.4165    26.4152    1477.31          6      34817          5  0.000e+00
  430879143     61.101     61.630   3.395922   3.395708    33.6945    33.6928     6.8137     6.8131     6.8082     6.8076     0.0000     0.0000     0.0806    98.6230     0.0006     4.6032   16.49754    1.12819     49.088    26.4164    26.4151    1477.31          6      34818          5  0.000e+00
  430879143     61.051     61.580   3.395895   3.395727    33.6942    33.6930     6.8138     6.8131     6.8083     6.8076     0.0000     0.0000     0.0806    98.6230     0.0006     4.6032   16.49695    1.12815     49.086    26.4161    26.4153    1477.31          6      34819          5  0.000e+00
  430879143     60.964     61.492   3.395862   3.395721    33.6940    33.6930     6.8136     6.8131     6.8081     6.8076     0.0000     0.0000     0.0794    98.6230     0.0006     4.6032   16.56334    1.13270     49.284    26.4160    26.4152    1477.31          6      34820          5  0.000e+00
  430879143     60.777     61.303   3.395869   3.395734    33.6943    33.6931     6.8135     6.8132     6.8081     6.8077     0.0000     0.0000     0.0806    98.6230     0.0006     4.6032   16.57459    1.13346     49.318    26.4162    26.4153    1477.30          6      34821          5  0.000e+00
  430879143     60.733     61.259   3.395882   3.395740    33.6941    33.6929     6.8139     6.8135     6.8085     6.8081     0.0000     0.0000     0.0794    98.6230     0.0006     4.6032   16.53168    1.13052     49.190    26.4160    26.4151    1477.30          6      34822          5  0.000e+00
  430879143     60.690     61.215   3.395889   3.395740    33.6937    33.6924     6.8144     6.8140     6.8089     6.8085     0.0000     0.0000     0.0806    98.6230     0.0006     4.6032   16.61124    1.13595     49.426    26.4156    26.4147    1477.30          6      34823          5  0.000e+00
  430879143     60.459     60.982   3.395908   3.395740    33.6939    33.6924     6.8145     6.8141     6.8091     6.8087     0.0000     0.0000     0.0794    98.5969     0.0006     4.6020   16.63597    1.13764     49.499    26.4157    26.4146    1477.30          6      34824          5  0.000e+00
  430879143     60.502     61.026   3.395882   3.395740    33.6933    33.6922     6.8148     6.8144     6.8094     6.8089     0.0000     0.0000     0.0794    98.6230     0.0006     4.6032   16.66175    1.13940     49.576    26.4152    26.4144    1477.30          6      34825          5  0.000e+00
  430879143     60.365     60.888   3.395908   3.395759    33.6933    33.6924     6.8152     6.8145     6.8097     6.8090     0.0000     0.0000     0.0794    98.5969     0.0006     4.6020   16.62107    1.13661     49.455    26.4152    26.4145    1477.30          6      34826          5  0.000e+00
  430879242     50.630     51.067   3.400957   3.400802    33.6175    33.6162     6.9541     6.9537     6.9495     6.9491     0.0000     0.0000     0.0830    98.8323     0.0005     4.6129   17.20884    1.17363     51.069    26.3366    26.3357    1477.59          9      37184          6  0.000e+00
  430879242     50.687     51.124   3.400944   3.400828    33.6170    33.6159     6.9544     6.9543     6.9498     6.9497     0.0000     0.0000     0.0842    98.8061     0.0005     4.6117   17.20367    1.17327     51.054    26.3362    26.3353    1477.59          9      37185          6  0.000e+00
  430879242     50.630     51.067   3.400937   3.400892    33.6170    33.6152     6.9544     6.9557     6.9498     6.9511     0.0000     0.0000     0.0842    98.7538     0.0005     4.6093   17.26559    1.17750     51.238    26.3362    26.3346    1477.59          9      37186          6  0.000e+00
  430879242     50.630     51.067   3.400957   3.400937    33.6170    33.6151     6.9546     6.9564     6.9500     6.9517     0.0000     0.0000     0.0830    98.7277     0.0005     4.6081   17.27327    1.17802     51.260    26.3362    26.3344    1477.59          9      37187          6  0.000e+00
  430879242     50.630     51.067   3.401036   3.400969    33.6165    33.6148     6.9560     6.9570     6.9514     6.9524     0.0000     0.0000     0.0842    98.7277     0.0005     4.6081   17.28139    1.17854     51.283    26.3356    26.3341    1477.59          9      37188          6  0.000e+00
  430879242     50.593     51.030   3.401175   3.400982    33.6167    33.6148     6.9574     6.9572     6.9528     6.9526     0.0000     0.0000     0.0842    98.7277     0.0005     4.6081   17.28991    1.17908     51.306    26.3355    26.3341    1477.60          9      37189          6  0.000e+00
  430879242     50.630     51.067   3.401307   3.400956    33.6164    33.6143     6.9592     6.9573     6.9546     6.9527     0.0000     0.0000     0.0842    98.7277     0.0005     4.6081   17.29907    1.17966     51.332    26.3350    26.3337    1477.60          9      37190          6  0.000e+00
  430879242     50.630     51.067   3.401360   3.400969    33.6147    33.6148     6.9615     6.9570     6.9569     6.9524     0.0000     0.0000     0.0830    98.7277     0.0005     4.6081   17.30860    1.18026     51.358    26.3334    26.3341    1477.61          9      37191          6  0.000e+00
  430879242     50.674     51.111   3.401347   3.400982    33.6134    33.6148     6.9627     6.9572     6.9581     6.9526     0.0000     0.0000     0.0830    98.7277     0.0005     4.6081   17.31874    1.18093     51.387    26.3322    26.3340    1477.62          9      37192          6  0.000e+00
  430879242     50.593     51.030   3.401321   3.400956    33.6136    33.6147     6.9622     6.9570     6.9576     6.9524     0.0000     0.0000     0.0830    98.7277     0.0005     4.6081   17.32913    1.18165     51.418    26.3324    26.3340    1477.61          9      37193          6  0.000e+00
  430879242     50.674     51.111   3.401307   3.400969    33.6137    33.6143     6.9619     6.9575     6.9573     6.9529     0.0000     0.0000     0.0842    98.7277     0.0005     4.6081   17.32836    1.18160     51.416    26.3326    26.3336    1477.61          9      37194          6  0.000e+00
  430879242     50.630     51.067   3.401307   3.401001    33.6137    33.6142     6.9619     6.9580     6.9573     6.9533     0.0000     0.0000     0.0842    98.7277     0.0005     4.6081   17.26095    1.17700     51.216    26.3326    26.3335    1477.61          9      37195          6  0.000e+00
  430879242     50.687     51.124   3.401327   3.401033    33.6143    33.6144     6.9616     6.9582     6.9570     6.9535     0.0000     0.0000     0.0830    98.7277     0.0005     4.6081   17.24908    1.17620     51.181    26.3330    26.3336    1477.61          9      37196          6  0.000e+00
  430879243     50.674     51.111   3.401314   3.401020    33.6143    33.6141     6.9614     6.9583     6.9568     6.9537     0.0000     0.0000     0.0830    98.7277     0.0005     4.6081   17.23754    1.17542     51.147    26.3331    26.3334    1477.61          9      37197          6  0.000e+00
  430879243     50.674     51.111   3.401307   3.401053    33.6142    33.6140     6.9614     6.9588     6.9568     6.9542     0.0000     0.0000     0.0830    98.7277     0.0005     4.6081   17.29287    1.17919     51.311    26.3330    26.3332    1477.61          9      37198          6  0.000e+00
  430879243     50.674     51.111   3.401327   3.401072    33.6144    33.6144     6.9614     6.9586     6.9568     6.9540     0.0000     0.0000     0.0830    98.7277     0.0005     4.6081   17.22699    1.17470     51.116    26.3332    26.3336    1477.61          9      37199          6  0.000e+00
  430879243     50.730     51.168   3.401340   3.401001    33.6151    33.6135     6.9608     6.9586     6.9562     6.9540     0.0000     0.0000     0.0830    98.7277     0.0005     4.6081   17.21657    1.17400     51.085    26.3338    26.3329    1477.61          9      37200          6  0.000e+00
  430879243     50.718     51.156   3.401268   3.401020    33.6149    33.6141     6.9602     6.9583     6.9556     6.9536     0.0000     0.0000     0.0842    98.7277     0.0005     4.6081   17.21848    1.17414     51.092    26.3338    26.3334    1477.61          9      37201          6  0.000e+00
  430879243     50.718     51.156   3.401248   3.401020    33.6148    33.6142     6.9601     6.9581     6.9555     6.9535     0.0000     0.0000     0.0830    98.7277     0.0005     4.6081   17.28772    1.17887     51.297    26.3337    26.3335    1477.61          9      37202          6  0.000e+00
  430879243     50.718     51.156   3.401248   3.401014    33.6154    33.6143     6.9595     6.9580     6.9549     6.9534     0.0000     0.0000     0.0830    98.7277     0.0005     4.6081   17.30261    1.17990     51.342    26.3342    26.3336    1477.61          9      37203          6  0.000e+00
  430879243     50.730     51.168   3.401248   3.401014    33.6157    33.6148     6.9592     6.9575     6.9546     6.9529     0.0000     0.0000     0.0842    98.7277     0.0005     4.6081   17.31801    1.18095     51.388    26.3345    26.3340    1477.61          9      37204          6  0.000e+00
  430879243     50.811     51.250   3.401268   3.401014    33.6157    33.6146     6.9594     6.9576     6.9547     6.9530     0.0000     0.0000     0.0842    98.7277     0.0005     4.6081   17.25566    1.17670     51.203    26.3345    26.3338    1477.61          9      37205          6  0.000e+00
  430879243     50.768     51.206   3.401255   3.401033    33.6154    33.6144     6.9595     6.9581     6.9549     6.9535     0.0000     0.0000     0.0842    98.7800     0.0005     4.6105   17.31472    1.18072     51.378    26.3342    26.3336    1477.61          9      37206          6  0.000e+00
