ROS/FK009A_CTD002_20130819.ros
* Sea-Bird SBE 9 Data File:
* FileName = C:\Falkor-Data-2013\FK009A\CTD\FK009A_CTD002_20130819.hex
* Software Version Seasave V 7.21f
* Temperature SN = 5483
* Conductivity SN = 3916
* Number of Bytes Per Scan = 41
* Number of Voltage Words = 4
* Number of Scans Averaged by the Deck Unit = 1
* NMEA Latitude = 48 29.18 N
* NMEA Longitude = 124 41.11 W
* NMEA UTC (Time) = Aug 19 2013 17:16:41
* NMEA baud rate = 4800
** Ship:
** Station: JFG4a
** Operator:
# nquan = 27
# nvalues = 637                                   
# units = specified
# name 0 = timeQ: Time, NMEA [seconds]
# name 1 = depSM: Depth [salt water, m]
# name 2 = prDM: Pressure, Digiquartz [db]
# name 3 = c0S/m: Conductivity [S/m]
# name 4 = c1S/m: Conductivity, 2 [S/m]
# name 5 = sal00: Salinity, Practical [PSU]
# name 6 = sal11: Salinity, Practical, 2 [PSU]
# name 7 = t090C: Temperature [ITS-90, deg C]
# name 8 = t190C: Temperature, 2 [ITS-90, deg C]
# name 9 = potemp090C: Potential Temperature [ITS-90, deg C]
# name 10 = potemp190C: Potential Temperature, 2 [ITS-90, deg C]
# name 11 = v2: Voltage 2
# name 12 = v3: Voltage 3
# name 13 = v0: Voltage 0
# name 14 = CStarTr0: Beam Transmission, WET Labs C-Star [%]
# name 15 = CStarAt0: Beam Attenuation, WET Labs C-Star [1/m]
# name 16 = v5: Voltage 5
# name 17 = sbeox0PS: Oxygen, SBE 43 [% saturation]
# name 18 = sbeox0ML/L: Oxygen, SBE 43 [ml/l]
# name 19 = sbeox0Mm/Kg: Oxygen, SBE 43 [umol/Kg]
# name 20 = sigma-é00: Density [sigma-theta, Kg/m^3]
# name 21 = sigma-é11: Density, 2 [sigma-theta, Kg/m^3]
# name 22 = svCM: Sound Velocity [Chen-Millero, m/s]
# name 23 = modError: Modulo Error Count
# name 24 = scan: Scan Count
# name 25 = nbf: Bottles Fired
# name 26 = flag:  0.000e+00
# interval = seconds: 0.0416667
# start_time = Aug 19 2013 17:16:42 [NMEA time, first data scan]
# bad_flag = -9.990e-29
*END*
[from data line 430]
  430249618     59.480     59.994   3.486952   3.486788    31.7343    31.7335     9.9594     9.9584     9.9528     9.9518     1.8840     1.0476     0.1514    97.4458     0.0010     4.5482   56.91560    3.67338    160.144    24.4107    24.4103    1486.70          0      43614          9  0.000e+00
  430249619     59.480     59.994   3.486938   3.486795    31.7341    31.7334     9.9595     9.9586     9.9529     9.9520     1.8840     1.0476     0.1502    97.4720     0.0010     4.5495   56.84841    3.66904    159.955    24.4105    24.4101    1486.70          0      43615          9  0.000e+00
  430249619     59.436     59.950   3.486952   3.486775    31.7345    31.7332     9.9592     9.9586     9.9526     9.9520     1.8840     1.0464     0.1514    97.4458     0.0010     4.5482   56.90070    3.67243    160.102    24.4109    24.4100    1486.70          0      43616          9  0.000e+00
  430249619     59.530     60.045   3.486958   3.486691    31.7344    31.7323     9.9593     9.9586     9.9527     9.9520     1.8840     1.0464     0.1502    97.4458     0.0010     4.5482   56.89929    3.67233    160.098    24.4108    24.4093    1486.70          0      43617          9  0.000e+00
  430249619     59.530     60.045   3.486938   3.486743    31.7343    31.7330     9.9592     9.9584     9.9526     9.9518     1.8840     1.0476     0.1514    97.4720     0.0010     4.5495   56.96190    3.67638    160.275    24.4108    24.4099    1486.70          0      43618          9  0.000e+00
  430249619     59.480     59.994   3.486952   3.486762    31.7347    31.7333     9.9589     9.9583     9.9523     9.9517     1.8840     1.0476     0.1502    97.4458     0.0010     4.5482   56.96906    3.67686    160.296    24.4112    24.4102    1486.70          0      43619          9  0.000e+00
  430249619     59.530     60.045   3.486938   3.486743    31.7346    31.7334     9.9589     9.9580     9.9523     9.9514     1.8840     1.0476     0.1514    97.4458     0.0010     4.5482   56.84714    3.66899    159.953    24.4111    24.4103    1486.70          0      43620          9  0.000e+00
  430249619     59.530     60.045   3.486952   3.486736    31.7347    31.7333     9.9589     9.9579     9.9523     9.9513     1.8840     1.0476     0.1502    97.4458     0.0010     4.5482   56.83463    3.66818    159.917    24.4112    24.4103    1486.70          0      43621          9  0.000e+00
  430249619     59.573     60.089   3.486938   3.486736    31.7344    31.7336     9.9590     9.9576     9.9524     9.9510     1.8840     1.0464     0.1514    97.4458     0.0010     4.5482   56.96265    3.67644    160.277    24.4109    24.4105    1486.70          0      43622          9  0.000e+00
  430249619     59.573     60.089   3.486952   3.486756    31.7346    31.7337     9.9590     9.9578     9.9524     9.9512     1.8840     1.0476     0.1514    97.4458     0.0010     4.5482   56.98099    3.67762    160.329    24.4110    24.4105    1486.70          0      43623          9  0.000e+00
  430249619     59.542     60.057   3.486938   3.486769    31.7343    31.7339     9.9592     9.9576     9.9526     9.9510     1.8840     1.0464     0.1502    97.4458     0.0010     4.5482   56.98868    3.67811    160.350    24.4108    24.4108    1486.70          0      43624          9  0.000e+00
  430249707     50.575     51.012   3.519699   3.519829    31.4437    31.4426    10.6752    10.6780    10.6694    10.6721     1.6996     1.1001     0.2967    93.8881     0.0025     4.3822   69.15859    4.40281    192.009    24.0646    24.0632    1488.77          0      45727         10  0.000e+00
  430249707     50.619     51.056   3.519739   3.519862    31.4439    31.4429    10.6755    10.6780    10.6696    10.6722     1.6996     1.1013     0.2967    93.9404     0.0025     4.3846   69.13806    4.40147    191.950    24.0646    24.0634    1488.77          0      45728         10  0.000e+00
  430249707     50.619     51.056   3.519685   3.519803    31.4439    31.4427    10.6748    10.6775    10.6689    10.6717     1.6996     1.1013     0.2967    94.1758     0.0024     4.3956   69.11840    4.40028    191.899    24.0648    24.0634    1488.77          0      45729         10  0.000e+00
  430249707     50.631     51.068   3.519618   3.519588    31.4434    31.4423    10.6747    10.6756    10.6688    10.6697     1.7009     1.1001     0.2967    94.3066     0.0023     4.4017   69.08998    4.39850    191.821    24.0644    24.0634    1488.77          0      45730         10  0.000e+00
  430249707     50.662     51.100   3.519545   3.519432    31.4434    31.4428    10.6738    10.6732    10.6679    10.6673     1.7009     1.1013     0.2967    94.3066     0.0023     4.4017   69.06255    4.39684    191.749    24.0646    24.0642    1488.77          0      45731         10  0.000e+00
  430249707     50.662     51.100   3.519417   3.519353    31.4430    31.4427    10.6728    10.6723    10.6670    10.6665     1.7009     1.1013     0.2967    94.2805     0.0024     4.4005   69.14007    4.40188    191.968    24.0644    24.0643    1488.76          0      45732         10  0.000e+00
  430249707     50.725     51.163   3.519357   3.519269    31.4430    31.4430    10.6720    10.6711    10.6661    10.6652     1.7009     1.1001     0.2967    94.2805     0.0024     4.4005   69.15551    4.40293    192.014    24.0646    24.0647    1488.76          0      45733         10  0.000e+00
  430249707     50.712     51.150   3.519324   3.519093    31.4434    31.4431    10.6712    10.6689    10.6653    10.6631     1.7009     1.0989     0.2967    94.2805     0.0024     4.4005   69.17191    4.40405    192.063    24.0650    24.0651    1488.76          0      45734         10  0.000e+00
  430249707     50.756     51.194   3.519270   3.519028    31.4435    31.4434    10.6704    10.6678    10.6645    10.6619     1.7009     1.1001     0.2967    94.2805     0.0024     4.4005   69.19040    4.40530    192.117    24.0652    24.0656    1488.76          0      45735         10  0.000e+00
  430249707     50.756     51.194   3.519143   3.518975    31.4434    31.4437    10.6691    10.6668    10.6633    10.6609     1.7009     1.0989     0.2955    94.2805     0.0024     4.4005   69.14592    4.40259    191.999    24.0653    24.0660    1488.75          0      45736         10  0.000e+00
  430249707     50.768     51.207   3.519049   3.518891    31.4437    31.4438    10.6677    10.6657    10.6618    10.6598     1.7021     1.1001     0.2967    94.2805     0.0024     4.4005   69.15814    4.40349    192.038    24.0658    24.0663    1488.75          0      45737         10  0.000e+00
  430249707     50.849     51.288   3.518982   3.518793    31.4441    31.4438    10.6663    10.6646    10.6605    10.6587     1.7021     1.0989     0.2955    94.2805     0.0024     4.4005   69.17297    4.40456    192.085    24.0664    24.0664    1488.75          0      45738         10  0.000e+00
  430249707     50.756     51.194   3.518922   3.518747    31.4441    31.4440    10.6657    10.6639    10.6599    10.6580     1.7021     1.1001     0.2967    94.2805     0.0024     4.4005   69.26254    4.41032    192.336    24.0665    24.0667    1488.74          0      45739         10  0.000e+00
  430249707     50.849     51.288   3.518915   3.518695    31.4446    31.4441    10.6650    10.6631    10.6591    10.6572     1.7021     1.1001     0.2967    94.2805     0.0024     4.4005   69.29113    4.41219    192.418    24.0670    24.0669    1488.74          0      45740         10  0.000e+00
  430249707     50.862     51.301   3.518909   3.518656    31.4448    31.4443    10.6647    10.6624    10.6588    10.6565     1.7033     1.0989     0.2955    94.2805     0.0024     4.4005   69.33065    4.41473    192.528    24.0672    24.0672    1488.74          0      45741         10  0.000e+00
  430249707     50.893     51.332   3.518835   3.518624    31.4447    31.4444    10.6640    10.6619    10.6581    10.6560     1.7033     1.0989     0.2955    94.2805     0.0024     4.4005   69.29809    4.41273    192.441    24.0672    24.0673    1488.74          0      45742         10  0.000e+00
  430249707     50.849     51.288   3.518815   3.518617    31.4451    31.4449    10.6633    10.6613    10.6574    10.6554     1.7021     1.1001     0.2967    94.2805     0.0024     4.4005   69.33151    4.41492    192.536    24.0677    24.0678    1488.74          0      45743         10  0.000e+00
  430249707     50.893     51.332   3.518835   3.518585    31.4457    31.4449    10.6628    10.6608    10.6569    10.6549     1.7033     1.0989     0.2967    94.2805     0.0024     4.4005   69.36811    4.41727    192.639    24.0682    24.0680    1488.74          0      45744         10  0.000e+00
  430249708     50.949     51.389   3.518802   3.518532    31.4455    31.4448    10.6626    10.6603    10.6567    10.6544     1.7033     1.0989     0.2967    94.2805     0.0024     4.4005   69.39716    4.41915    192.721    24.0681    24.0679    1488.74          0      45745         10  0.000e+00
  430249708     50.937     51.376   3.518808   3.518519    31.4454    31.4450    10.6628    10.6600    10.6569    10.6541     1.7045     1.0989     0.2906    94.2805     0.0024     4.4005   69.42761    4.42107    192.805    24.0680    24.0681    1488.74          0      45746         10  0.000e+00
  430249708     50.987     51.427   3.518788   3.518565    31.4450    31.4457    10.6631    10.6596    10.6572    10.6537     1.7045     1.1001     0.2821    94.2805     0.0024     4.4005   69.46060    4.42316    192.896    24.0676    24.0688    1488.74          0      45747         10  0.000e+00
  430249708     50.937     51.376   3.518755   3.518559    31.4452    31.4458    10.6624    10.6595    10.6565    10.6536     1.7045     1.0989     0.2796    94.2805     0.0024     4.4005   69.49478    4.42539    192.993    24.0679    24.0688    1488.73          0      45748         10  0.000e+00
  430249708     50.999     51.439   3.518755   3.518526    31.4458    31.4457    10.6618    10.6592    10.6559    10.6532     1.7045     1.0977     0.2796    94.3589     0.0023     4.4042   69.53196    4.42780    193.098    24.0684    24.0689    1488.73          0      45749         10  0.000e+00
  430249708     51.030     51.471   3.518721   3.518500    31.4461    31.4459    10.6610    10.6587    10.6551    10.6528     1.7045     1.0989     0.2808    94.4113     0.0023     4.4066   69.53067    4.42779    193.097    24.0688    24.0691    1488.73          0      45750         10  0.000e+00
  430249708     50.987     51.427   3.518694   3.518493    31.4466    31.4461    10.6602    10.6583    10.6543    10.6524     1.7045     1.0989     0.2808    94.4374     0.0023     4.4078   69.52912    4.42776    193.096    24.0693    24.0693    1488.73          0      45751         10  0.000e+00
  430249708     51.043     51.483   3.518708   3.518493    31.4462    31.4462    10.6607    10.6582    10.6548    10.6523     1.7057     1.0989     0.2808    94.4113     0.0023     4.4066   69.59302    4.43179    193.272    24.0690    24.0694    1488.73          0      45752         10  0.000e+00
  430249708     51.080     51.521   3.518674   3.518480    31.4461    31.4463    10.6604    10.6579    10.6544    10.6520     1.7057     1.0989     0.2808    94.4113     0.0023     4.4066   69.53799    4.42831    193.120    24.0690    24.0695    1488.73          0      45753         10  0.000e+00
  430249708     51.030     51.471   3.518681   3.518461    31.4463    31.4465    10.6603    10.6575    10.6544    10.6516     1.7057     1.0977     0.2808    94.4113     0.0023     4.4066   69.59132    4.43171    193.268    24.0691    24.0697    1488.73          0      45754         10  0.000e+00
  430249708     51.080     51.521   3.518708   3.518435    31.4466    31.4458    10.6602    10.6580    10.6542    10.6521     1.7057     1.0989     0.2808    94.4113     0.0023     4.4066   69.60062    4.43231    193.294    24.0694    24.0691    1488.73          0      45755         10  0.000e+00
  430249708     51.093     51.534   3.518695   3.518402    31.4466    31.4460    10.6600    10.6574    10.6541    10.6515     1.7057     1.0989     0.2808    94.4113     0.0023     4.4066   69.60959    4.43289    193.320    24.0694    24.0694    1488.73          0      45756         10  0.000e+00
  430249708     51.080     51.521   3.518614   3.518415    31.4465    31.4464    10.6592    10.6571    10.6533    10.6511     1.7057     1.0977     0.2796    94.4113     0.0023     4.4066   69.62843    4.43417    193.376    24.0695    24.0697    1488.73          0      45757         10  0.000e+00
  430249708     51.124     51.565   3.518574   3.518350    31.4467    31.4462    10.6585    10.6566    10.6526    10.6507     1.7070     1.0977     0.2808    94.4113     0.0023     4.4066   69.58392    4.43140    193.255    24.0697    24.0696    1488.72          0      45758         10  0.000e+00
  430249708     51.080     51.521   3.518507   3.518311    31.4465    31.4463    10.6580    10.6560    10.6521    10.6501     1.7070     1.0977     0.2796    94.4113     0.0023     4.4066   69.64820    4.43555    193.436    24.0696    24.0698    1488.72          0      45759         10  0.000e+00
  430249708     51.093     51.534   3.518474   3.518252    31.4468    31.4459    10.6573    10.6557    10.6513    10.6498     1.7082     1.0977     0.2796    94.4113     0.0023     4.4066   69.65841    4.43626    193.467    24.0700    24.0696    1488.72          0      45760         10  0.000e+00
  430249708     51.168     51.609   3.518367   3.518376    31.4469    31.4465    10.6559    10.6564    10.6500    10.6505     1.7070     1.0977     0.2796    94.4113     0.0023     4.4066   69.66921    4.43708    193.502    24.0703    24.0699    1488.72          0      45761         10  0.000e+00
  430249708     51.124     51.565   3.518246   3.518389    31.4474    31.4464    10.6540    10.6567    10.6481    10.6508     1.7082     1.0977     0.2808    94.4113     0.0023     4.4066   69.67899    4.43787    193.537    24.0710    24.0698    1488.71          0      45762         10  0.000e+00
  430249708     51.124     51.565   3.518186   3.518415    31.4475    31.4463    10.6532    10.6572    10.6472    10.6513     1.7082     1.0977     0.2808    94.4113     0.0023     4.4066   69.62486    4.43450    193.390    24.0712    24.0696    1488.71          0      45763         10  0.000e+00
  430249708     51.136     51.578   3.518246   3.518428    31.4477    31.4464    10.6536    10.6572    10.6477    10.6513     1.7082     1.0989     0.2808    94.4113     0.0023     4.4066   69.67993    4.43796    193.540    24.0713    24.0697    1488.71          0      45764         10  0.000e+00
  430249708     51.124     51.565   3.518293   3.518376    31.4477    31.4460    10.6542    10.6571    10.6483    10.6511     1.7094     1.0989     0.2808    94.4113     0.0023     4.4066   69.67979    4.43789    193.538    24.0712    24.0694    1488.71          0      45765         10  0.000e+00
  430249708     51.124     51.565   3.518306   3.518337    31.4470    31.4460    10.6551    10.6566    10.6492    10.6507     1.7094     1.0977     0.2808    94.4113     0.0023     4.4066   69.62515    4.43435    193.383    24.0705    24.0695    1488.71          0      45766         10  0.000e+00
  430249708     51.168     51.609   3.518280   3.518285    31.4468    31.4463    10.6550    10.6557    10.6491    10.6498     1.7094     1.0977     0.2796    94.4113     0.0023     4.4066   69.62595    4.43441    193.386    24.0704    24.0699    1488.71          0      45767         10  0.000e+00
  430249708     51.136     51.578   3.518293   3.518272    31.4471    31.4463    10.6548    10.6555    10.6489    10.6495     1.7094     1.0989     0.2808    94.4113     0.0023     4.4066   69.62649    4.43446    193.388    24.0707    24.0700    1488.71          0      45768         10  0.000e+00
