ROS/FK009A_CTD027_20130823.ros
* Sea-Bird SBE 9 Data File:
* FileName = C:\Falkor-Data-2013\FK009A\CTD\FK009A_CTD027_20130823.hex
* Software Version Seasave V 7.21f
* Temperature SN = 5483
* Conductivity SN = 3916
* Number of Bytes Per Scan = 41
* Number of Voltage Words = 4
* Number of Scans Averaged by the Deck Unit = 1
* NMEA Latitude = 48 29.45 N
* NMEA Longitude = 126 07.09 W
* NMEA UTC (Time) = Aug 23 2013 05:04:48
* NMEA baud rate = 4800
** Ship: RV Falkor
** Station: LC08
** Operator: CPeazy
# nquan = 27
# nvalues = 196                                   
# units = specified
# name 0 = timeQ: Time, NMEA [seconds]
# name 1 = depSM: Depth [salt water, m]
# name 2 = prDM: Pressure, Digiquartz [db]
# name 3 = c0S/m: Conductivity [S/m]
# name 4 = c1S/m: Conductivity, 2 [S/m]
# name 5 = sal00: Salinity, Practical [PSU]
# name 6 = sal11: Salinity, Practical, 2 [PSU]
# name 7 = t090C: Temperature [ITS-90, deg C]
# name 8 = t190C: Temperature, 2 [ITS-90, deg C]
# name 9 = potemp090C: Potential Temperature [ITS-90, deg C]
# name 10 = potemp190C: Potential Temperature, 2 [ITS-90, deg C]
# name 11 = v2: Voltage 2
# name 12 = v3: Voltage 3
# name 13 = v0: Voltage 0
# name 14 = CStarTr0: Beam Transmission, WET Labs C-Star [%]
# name 15 = CStarAt0: Beam Attenuation, WET Labs C-Star [1/m]
# name 16 = v5: Voltage 5
# name 17 = sbeox0PS: Oxygen, SBE 43 [% saturation]
# name 18 = sbeox0ML/L: Oxygen, SBE 43 [ml/l]
# name 19 = sbeox0Mm/Kg: Oxygen, SBE 43 [umol/Kg]
# name 20 = sigma-é00: Density [sigma-theta, Kg/m^3]
# name 21 = sigma-é11: Density, 2 [sigma-theta, Kg/m^3]
# name 22 = svCM: Sound Velocity [Chen-Millero, m/s]
# name 23 = modError: Modulo Error Count
# name 24 = scan: Scan Count
# name 25 = nbf: Bottles Fired
# name 26 = flag:  0.000e+00
# interval = seconds: 0.0416667
# start_time = Aug 23 2013 05:04:49 [NMEA time, first data scan]
# bad_flag = -9.990e-29
*END*
[from data line 54]
  430550167    150.737    152.076   3.416534   3.416499    33.8684    33.8673     6.8226     6.8234     6.8089     6.8097     0.0000     0.0000     0.0781    99.4863     0.0002     4.6435   30.91892    2.11154     91.862    26.5533    26.5523    1479.05          6      16263          2  0.000e+00
  430550167    150.731    152.069   3.416501   3.416505    33.8681    33.8671     6.8226     6.8237     6.8089     6.8100     0.0000     0.0000     0.0781    99.4863     0.0002     4.6435   30.91540    2.11131     91.852    26.5530    26.5521    1479.05          6      16264          2  0.000e+00
  430550167    150.731    152.069   3.416494   3.416486    33.8682    33.8669     6.8225     6.8237     6.8088     6.8099     0.0000     0.0000     0.0781    99.4863     0.0002     4.6435   30.97851    2.11563     92.040    26.5531    26.5520    1479.05          6      16265          2  0.000e+00
  430550168    150.693    152.031   3.416514   3.416499    33.8686    33.8670     6.8223     6.8237     6.8086     6.8100     0.0000     0.0000     0.0781    99.4863     0.0002     4.6435   30.91677    2.11141     91.857    26.5535    26.5521    1479.04          6      16266          2  0.000e+00
  430550168    150.681    152.019   3.416487   3.416479    33.8682    33.8668     6.8224     6.8237     6.8087     6.8100     0.0000     0.0000     0.0781    99.4863     0.0002     4.6435   30.92221    2.11178     91.873    26.5532    26.5519    1479.04          6      16267          2  0.000e+00
  430550168    150.731    152.069   3.416487   3.416492    33.8684    33.8668     6.8222     6.8238     6.8084     6.8101     0.0000     0.0000     0.0781    99.4863     0.0002     4.6435   30.91494    2.11130     91.851    26.5534    26.5519    1479.04          6      16268          2  0.000e+00
  430550168    150.693    152.031   3.416467   3.416505    33.8679    33.8673     6.8225     6.8235     6.8088     6.8098     0.0000     0.0000     0.0781    99.5125     0.0002     4.6447   30.90628    2.11070     91.825    26.5529    26.5523    1479.04          6      16269          2  0.000e+00
  430550168    150.681    152.019   3.416441   3.416486    33.8679    33.8671     6.8222     6.8235     6.8085     6.8098     0.0000     0.0000     0.0781    99.4863     0.0002     4.6435   30.88427    2.10921     91.761    26.5529    26.5521    1479.04          6      16270          2  0.000e+00
  430550168    150.731    152.069   3.416467   3.416473    33.8682    33.8668     6.8222     6.8237     6.8084     6.8099     0.0000     0.0000     0.0781    99.5125     0.0002     4.6447   30.81838    2.10470     91.565    26.5532    26.5519    1479.04          6      16271          2  0.000e+00
  430550168    150.643    151.981   3.416461   3.416492    33.8680    33.8671     6.8223     6.8235     6.8086     6.8098     0.0000     0.0000     0.0781    99.5125     0.0002     4.6447   30.80753    2.10396     91.532    26.5530    26.5522    1479.04          6      16272          2  0.000e+00
  430550168    150.681    152.019   3.416507   3.416460    33.8683    33.8666     6.8225     6.8237     6.8088     6.8100     0.0000     0.0000     0.0781    99.5125     0.0002     4.6447   30.86478    2.10786     91.702    26.5533    26.5517    1479.04          6      16273          2  0.000e+00
  430550168    150.637    151.975   3.416534   3.416486    33.8682    33.8671     6.8230     6.8235     6.8093     6.8098     0.0000     0.0000     0.0781    99.5125     0.0002     4.6447   30.86558    2.10789     91.703    26.5531    26.5522    1479.05          6      16274          2  0.000e+00
  430550168    150.693    152.031   3.416527   3.416486    33.8679    33.8670     6.8231     6.8235     6.8094     6.8098     0.0000     0.0000     0.0781    99.4863     0.0002     4.6435   30.93389    2.11255     91.906    26.5528    26.5521    1479.05          6      16275          2  0.000e+00
  430550168    150.637    151.975   3.416593   3.416499    33.8682    33.8672     6.8236     6.8235     6.8099     6.8098     0.0000     0.0000     0.0781    99.4863     0.0002     4.6435   30.87752    2.10867     91.737    26.5530    26.5522    1479.05          6      16276          2  0.000e+00
  430550168    150.637    151.975   3.416620   3.416505    33.8682    33.8671     6.8239     6.8237     6.8102     6.8100     0.0000     0.0000     0.0781    99.4863     0.0002     4.6435   30.87650    2.10859     91.734    26.5529    26.5521    1479.05          6      16277          2  0.000e+00
  430550168    150.600    151.937   3.416626   3.416486    33.8683    33.8670     6.8239     6.8237     6.8102     6.8099     0.0000     0.0000     0.0781    99.4863     0.0002     4.6435   30.87485    2.10847     91.729    26.5530    26.5520    1479.05          6      16278          2  0.000e+00
  430550168    150.637    151.975   3.416620   3.416499    33.8680    33.8671     6.8241     6.8237     6.8104     6.8100     0.0000     0.0000     0.0781    99.4863     0.0002     4.6435   30.87300    2.10834     91.723    26.5528    26.5521    1479.05          6      16279          2  0.000e+00
  430550168    150.637    151.975   3.416620   3.416479    33.8677    33.8669     6.8244     6.8237     6.8107     6.8100     0.0000     0.0000     0.0781    99.4863     0.0002     4.6435   30.87048    2.10816     91.715    26.5525    26.5519    1479.05          6      16280          2  0.000e+00
  430550168    150.550    151.886   3.416659   3.416473    33.8681    33.8669     6.8245     6.8237     6.8108     6.8099     0.0000     0.0000     0.0781    99.4863     0.0002     4.6435   30.86713    2.10792     91.705    26.5528    26.5519    1479.05          6      16281          2  0.000e+00
  430550168    150.593    151.931   3.416686   3.416499    33.8676    33.8671     6.8252     6.8237     6.8115     6.8100     0.0000     0.0000     0.0781    99.4863     0.0002     4.6435   30.86376    2.10766     91.694    26.5523    26.5521    1479.05          6      16282          2  0.000e+00
  430550168    150.593    151.931   3.416706   3.416479    33.8679    33.8669     6.8252     6.8237     6.8115     6.8100     0.0000     0.0000     0.0781    99.4863     0.0002     4.6435   30.85977    2.10739     91.682    26.5526    26.5519    1479.05          6      16283          2  0.000e+00
  430550168    150.550    151.886   3.416778   3.416492    33.8684    33.8671     6.8255     6.8237     6.8118     6.8099     0.0000     0.0000     0.0781    99.4863     0.0002     4.6435   30.85508    2.10705     91.667    26.5529    26.5521    1479.05          6      16284          2  0.000e+00
  430550168    150.593    151.931   3.416785   3.416524    33.8681    33.8672     6.8259     6.8239     6.8122     6.8101     0.0000     0.0000     0.0781    99.4863     0.0002     4.6435   30.85024    2.10670     91.652    26.5526    26.5522    1479.06          6      16285          2  0.000e+00
  430550168    150.544    151.880   3.416798   3.416531    33.8680    33.8672     6.8261     6.8240     6.8124     6.8103     0.0000     0.0000     0.0781    99.4863     0.0002     4.6435   30.89965    2.11006     91.798    26.5525    26.5521    1479.06          6      16286          2  0.000e+00
  430550168    150.550    151.886   3.416778   3.416492    33.8675    33.8668     6.8265     6.8240     6.8128     6.8103     0.0000     0.0000     0.0781    99.4863     0.0002     4.6435   30.90464    2.11040     91.813    26.5520    26.5518    1479.06          6      16287          2  0.000e+00
  430550168    150.500    151.836   3.416792   3.416479    33.8674    33.8669     6.8267     6.8237     6.8130     6.8100     0.0000     0.0000     0.0781    99.4863     0.0002     4.6435   30.84083    2.10603     91.623    26.5520    26.5520    1479.06          6      16288          2  0.000e+00
  430550168    150.500    151.836   3.416812   3.416499    33.8675    33.8673     6.8268     6.8235     6.8131     6.8098     0.0000     0.0000     0.0781    99.4863     0.0002     4.6435   30.83234    2.10544     91.597    26.5520    26.5523    1479.06          6      16289          2  0.000e+00
  430550169    150.506    151.842   3.416831   3.416524    33.8676    33.8669     6.8269     6.8242     6.8132     6.8105     0.0000     0.0000     0.0781    99.4863     0.0002     4.6435   30.82337    2.10482     91.570    26.5521    26.5519    1479.06          6      16290          2  0.000e+00
  430550169    150.500    151.836   3.416878   3.416582    33.8676    33.8670     6.8275     6.8248     6.8138     6.8111     0.0000     0.0000     0.0781    99.4863     0.0002     4.6435   30.89390    2.10961     91.778    26.5520    26.5519    1479.06          6      16291          2  0.000e+00
  430550169    150.462    151.798   3.416858   3.416640    33.8674    33.8673     6.8274     6.8252     6.8137     6.8115     0.0000     0.0000     0.0781    99.4863     0.0002     4.6435   30.90823    2.11059     91.821    26.5519    26.5521    1479.06          6      16292          2  0.000e+00
  430550169    150.500    151.836   3.416884   3.416634    33.8677    33.8669     6.8274     6.8255     6.8137     6.8118     0.0000     0.0000     0.0781    99.4863     0.0002     4.6435   30.90988    2.11070     91.826    26.5521    26.5517    1479.06          6      16293          2  0.000e+00
  430550169    150.450    151.786   3.416937   3.416647    33.8679    33.8666     6.8278     6.8259     6.8141     6.8122     0.0000     0.0000     0.0781    99.4863     0.0002     4.6435   30.84256    2.10609     91.625    26.5522    26.5515    1479.06          6      16294          2  0.000e+00
  430550169    150.462    151.798   3.416957   3.416653    33.8678    33.8671     6.8282     6.8255     6.8145     6.8118     0.0000     0.0000     0.0781    99.4863     0.0002     4.6435   30.83061    2.10525     91.589    26.5520    26.5519    1479.06          6      16295          2  0.000e+00
  430550169    150.406    151.741   3.416964   3.416634    33.8677    33.8668     6.8283     6.8256     6.8146     6.8119     0.0000     0.0000     0.0781    99.4863     0.0002     4.6435   30.81789    2.10438     91.551    26.5520    26.5516    1479.06          6      16296          2  0.000e+00
  430550169    150.450    151.786   3.416984   3.416627    33.8678    33.8667     6.8285     6.8256     6.8148     6.8119     0.0000     0.0000     0.0781    99.5125     0.0002     4.6447   30.80508    2.10349     91.512    26.5520    26.5516    1479.06          6      16297          2  0.000e+00
  430550169    150.412    151.748   3.416990   3.416647    33.8680    33.8671     6.8284     6.8255     6.8147     6.8118     0.0000     0.0000     0.0781    99.5125     0.0002     4.6447   30.79146    2.10257     91.472    26.5522    26.5519    1479.06          6      16298          2  0.000e+00
  430550169    150.406    151.741   3.416990   3.416653    33.8680    33.8671     6.8283     6.8255     6.8146     6.8118     0.0000     0.0000     0.0781    99.5125     0.0002     4.6447   30.76498    2.10076     91.393    26.5522    26.5519    1479.06          6      16299          2  0.000e+00
  430550169    150.362    151.697   3.417023   3.416660    33.8678    33.8670     6.8290     6.8257     6.8153     6.8120     0.0000     0.0000     0.0781    99.5125     0.0002     4.6447   30.74980    2.09970     91.347    26.5519    26.5518    1479.06          6      16300          2  0.000e+00
  430550169    150.412    151.748   3.417070   3.416679    33.8680    33.8670     6.8292     6.8259     6.8155     6.8122     0.0000     0.0000     0.0781    99.5125     0.0002     4.6447   30.74699    2.09949     91.338    26.5521    26.5517    1479.07          6      16301          2  0.000e+00
  430550169    150.362    151.697   3.417083   3.416737    33.8675    33.8674     6.8300     6.8261     6.8163     6.8124     0.0000     0.0000     0.0769    99.5125     0.0002     4.6447   30.81134    2.10386     91.528    26.5516    26.5520    1479.07          6      16302          2  0.000e+00
  430550169    150.362    151.697   3.417136   3.416756    33.8679    33.8671     6.8301     6.8267     6.8164     6.8130     0.0000     0.0000     0.0781    99.5125     0.0002     4.6447   30.81982    2.10442     91.553    26.5519    26.5517    1479.07          6      16303          2  0.000e+00
  430550169    150.369    151.704   3.417123   3.416840    33.8675    33.8675     6.8303     6.8272     6.8166     6.8135     0.0000     0.0000     0.0781    99.5125     0.0002     4.6447   30.77271    2.10120     91.412    26.5516    26.5520    1479.07          6      16304          2  0.000e+00
  430550169    150.362    151.697   3.417116   3.416872    33.8670    33.8670     6.8308     6.8280     6.8171     6.8143     0.0000     0.0000     0.0781    99.5125     0.0002     4.6447   30.76916    2.10094     91.401    26.5511    26.5515    1479.07          6      16305          2  0.000e+00
  430550169    150.312    151.647   3.417136   3.416943    33.8676    33.8670     6.8304     6.8289     6.8168     6.8152     0.0000     0.0000     0.0781    99.5125     0.0002     4.6447   30.76549    2.10070     91.391    26.5516    26.5514    1479.07          6      16306          2  0.000e+00
  430550411     92.370     93.177   3.426444   3.426164    33.5489    33.5472     7.2896     7.2882     7.2809     7.2796     0.0000     0.0000     0.0757    99.8002     0.0001     4.6581   40.61408    2.74988    119.670    26.2371    26.2359    1479.49          6      22106          3  0.000e+00
  430550411     92.377     93.184   3.426444   3.426196    33.5489    33.5473     7.2896     7.2884     7.2809     7.2798     0.0000     0.0000     0.0757    99.8002     0.0001     4.6581   40.60932    2.74956    119.656    26.2371    26.2360    1479.49          6      22107          3  0.000e+00
  430550411     92.464     93.272   3.426457   3.426170    33.5490    33.5471     7.2896     7.2884     7.2809     7.2797     0.0000     0.0000     0.0757    99.8002     0.0001     4.6581   40.60500    2.74927    119.643    26.2372    26.2358    1479.49          6      22108          3  0.000e+00
  430550411     92.420     93.228   3.426490   3.426196    33.5495    33.5472     7.2894     7.2885     7.2808     7.2799     0.0000     0.0000     0.0769    99.8264     0.0001     4.6593   40.59999    2.74893    119.628    26.2376    26.2359    1479.49          6      22109          3  0.000e+00
  430550411     92.420     93.228   3.426523   3.426170    33.5499    33.5471     7.2894     7.2884     7.2808     7.2797     0.0000     0.0000     0.0769    99.8264     0.0001     4.6593   40.58323    2.74779    119.579    26.2379    26.2358    1479.49          6      22110          3  0.000e+00
  430550411     92.420     93.228   3.426510   3.426222    33.5497    33.5478     7.2894     7.2882     7.2808     7.2796     0.0000     0.0000     0.0781    99.8002     0.0001     4.6581   40.48740    2.74130    119.296    26.2378    26.2364    1479.49          6      22111          3  0.000e+00
  430550411     92.414     93.221   3.426523   3.426273    33.5501    33.5484     7.2893     7.2881     7.2806     7.2795     0.0000     0.0000     0.0769    99.8264     0.0001     4.6593   40.47014    2.74014    119.246    26.2381    26.2370    1479.49          6      22112          3  0.000e+00
  430550411     92.420     93.228   3.426550   3.426293    33.5503    33.5487     7.2893     7.2881     7.2806     7.2794     0.0000     0.0000     0.0781    99.8002     0.0001     4.6581   40.52002    2.74351    119.392    26.2383    26.2372    1479.49          6      22113          3  0.000e+00
  430550411     92.514     93.322   3.426537   3.426370    33.5500    33.5494     7.2894     7.2882     7.2808     7.2796     0.0000     0.0000     0.0781    99.8002     0.0001     4.6581   40.51524    2.74318    119.378    26.2380    26.2376    1479.49          6      22114          3  0.000e+00
