ROS/FK009A_CTD002_20130819.ros
* Sea-Bird SBE 9 Data File:
* FileName = C:\Falkor-Data-2013\FK009A\CTD\FK009A_CTD002_20130819.hex
* Software Version Seasave V 7.21f
* Temperature SN = 5483
* Conductivity SN = 3916
* Number of Bytes Per Scan = 41
* Number of Voltage Words = 4
* Number of Scans Averaged by the Deck Unit = 1
* NMEA Latitude = 48 29.18 N
* NMEA Longitude = 124 41.11 W
* NMEA UTC (Time) = Aug 19 2013 17:16:41
* NMEA baud rate = 4800
** Ship:
** Station: JFG4a
** Operator:
# nquan = 27
# nvalues = 637                                   
# units = specified
# name 0 = timeQ: Time, NMEA [seconds]
# name 1 = depSM: Depth [salt water, m]
# name 2 = prDM: Pressure, Digiquartz [db]
# name 3 = c0S/m: Conductivity [S/m]
# name 4 = c1S/m: Conductivity, 2 [S/m]
# name 5 = sal00: Salinity, Practical [PSU]
# name 6 = sal11: Salinity, Practical, 2 [PSU]
# name 7 = t090C: Temperature [ITS-90, deg C]
# name 8 = t190C: Temperature, 2 [ITS-90, deg C]
# name 9 = potemp090C: Potential Temperature [ITS-90, deg C]
# name 10 = potemp190C: Potential Temperature, 2 [ITS-90, deg C]
# name 11 = v2: Voltage 2
# name 12 = v3: Voltage 3
# name 13 = v0: Voltage 0
# name 14 = CStarTr0: Beam Transmission, WET Labs C-Star [%]
# name 15 = CStarAt0: Beam Attenuation, WET Labs C-Star [1/m]
# name 16 = v5: Voltage 5
# name 17 = sbeox0PS: Oxygen, SBE 43 [% saturation]
# name 18 = sbeox0ML/L: Oxygen, SBE 43 [ml/l]
# name 19 = sbeox0Mm/Kg: Oxygen, SBE 43 [umol/Kg]
# name 20 = sigma-é00: Density [sigma-theta, Kg/m^3]
# name 21 = sigma-é11: Density, 2 [sigma-theta, Kg/m^3]
# name 22 = svCM: Sound Velocity [Chen-Millero, m/s]
# name 23 = modError: Modulo Error Count
# name 24 = scan: Scan Count
# name 25 = nbf: Bottles Fired
# name 26 = flag:  0.000e+00
# interval = seconds: 0.0416667
# start_time = Aug 19 2013 17:16:42 [NMEA time, first data scan]
# bad_flag = -9.990e-29
*END*
[from data line 269]
  430249206    125.884    126.994   3.433029   3.432781    33.4397    33.4426     7.4597     7.4539     7.4477     7.4420     2.0830     0.8645     0.0879    98.4399     0.0006     4.5946   47.02527    3.17391    138.138    26.1279    26.1310    1480.56          0      33706          6  0.000e+00
  430249206    125.821    126.931   3.433036   3.432748    33.4402    33.4420     7.4593     7.4542     7.4473     7.4422     2.0830     0.8645     0.0879    98.4137     0.0006     4.5934   47.03309    3.17446    138.161    26.1284    26.1305    1480.56          0      33707          6  0.000e+00
  430249206    125.865    126.975   3.433069   3.432768    33.4403    33.4422     7.4595     7.4542     7.4476     7.4422     2.0830     0.8645     0.0879    98.3876     0.0007     4.5922   47.09541    3.17864    138.344    26.1284    26.1306    1480.56          0      33708          6  0.000e+00
  430249206    125.884    126.994   3.433029   3.432787    33.4398    33.4420     7.4596     7.4546     7.4476     7.4426     2.0830     0.8657     0.0879    98.3876     0.0007     4.5922   47.03344    3.17447    138.162    26.1280    26.1304    1480.56          0      33709          6  0.000e+00
  430249206    125.865    126.975   3.433016   3.432748    33.4400    33.4412     7.4593     7.4550     7.4473     7.4430     2.0830     0.8632     0.0879    98.3876     0.0007     4.5922   47.03720    3.17474    138.174    26.1282    26.1297    1480.56          0      33710          6  0.000e+00
  430249206    125.865    126.975   3.433023   3.432774    33.4415    33.4408     7.4578     7.4558     7.4458     7.4438     2.0818     0.8657     0.0879    98.3876     0.0007     4.5922   47.04022    3.17502    138.186    26.1296    26.1293    1480.56          0      33711          6  0.000e+00
  430249206    125.884    126.994   3.432970   3.432806    33.4418    33.4405     7.4569     7.4564     7.4449     7.4445     2.0818     0.8645     0.0879    98.3876     0.0007     4.5922   47.03033    3.17441    138.159    26.1299    26.1289    1480.56          0      33712          6  0.000e+00
  430249206    125.915    127.025   3.432976   3.432819    33.4428    33.4401     7.4559     7.4570     7.4439     7.4450     2.0818     0.8657     0.0879    98.3876     0.0007     4.5922   47.08597    3.17822    138.325    26.1309    26.1286    1480.55          0      33713          6  0.000e+00
  430249206    125.915    127.025   3.433009   3.432871    33.4430    33.4406     7.4561     7.4571     7.4441     7.4451     2.0818     0.8657     0.0879    98.3876     0.0007     4.5922   47.02915    3.17437    138.157    26.1310    26.1289    1480.55          0      33714          6  0.000e+00
  430249206    125.915    127.025   3.433023   3.432864    33.4422    33.4398     7.4570     7.4577     7.4451     7.4458     2.0818     0.8657     0.0879    98.3876     0.0007     4.5922   47.02667    3.17415    138.148    26.1302    26.1283    1480.56          0      33715          6  0.000e+00
  430249206    125.884    126.994   3.432996   3.432819    33.4414    33.4398     7.4576     7.4573     7.4457     7.4453     2.0818     0.8657     0.0891    98.3876     0.0007     4.5922   47.08995    3.17839    138.332    26.1295    26.1283    1480.56          0      33716          6  0.000e+00
  430249206    125.915    127.025   3.433029   3.432819    33.4418    33.4401     7.4575     7.4569     7.4455     7.4449     2.0818     0.8645     0.0879    98.3876     0.0007     4.5922   47.09687    3.17886    138.353    26.1299    26.1286    1480.56          0      33717          6  0.000e+00
  430249206    125.915    127.025   3.433003   3.432800    33.4417    33.4399     7.4573     7.4569     7.4453     7.4449     2.0818     0.8657     0.0891    98.3876     0.0007     4.5922   47.16906    3.18375    138.565    26.1298    26.1285    1480.56          0      33718          6  0.000e+00
  430249206    125.934    127.044   3.432990   3.432794    33.4420    33.4402     7.4569     7.4565     7.4449     7.4445     2.0818     0.8657     0.0879    98.3876     0.0007     4.5922   47.19612    3.18560    138.646    26.1301    26.1288    1480.56          0      33719          6  0.000e+00
  430249206    125.915    127.025   3.433029   3.432781    33.4424    33.4397     7.4569     7.4569     7.4449     7.4449     2.0818     0.8645     0.0879    98.3876     0.0007     4.5922   47.15458    3.18279    138.524    26.1304    26.1283    1480.56          0      33720          6  0.000e+00
  430249206    125.915    127.025   3.433029   3.432787    33.4423    33.4392     7.4570     7.4576     7.4450     7.4456     2.0818     0.8645     0.0879    98.3876     0.0007     4.5922   47.15553    3.18284    138.526    26.1303    26.1277    1480.56          0      33721          6  0.000e+00
  430249206    125.934    127.044   3.433016   3.432794    33.4423    33.4395     7.4569     7.4573     7.4449     7.4453     2.0818     0.8645     0.0879    98.3876     0.0007     4.5922   47.15517    3.18283    138.525    26.1303    26.1281    1480.56          0      33722          6  0.000e+00
  430249206    125.959    127.070   3.433016   3.432813    33.4419    33.4403     7.4573     7.4566     7.4453     7.4446     2.0818     0.8645     0.0879    98.3876     0.0007     4.5922   47.15336    3.18268    138.519    26.1299    26.1288    1480.56          0      33723          6  0.000e+00
  430249206    125.915    127.025   3.433023   3.432839    33.4421    33.4408     7.4572     7.4564     7.4452     7.4445     2.0806     0.8657     0.0879    98.3876     0.0007     4.5922   47.14974    3.18244    138.509    26.1301    26.1292    1480.56          0      33724          6  0.000e+00
  430249206    125.915    127.025   3.432996   3.432826    33.4422    33.4409     7.4567     7.4562     7.4447     7.4442     2.0806     0.8645     0.0879    98.3876     0.0007     4.5922   47.14499    3.18215    138.496    26.1303    26.1293    1480.56          0      33725          6  0.000e+00
  430249206    125.934    127.044   3.432990   3.432800    33.4425    33.4410     7.4563     7.4558     7.4444     7.4438     2.0806     0.8657     0.0879    98.3876     0.0007     4.5922   47.13889    3.18176    138.479    26.1306    26.1295    1480.55          0      33726          6  0.000e+00
  430249207    125.915    127.025   3.433009   3.432794    33.4431    33.4414     7.4559     7.4553     7.4439     7.4433     2.0806     0.8657     0.0879    98.4399     0.0006     4.5946   47.19802    3.18577    138.653    26.1311    26.1298    1480.55          0      33727          6  0.000e+00
  430249207    125.959    127.070   3.432970   3.432781    33.4435    33.4419     7.4551     7.4547     7.4431     7.4427     2.0806     0.8645     0.0867    98.4922     0.0006     4.5971   47.20029    3.18598    138.662    26.1315    26.1303    1480.55          0      33728          6  0.000e+00
  430249207    125.884    126.994   3.432930   3.432761    33.4434    33.4421     7.4548     7.4542     7.4428     7.4423     2.0806     0.8645     0.0867    98.4922     0.0006     4.5971   47.19986    3.18597    138.662    26.1315    26.1305    1480.55          0      33729          6  0.000e+00
  430249207    125.915    127.025   3.432943   3.432761    33.4429    33.4413     7.4554     7.4550     7.4435     7.4430     2.0806     0.8645     0.0867    98.4922     0.0006     4.5971   47.21008    3.18663    138.691    26.1310    26.1298    1480.55          0      33730          6  0.000e+00
  430249340    102.076    102.970   3.448035   3.447812    33.0029    33.0019     8.0993     8.0979     8.0892     8.0877     2.1306     0.9109     0.1001    97.7597     0.0009     4.5629   43.75626    2.91910    127.101    25.6926    25.6920    1482.07          0      36928          7  0.000e+00
  430249340    102.032    102.926   3.448061   3.447838    33.0009    33.0008     8.1017     8.0993     8.0916     8.0892     2.1306     0.9096     0.1001    97.7597     0.0009     4.5629   43.74386    2.91815    127.060    25.6907    25.6909    1482.07          0      36929          7  0.000e+00
  430249340    102.032    102.926   3.448108   3.447819    32.9998    33.0023     8.1035     8.0976     8.0933     8.0874     2.1306     0.9109     0.1001    97.7336     0.0009     4.5617   43.72019    2.91648    126.988    25.6895    25.6924    1482.08          0      36930          7  0.000e+00
  430249340    101.983    102.876   3.448147   3.447786    32.9998    33.0029     8.1039     8.0966     8.0938     8.0865     2.1306     0.9109     0.1001    97.7597     0.0009     4.5629   43.64120    2.91118    126.757    25.6895    25.6930    1482.08          0      36931          7  0.000e+00
  430249340    102.032    102.926   3.448101   3.447799    32.9988    33.0036     8.1045     8.0959     8.0943     8.0858     2.1319     0.9109     0.1001    97.7597     0.0009     4.5629   43.68456    2.91405    126.882    25.6886    25.6936    1482.08          0      36932          7  0.000e+00
  430249340    101.983    102.876   3.448114   3.447786    32.9988    33.0040     8.1046     8.0954     8.0945     8.0853     2.1306     0.9121     0.1001    97.7597     0.0009     4.5629   43.67226    2.91322    126.846    25.6886    25.6940    1482.08          0      36933          7  0.000e+00
  430249340    101.983    102.876   3.448128   3.447780    32.9989    33.0038     8.1046     8.0955     8.0945     8.0854     2.1306     0.9121     0.1001    97.7597     0.0009     4.5629   43.66025    2.91242    126.811    25.6887    25.6939    1482.08          0      36934          7  0.000e+00
  430249340    102.032    102.926   3.448167   3.447845    32.9995    33.0038     8.1045     8.0962     8.0943     8.0861     2.1306     0.9109     0.1013    97.7597     0.0009     4.5629   43.59387    2.90799    126.618    25.6892    25.6937    1482.08          0      36935          7  0.000e+00
  430249340    101.983    102.876   3.448141   3.447851    32.9999    33.0013     8.1038     8.0990     8.0937     8.0889     2.1306     0.9109     0.1001    97.7597     0.0009     4.5629   43.58300    2.90730    126.588    25.6896    25.6914    1482.08          0      36936          7  0.000e+00
  430249340    101.983    102.876   3.448101   3.447864    33.0003    32.9995     8.1029     8.1011     8.0928     8.0909     2.1306     0.9109     0.1001    97.7597     0.0009     4.5629   43.57335    2.90671    126.562    25.6900    25.6897    1482.07          0      36937          7  0.000e+00
  430249340    101.939    102.832   3.448094   3.447922    33.0004    33.0006     8.1027     8.1006     8.0926     8.0905     2.1306     0.9121     0.1001    97.7597     0.0009     4.5629   43.55279    2.90535    126.503    25.6902    25.6906    1482.07          0      36938          7  0.000e+00
  430249340    101.983    102.876   3.448094   3.447935    33.0002    33.0004     8.1029     8.1009     8.0928     8.0908     2.1306     0.9121     0.1001    97.7597     0.0009     4.5629   43.53316    2.90403    126.446    25.6900    25.6904    1482.07          0      36939          7  0.000e+00
  430249340    101.889    102.781   3.448134   3.447954    33.0009    32.9987     8.1027     8.1030     8.0926     8.0929     2.1306     0.9109     0.1001    97.7859     0.0009     4.5641   43.38082    2.89387    126.003    25.6905    25.6887    1482.07          0      36940          7  0.000e+00
  430249340    101.889    102.781   3.448154   3.447916    33.0007    32.9964     8.1030     8.1049     8.0929     8.0948     2.1294     0.9121     0.1013    97.7859     0.0009     4.5641   43.58235    2.90729    126.588    25.6904    25.6867    1482.07          0      36941          7  0.000e+00
  430249340    101.845    102.737   3.448134   3.447922    32.9996    32.9959     8.1041     8.1056     8.0940     8.0955     2.1306     0.9109     0.1013    97.7859     0.0009     4.5641   43.60793    2.90895    126.660    25.6893    25.6862    1482.08          0      36942          7  0.000e+00
  430249341    101.889    102.781   3.448127   3.447909    32.9981    32.9954     8.1056     8.1059     8.0955     8.0958     2.1294     0.9121     0.1013    97.7859     0.0009     4.5641   43.64597    2.91142    126.768    25.6879    25.6858    1482.08          0      36943          7  0.000e+00
  430249341    101.845    102.737   3.448127   3.447877    32.9970    32.9940     8.1067     8.1071     8.0966     8.0970     2.1294     0.9121     0.1013    97.7859     0.0009     4.5641   43.67292    2.91316    126.844    25.6869    25.6844    1482.08          0      36944          7  0.000e+00
  430249341    101.802    102.693   3.448101   3.447916    32.9961    32.9939     8.1075     8.1077     8.0974     8.0976     2.1294     0.9121     0.1026    97.7859     0.0009     4.5641   43.70035    2.91496    126.922    25.6860    25.6843    1482.08          0      36945          7  0.000e+00
  430249341    101.845    102.737   3.448094   3.447916    32.9959    32.9934     8.1075     8.1081     8.0974     8.0980     2.1306     0.9109     0.1013    97.7859     0.0009     4.5641   43.72877    2.91686    127.005    25.6859    25.6839    1482.08          0      36946          7  0.000e+00
  430249341    101.752    102.643   3.448114   3.447928    32.9961    32.9926     8.1076     8.1092     8.0975     8.0991     2.1306     0.9121     0.1013    97.7859     0.0009     4.5641   43.75687    2.91872    127.086    25.6860    25.6831    1482.08          0      36947          7  0.000e+00
  430249341    101.802    102.693   3.448101   3.447909    32.9953    32.9916     8.1083     8.1101     8.0982     8.1000     2.1294     0.9109     0.1013    97.7859     0.0009     4.5641   43.78621    2.92065    127.170    25.6853    25.6821    1482.09          0      36948          7  0.000e+00
  430249341    101.752    102.643   3.448134   3.447974    32.9950    32.9916     8.1090     8.1108     8.0989     8.1007     2.1294     0.9109     0.1013    97.7859     0.0009     4.5641   43.88165    2.92697    127.445    25.6850    25.6820    1482.09          0      36949          7  0.000e+00
  430249341    101.708    102.599   3.448154   3.447922    32.9939    32.9905     8.1104     8.1114     8.1003     8.1013     2.1306     0.9121     0.1026    97.7859     0.0009     4.5641   43.85575    2.92518    127.367    25.6839    25.6811    1482.09          0      36950          7  0.000e+00
  430249341    101.708    102.599   3.448154   3.447948    32.9926    32.9907     8.1117     8.1115     8.1017     8.1014     2.1306     0.9109     0.1013    97.7859     0.0009     4.5641   43.88568    2.92711    127.451    25.6827    25.6812    1482.09          0      36951          7  0.000e+00
  430249341    101.658    102.548   3.448134   3.447967    32.9914    32.9904     8.1129     8.1121     8.1028     8.1020     2.1294     0.9133     0.1013    97.7859     0.0009     4.5641   43.91580    2.92906    127.537    25.6815    25.6809    1482.10          0      36952          7  0.000e+00
  430249341    101.664    102.555   3.448141   3.447941    32.9911    32.9900     8.1132     8.1121     8.1031     8.1020     2.1306     0.9109     0.1013    97.7859     0.0009     4.5641   43.94675    2.93111    127.626    25.6813    25.6806    1482.10          0      36953          7  0.000e+00
  430249341    101.614    102.504   3.448147   3.447935    32.9914    32.9900     8.1130     8.1121     8.1029     8.1020     2.1306     0.9109     0.1013    97.7859     0.0009     4.5641   43.96633    2.93243    127.683    25.6816    25.6806    1482.10          0      36954          7  0.000e+00
  430249341    101.571    102.460   3.448154   3.447999    32.9916    32.9910     8.1129     8.1118     8.1028     8.1018     2.1306     0.9121     0.1026    97.7859     0.0009     4.5641   43.98595    2.93374    127.740    25.6817    25.6814    1482.09          0      36955          7  0.000e+00
