ROS/FK009A_CTD036_20130827.ros
* Sea-Bird SBE 9 Data File:
* FileName = C:\Falkor-Data-2013\FK009A\CTD\FK009A_CTD036_20130827.hex
* Software Version Seasave V 7.21f
* Temperature SN = 5483
* Conductivity SN = 3916
* Number of Bytes Per Scan = 41
* Number of Voltage Words = 4
* Number of Scans Averaged by the Deck Unit = 1
* NMEA Latitude = 48 20.23 N
* NMEA Longitude = 125 32.20 W
* NMEA UTC (Time) = Aug 27 2013 17:18:49
* NMEA baud rate = 4800
** Ship: RV Falkor
** Station: NN01
** Operator: Nathan Cunningham
# nquan = 27
# nvalues = 441                                   
# units = specified
# name 0 = timeQ: Time, NMEA [seconds]
# name 1 = depSM: Depth [salt water, m]
# name 2 = prDM: Pressure, Digiquartz [db]
# name 3 = c0S/m: Conductivity [S/m]
# name 4 = c1S/m: Conductivity, 2 [S/m]
# name 5 = sal00: Salinity, Practical [PSU]
# name 6 = sal11: Salinity, Practical, 2 [PSU]
# name 7 = t090C: Temperature [ITS-90, deg C]
# name 8 = t190C: Temperature, 2 [ITS-90, deg C]
# name 9 = potemp090C: Potential Temperature [ITS-90, deg C]
# name 10 = potemp190C: Potential Temperature, 2 [ITS-90, deg C]
# name 11 = v2: Voltage 2
# name 12 = v3: Voltage 3
# name 13 = v0: Voltage 0
# name 14 = CStarTr0: Beam Transmission, WET Labs C-Star [%]
# name 15 = CStarAt0: Beam Attenuation, WET Labs C-Star [1/m]
# name 16 = v5: Voltage 5
# name 17 = sbeox0PS: Oxygen, SBE 43 [% saturation]
# name 18 = sbeox0ML/L: Oxygen, SBE 43 [ml/l]
# name 19 = sbeox0Mm/Kg: Oxygen, SBE 43 [umol/Kg]
# name 20 = sigma-é00: Density [sigma-theta, Kg/m^3]
# name 21 = sigma-é11: Density, 2 [sigma-theta, Kg/m^3]
# name 22 = svCM: Sound Velocity [Chen-Millero, m/s]
# name 23 = modError: Modulo Error Count
# name 24 = scan: Scan Count
# name 25 = nbf: Bottles Fired
# name 26 = flag:  0.000e+00
# interval = seconds: 0.0416667
# start_time = Aug 27 2013 17:18:50 [NMEA time, first data scan]
# bad_flag = -9.990e-29
*END*
[from data line 323]
  430940496     30.333     30.593   3.402365   3.402140    33.1146    33.1150     7.5008     7.4979     7.4980     7.4950     0.0000     0.0000     0.1013    99.6433     0.0001     4.6508   47.78646    3.22913    140.577    25.8652    25.8659    1478.74          0      32796          7  0.000e+00
  430940496     30.289     30.549   3.402398   3.402153    33.1151    33.1152     7.5007     7.4978     7.4979     7.4949     0.0000     0.0000     0.1013    99.6433     0.0001     4.6508   47.82969    3.23205    140.704    25.8656    25.8661    1478.73          0      32797          7  0.000e+00
  430940496     30.289     30.549   3.402385   3.402185    33.1150    33.1157     7.5007     7.4977     7.4979     7.4948     0.0000     0.0000     0.1013    99.6433     0.0001     4.6508   47.81855    3.23130    140.671    25.8655    25.8665    1478.73          0      32798          7  0.000e+00
  430940496     30.289     30.549   3.402398   3.402198    33.1152    33.1157     7.5006     7.4978     7.4977     7.4949     0.0000     0.0000     0.1013    99.6433     0.0001     4.6508   47.80741    3.23056    140.639    25.8657    25.8665    1478.73          0      32799          7  0.000e+00
  430940496     30.289     30.549   3.402385   3.402127    33.1150    33.1143     7.5007     7.4985     7.4978     7.4957     0.0000     0.0000     0.1013    99.6433     0.0001     4.6508   47.73047    3.22536    140.413    25.8655    25.8653    1478.73          0      32800          7  0.000e+00
  430940496     30.333     30.593   3.402379   3.402146    33.1150    33.1148     7.5006     7.4982     7.4977     7.4953     0.0000     0.0000     0.1013    99.6171     0.0002     4.6496   47.70892    3.22391    140.349    25.8656    25.8657    1478.73          0      32801          7  0.000e+00
  430940496     30.289     30.549   3.402352   3.402140    33.1147    33.1147     7.5006     7.4982     7.4977     7.4954     0.0000     0.0000     0.1013    99.5909     0.0002     4.6484   47.69890    3.22323    140.320    25.8653    25.8656    1478.73          0      32802          7  0.000e+00
  430940496     30.289     30.549   3.402365   3.402133    33.1156    33.1147     7.4999     7.4982     7.4970     7.4953     0.0000     0.0000     0.1013    99.5909     0.0002     4.6484   47.69013    3.22268    140.296    25.8661    25.8656    1478.73          0      32803          7  0.000e+00
  430940496     30.333     30.593   3.402385   3.402159    33.1169    33.1146     7.4986     7.4985     7.4958     7.4957     0.0000     0.0000     0.1013    99.5909     0.0002     4.6484   47.74838    3.22667    140.470    25.8673    25.8655    1478.73          0      32804          7  0.000e+00
  430940496     30.289     30.549   3.402379   3.402166    33.1170    33.1148     7.4985     7.4984     7.4956     7.4955     0.0000     0.0000     0.1013    99.5909     0.0002     4.6484   47.67444    3.22169    140.253    25.8674    25.8657    1478.73          0      32805          7  0.000e+00
  430940496     30.289     30.549   3.402418   3.402121    33.1182    33.1140     7.4977     7.4988     7.4948     7.4959     0.0000     0.0000     0.1013    99.5909     0.0002     4.6484   47.72171    3.22491    140.393    25.8685    25.8650    1478.73          0      32806          7  0.000e+00
  430940496     30.333     30.593   3.402412   3.402146    33.1183    33.1142     7.4975     7.4988     7.4946     7.4960     0.0000     0.0000     0.1013    99.5909     0.0002     4.6484   47.64877    3.22000    140.179    25.8686    25.8651    1478.73          0      32807          7  0.000e+00
  430940497     30.246     30.505   3.402405   3.402166    33.1192    33.1143     7.4966     7.4989     7.4937     7.4961     0.0000     0.0000     0.1013    99.5909     0.0002     4.6484   47.63018    3.21879    140.126    25.8694    25.8652    1478.72          0      32808          7  0.000e+00
  430940497     30.333     30.593   3.402451   3.402140    33.1199    33.1136     7.4962     7.4993     7.4934     7.4965     0.0000     0.0000     0.1013    99.5909     0.0002     4.6484   47.62470    3.21843    140.110    25.8700    25.8646    1478.72          0      32809          7  0.000e+00
  430940497     30.289     30.549   3.402445   3.402133    33.1205    33.1138     7.4956     7.4991     7.4928     7.4962     0.0000     0.0000     0.1013    99.5909     0.0002     4.6484   47.61937    3.21810    140.096    25.8705    25.8648    1478.72          0      32810          7  0.000e+00
  430940497     30.333     30.593   3.402438   3.402133    33.1211    33.1134     7.4949     7.4995     7.4920     7.4966     0.0000     0.0000     0.1013    99.5909     0.0002     4.6484   47.61551    3.21788    140.086    25.8711    25.8644    1478.72          0      32811          7  0.000e+00
  430940497     30.289     30.549   3.402438   3.402153    33.1213    33.1139     7.4946     7.4992     7.4918     7.4964     0.0000     0.0000     0.1013    99.5909     0.0002     4.6484   47.60039    3.21687    140.042    25.8713    25.8648    1478.72          0      32812          7  0.000e+00
  430940497     30.289     30.549   3.402458   3.402166    33.1220    33.1147     7.4942     7.4985     7.4913     7.4957     0.0000     0.0000     0.1013    99.5909     0.0002     4.6484   47.59764    3.21671    140.035    25.8719    25.8656    1478.72          0      32813          7  0.000e+00
  430940497     30.333     30.593   3.402471   3.402185    33.1224    33.1152     7.4939     7.4982     7.4910     7.4953     0.0000     0.0000     0.1026    99.5909     0.0002     4.6484   47.65024    3.22027    140.190    25.8723    25.8660    1478.72          0      32814          7  0.000e+00
  430940497     30.333     30.593   3.402445   3.402198    33.1226    33.1161     7.4934     7.4974     7.4905     7.4945     0.0000     0.0000     0.1013    99.5909     0.0002     4.6484   47.63634    3.21937    140.151    25.8725    25.8668    1478.72          0      32815          7  0.000e+00
  430940594     21.250     21.431   3.426969   3.426254    32.8678    32.8698     8.0449     8.0346     8.0428     8.0325     0.0000     0.0000     0.1392    98.1521     0.0007     4.5812   47.43867    3.17144    138.102    25.5933    25.5965    1480.35          0      35152          8  0.000e+00
  430940594     21.200     21.381   3.426962   3.426261    32.8678    32.8708     8.0448     8.0337     8.0427     8.0316     0.0000     0.0000     0.1392    98.1521     0.0007     4.5812   47.44333    3.17176    138.116    25.5934    25.5973    1480.35          0      35153          8  0.000e+00
  430940595     21.200     21.381   3.426988   3.426267    32.8682    32.8706     8.0447     8.0340     8.0426     8.0319     0.0000     0.0000     0.1404    98.1521     0.0007     4.5812   47.44785    3.17206    138.129    25.5937    25.5971    1480.35          0      35154          8  0.000e+00
  430940595     21.250     21.431   3.426995   3.426306    32.8684    32.8710     8.0446     8.0340     8.0425     8.0319     0.0000     0.0000     0.1392    98.1521     0.0007     4.5812   47.45223    3.17236    138.142    25.5938    25.5974    1480.35          0      35155          8  0.000e+00
  430940595     21.250     21.431   3.426995   3.426325    32.8684    32.8703     8.0445     8.0350     8.0424     8.0329     0.0000     0.0000     0.1392    98.1521     0.0007     4.5812   47.45584    3.17260    138.153    25.5939    25.5967    1480.35          0      35156          8  0.000e+00
  430940595     21.250     21.431   3.426995   3.426319    32.8684    32.8701     8.0446     8.0351     8.0425     8.0330     0.0000     0.0000     0.1392    98.1521     0.0007     4.5812   47.44772    3.17206    138.129    25.5938    25.5965    1480.35          0      35157          8  0.000e+00
  430940595     21.250     21.431   3.426975   3.426300    32.8685    32.8700     8.0442     8.0350     8.0421     8.0329     0.0000     0.0000     0.1392    98.1521     0.0007     4.5812   47.43872    3.17148    138.104    25.5940    25.5965    1480.35          0      35158          8  0.000e+00
  430940595     21.250     21.431   3.426962   3.426313    32.8682    32.8700     8.0444     8.0351     8.0423     8.0330     0.0000     0.0000     0.1392    98.1521     0.0007     4.5812   47.42878    3.17081    138.074    25.5937    25.5965    1480.35          0      35159          8  0.000e+00
  430940595     21.293     21.475   3.426962   3.426280    32.8680    32.8699     8.0446     8.0348     8.0425     8.0327     0.0000     0.0000     0.1404    98.1521     0.0007     4.5812   47.41821    3.17009    138.043    25.5936    25.5965    1480.35          0      35160          8  0.000e+00
  430940595     21.250     21.431   3.426962   3.426267    32.8681    32.8699     8.0445     8.0346     8.0424     8.0326     0.0000     0.0000     0.1392    98.1521     0.0007     4.5812   47.40622    3.16929    138.008    25.5936    25.5965    1480.35          0      35161          8  0.000e+00
  430940595     21.237     21.419   3.426942   3.426325    32.8677    32.8703     8.0447     8.0350     8.0426     8.0329     0.0000     0.0000     0.1392    98.1521     0.0007     4.5812   47.47013    3.17356    138.194    25.5933    25.5967    1480.35          0      35162          8  0.000e+00
  430940595     21.337     21.519   3.426955   3.426267    32.8677    32.8696     8.0448     8.0350     8.0427     8.0329     0.0000     0.0000     0.1392    98.1521     0.0007     4.5812   47.41395    3.16979    138.030    25.5932    25.5962    1480.36          0      35163          8  0.000e+00
  430940595     21.293     21.475   3.426962   3.426274    32.8677    32.8697     8.0449     8.0350     8.0428     8.0329     0.0000     0.0000     0.1404    98.1521     0.0007     4.5812   47.41097    3.16959    138.021    25.5933    25.5963    1480.35          0      35164          8  0.000e+00
  430940595     21.293     21.475   3.426988   3.426319    32.8683    32.8699     8.0446     8.0352     8.0425     8.0331     0.0000     0.0000     0.1392    98.1260     0.0008     4.5800   47.40784    3.16939    138.013    25.5938    25.5964    1480.35          0      35165          8  0.000e+00
  430940595     21.293     21.475   3.426995   3.426293    32.8681    32.8690     8.0448     8.0359     8.0427     8.0338     0.0000     0.0000     0.1404    98.1521     0.0007     4.5812   47.46956    3.17350    138.192    25.5936    25.5956    1480.35          0      35166          8  0.000e+00
  430940595     21.293     21.475   3.426969   3.426345    32.8678    32.8686     8.0449     8.0369     8.0428     8.0348     0.0000     0.0000     0.1392    98.1521     0.0007     4.5812   47.42180    3.17031    138.053    25.5933    25.5952    1480.35          0      35167          8  0.000e+00
  430940595     21.293     21.475   3.427008   3.426403    32.8681    32.8685     8.0450     8.0377     8.0429     8.0356     0.0000     0.0000     0.1392    98.1521     0.0007     4.5812   47.42856    3.17075    138.072    25.5936    25.5949    1480.36          0      35168          8  0.000e+00
  430940595     21.293     21.475   3.427002   3.426364    32.8683    32.8679     8.0447     8.0378     8.0426     8.0358     0.0000     0.0000     0.1392    98.1521     0.0007     4.5812   47.43534    3.17122    138.092    25.5937    25.5945    1480.35          0      35169          8  0.000e+00
  430940595     21.293     21.475   3.426922   3.426403    32.8676    32.8688     8.0446     8.0373     8.0425     8.0352     0.0000     0.0000     0.1404    98.1260     0.0008     4.5800   47.43084    3.17094    138.080    25.5932    25.5953    1480.35          0      35170          8  0.000e+00
  430940595     21.250     21.431   3.426902   3.426383    32.8682    32.8691     8.0437     8.0368     8.0416     8.0347     0.0000     0.0000     0.1416    98.1521     0.0007     4.5812   47.42568    3.17065    138.067    25.5938    25.5956    1480.35          0      35171          8  0.000e+00
  430940595     21.337     21.519   3.426922   3.426364    32.8690    32.8693     8.0430     8.0364     8.0409     8.0343     0.0000     0.0000     0.1429    98.1521     0.0007     4.5812   47.49749    3.17548    138.278    25.5946    25.5958    1480.35          0      35172          8  0.000e+00
  430940595     21.250     21.431   3.426889   3.426383    32.8690    32.8697     8.0427     8.0362     8.0406     8.0341     0.0000     0.0000     0.1429    98.1521     0.0007     4.5812   47.50193    3.17580    138.292    25.5946    25.5961    1480.35          0      35173          8  0.000e+00
  430940595     21.293     21.475   3.426869   3.426377    32.8689    32.8699     8.0425     8.0359     8.0404     8.0338     0.0000     0.0000     0.1429    98.1521     0.0007     4.5812   47.50628    3.17611    138.305    25.5946    25.5963    1480.35          0      35174          8  0.000e+00
  430940595     21.293     21.475   3.426849   3.426319    32.8689    32.8694     8.0423     8.0358     8.0403     8.0337     0.0000     0.0000     0.1441    98.1521     0.0007     4.5812   47.50945    3.17633    138.315    25.5946    25.5959    1480.35          0      35175          8  0.000e+00
  430940595     21.293     21.475   3.426882   3.426358    32.8696    32.8702     8.0419     8.0354     8.0398     8.0333     0.0000     0.0000     0.1441    98.1521     0.0007     4.5812   47.44639    3.17213    138.132    25.5952    25.5966    1480.35          0      35176          8  0.000e+00
  430940595     21.250     21.431   3.426856   3.426383    32.8691    32.8705     8.0422     8.0354     8.0401     8.0333     0.0000     0.0000     0.1429    98.1521     0.0007     4.5812   47.50243    3.17587    138.295    25.5948    25.5968    1480.35          0      35177          8  0.000e+00
  430940596     21.293     21.475   3.426790   3.426377    32.8695    32.8697     8.0410     8.0361     8.0389     8.0340     0.0000     0.0000     0.1429    98.1521     0.0007     4.5812   47.50369    3.17603    138.302    25.5953    25.5962    1480.34          0      35178          8  0.000e+00
  430940596     21.293     21.475   3.426730   3.426480    32.8693    32.8706     8.0405     8.0364     8.0385     8.0343     0.0000     0.0000     0.1429    98.1521     0.0007     4.5812   47.50373    3.17607    138.303    25.5952    25.5968    1480.34          0      35179          8  0.000e+00
  430940596     21.293     21.475   3.426717   3.426467    32.8695    32.8695     8.0402     8.0373     8.0381     8.0352     0.0000     0.0000     0.1429    98.1521     0.0007     4.5812   47.43749    3.17166    138.111    25.5953    25.5958    1480.34          0      35180          8  0.000e+00
  430940596     21.250     21.431   3.426737   3.426493    32.8700    32.8697     8.0399     8.0375     8.0378     8.0354     0.0000     0.0000     0.1441    98.1521     0.0007     4.5812   47.49042    3.17521    138.266    25.5958    25.5959    1480.34          0      35181          8  0.000e+00
  430940596     21.250     21.431   3.426750   3.426487    32.8700    32.8689     8.0401     8.0382     8.0380     8.0362     0.0000     0.0000     0.1441    98.1521     0.0007     4.5812   47.43408    3.17143    138.101    25.5958    25.5952    1480.34          0      35182          8  0.000e+00
  430940596     21.293     21.475   3.426770   3.426448    32.8693    32.8695     8.0410     8.0372     8.0389     8.0351     0.0000     0.0000     0.1429    98.1521     0.0007     4.5812   47.48654    3.17489    138.252    25.5951    25.5958    1480.34          0      35183          8  0.000e+00
