ROS/FK009A_CTD002_20130819.ros
* Sea-Bird SBE 9 Data File:
* FileName = C:\Falkor-Data-2013\FK009A\CTD\FK009A_CTD002_20130819.hex
* Software Version Seasave V 7.21f
* Temperature SN = 5483
* Conductivity SN = 3916
* Number of Bytes Per Scan = 41
* Number of Voltage Words = 4
* Number of Scans Averaged by the Deck Unit = 1
* NMEA Latitude = 48 29.18 N
* NMEA Longitude = 124 41.11 W
* NMEA UTC (Time) = Aug 19 2013 17:16:41
* NMEA baud rate = 4800
** Ship:
** Station: JFG4a
** Operator:
# nquan = 27
# nvalues = 637                                   
# units = specified
# name 0 = timeQ: Time, NMEA [seconds]
# name 1 = depSM: Depth [salt water, m]
# name 2 = prDM: Pressure, Digiquartz [db]
# name 3 = c0S/m: Conductivity [S/m]
# name 4 = c1S/m: Conductivity, 2 [S/m]
# name 5 = sal00: Salinity, Practical [PSU]
# name 6 = sal11: Salinity, Practical, 2 [PSU]
# name 7 = t090C: Temperature [ITS-90, deg C]
# name 8 = t190C: Temperature, 2 [ITS-90, deg C]
# name 9 = potemp090C: Potential Temperature [ITS-90, deg C]
# name 10 = potemp190C: Potential Temperature, 2 [ITS-90, deg C]
# name 11 = v2: Voltage 2
# name 12 = v3: Voltage 3
# name 13 = v0: Voltage 0
# name 14 = CStarTr0: Beam Transmission, WET Labs C-Star [%]
# name 15 = CStarAt0: Beam Attenuation, WET Labs C-Star [1/m]
# name 16 = v5: Voltage 5
# name 17 = sbeox0PS: Oxygen, SBE 43 [% saturation]
# name 18 = sbeox0ML/L: Oxygen, SBE 43 [ml/l]
# name 19 = sbeox0Mm/Kg: Oxygen, SBE 43 [umol/Kg]
# name 20 = sigma-é00: Density [sigma-theta, Kg/m^3]
# name 21 = sigma-é11: Density, 2 [sigma-theta, Kg/m^3]
# name 22 = svCM: Sound Velocity [Chen-Millero, m/s]
# name 23 = modError: Modulo Error Count
# name 24 = scan: Scan Count
# name 25 = nbf: Bottles Fired
# name 26 = flag:  0.000e+00
# interval = seconds: 0.0416667
# start_time = Aug 19 2013 17:16:42 [NMEA time, first data scan]
# bad_flag = -9.990e-29
*END*
  430248515    249.203    251.476   3.397625   3.397438    33.8948    33.8943     6.5353     6.5338     6.5130     6.5114     2.8632     0.7998     0.0818    91.6645     0.0035     4.2784   17.81520    1.22453     53.270    26.6134    26.6132    1479.59          0      17132          1  0.000e+00
  430248515    249.297    251.571   3.397638   3.397412    33.8949    33.8940     6.5353     6.5337     6.5130     6.5114     2.8632     0.7998     0.0818    91.6645     0.0035     4.2784   17.88699    1.22947     53.485    26.6135    26.6130    1479.59          0      17133          1  0.000e+00
  430248515    249.297    251.571   3.397638   3.397399    33.8950    33.8936     6.5352     6.5339     6.5129     6.5116     2.8632     0.8010     0.0806    91.6645     0.0035     4.2784   17.83322    1.22578     53.324    26.6136    26.6127    1479.59          0      17134          1  0.000e+00
  430248515    249.297    251.571   3.397618   3.397406    33.8950    33.8936     6.5350     6.5340     6.5127     6.5117     2.8632     0.8010     0.0806    91.6645     0.0035     4.2784   17.83636    1.22600     53.334    26.6136    26.6127    1479.59          0      17135          1  0.000e+00
  430248515    249.247    251.520   3.397618   3.397399    33.8947    33.8935     6.5353     6.5340     6.5130     6.5117     2.8632     0.7998     0.0806    91.6645     0.0035     4.2784   17.83990    1.22623     53.344    26.6133    26.6126    1479.59          0      17136          1  0.000e+00
  430248515    249.341    251.615   3.397638   3.397399    33.8948    33.8938     6.5353     6.5338     6.5130     6.5114     2.8632     0.7998     0.0818    91.6645     0.0035     4.2784   17.83122    1.22563     53.318    26.6135    26.6128    1479.59          0      17137          1  0.000e+00
  430248515    249.297    251.571   3.397625   3.397438    33.8949    33.8941     6.5352     6.5339     6.5129     6.5115     2.8632     0.8010     0.0818    91.6645     0.0035     4.2784   17.82224    1.22502     53.291    26.6135    26.6131    1479.59          0      17138          1  0.000e+00
  430248515    249.297    251.571   3.397631   3.397412    33.8948    33.8939     6.5353     6.5338     6.5130     6.5114     2.8632     0.7998     0.0806    91.6121     0.0035     4.2759   17.88229    1.22915     53.471    26.6134    26.6130    1479.59          0      17139          1  0.000e+00
  430248515    249.247    251.520   3.397618   3.397399    33.8950    33.8939     6.5350     6.5337     6.5127     6.5114     2.8632     0.8010     0.0806    91.6121     0.0035     4.2759   17.88533    1.22936     53.480    26.6136    26.6129    1479.59          0      17140          1  0.000e+00
  430248515    249.266    251.539   3.397638   3.397380    33.8949    33.8936     6.5353     6.5337     6.5130     6.5114     2.8632     0.7998     0.0818    91.6121     0.0035     4.2759   17.81902    1.22480     53.281    26.6135    26.6127    1479.59          0      17141          1  0.000e+00
  430248516    249.297    251.571   3.397598   3.397412    33.8947    33.8939     6.5351     6.5338     6.5127     6.5114     2.8632     0.8010     0.0830    91.6121     0.0035     4.2759   17.80917    1.22413     53.252    26.6134    26.6130    1479.59          0      17142          1  0.000e+00
  430248516    249.247    251.520   3.397605   3.397425    33.8950    33.8938     6.5349     6.5340     6.5125     6.5117     2.8632     0.7998     0.0830    91.6121     0.0035     4.2759   17.79912    1.22344     53.222    26.6137    26.6128    1479.59          0      17143          1  0.000e+00
  430248516    249.247    251.520   3.397611   3.397425    33.8949    33.8942     6.5350     6.5336     6.5127     6.5113     2.8632     0.8022     0.0830    91.6121     0.0035     4.2759   17.80225    1.22365     53.232    26.6136    26.6132    1479.59          0      17144          1  0.000e+00
  430248516    249.247    251.520   3.397592   3.397425    33.8947    33.8940     6.5350     6.5339     6.5127     6.5115     2.8632     0.8010     0.0830    91.6121     0.0035     4.2759   17.80592    1.22391     53.243    26.6134    26.6130    1479.59          0      17145          1  0.000e+00
  430248516    249.203    251.476   3.397651   3.397425    33.8952    33.8940     6.5352     6.5339     6.5129     6.5115     2.8632     0.8010     0.0842    91.6121     0.0035     4.2759   17.81000    1.22418     53.254    26.6138    26.6130    1479.59          0      17146          1  0.000e+00
  430248516    249.159    251.432   3.397605   3.397425    33.8950    33.8943     6.5349     6.5336     6.5126     6.5113     2.8632     0.8010     0.0842    91.6121     0.0035     4.2759   17.81462    1.22450     53.269    26.6136    26.6133    1479.58          0      17147          1  0.000e+00
  430248516    249.203    251.476   3.397585   3.397431    33.8945    33.8939     6.5352     6.5340     6.5129     6.5117     2.8645     0.8010     0.0830    91.6121     0.0035     4.2759   17.81994    1.22487     53.284    26.6132    26.6129    1479.59          0      17148          1  0.000e+00
  430248516    249.109    251.381   3.397605   3.397406    33.8947    33.8939     6.5352     6.5338     6.5129     6.5115     2.8645     0.7998     0.0830    91.6121     0.0035     4.2759   17.89443    1.22998     53.507    26.6134    26.6130    1479.58          0      17149          1  0.000e+00
  430248516    249.065    251.337   3.397611   3.397373    33.8948    33.8937     6.5352     6.5337     6.5129     6.5114     2.8632     0.7998     0.0830    91.6121     0.0035     4.2759   17.83061    1.22560     53.316    26.6135    26.6128    1479.58          0      17150          1  0.000e+00
  430248516    249.065    251.337   3.397618   3.397386    33.8949    33.8938     6.5352     6.5337     6.5129     6.5114     2.8632     0.8010     0.0830    91.6121     0.0035     4.2759   17.82329    1.22509     53.294    26.6135    26.6129    1479.58          0      17151          1  0.000e+00
  430248516    249.034    251.306   3.397618   3.397399    33.8950    33.8941     6.5351     6.5336     6.5128     6.5113     2.8632     0.8010     0.0842    91.6121     0.0035     4.2759   17.81590    1.22459     53.272    26.6137    26.6131    1479.58          0      17152          1  0.000e+00
  430248516    248.972    251.242   3.397618   3.397399    33.8951    33.8941     6.5350     6.5336     6.5127     6.5113     2.8632     0.7998     0.0830    91.6121     0.0035     4.2759   17.80843    1.22408     53.250    26.6137    26.6132    1479.58          0      17153          1  0.000e+00
  430248516    249.015    251.287   3.397592   3.397380    33.8950    33.8939     6.5349     6.5336     6.5126     6.5113     2.8632     0.8010     0.0830    91.6121     0.0035     4.2759   17.80122    1.22359     53.229    26.6136    26.6129    1479.58          0      17154          1  0.000e+00
  430248516    248.972    251.242   3.397578   3.397393    33.8947    33.8941     6.5350     6.5336     6.5127     6.5113     2.8632     0.7998     0.0830    91.6121     0.0035     4.2759   17.79379    1.22307     53.206    26.6134    26.6131    1479.58          0      17155          1  0.000e+00
  430248516    248.878    251.148   3.397578   3.397418    33.8950    33.8942     6.5347     6.5337     6.5124     6.5114     2.8632     0.8010     0.0842    91.6121     0.0035     4.2759   17.78626    1.22256     53.184    26.6137    26.6132    1479.58          0      17156          1  0.000e+00
  430248516    248.878    251.148   3.397565   3.397380    33.8947    33.8939     6.5349     6.5336     6.5126     6.5113     2.8632     0.8010     0.0842    91.6121     0.0035     4.2759   17.77893    1.22205     53.162    26.6134    26.6130    1479.58          0      17157          1  0.000e+00
  430248516    248.834    251.103   3.397578   3.397405    33.8949    33.8943     6.5349     6.5336     6.5126     6.5113     2.8632     0.7998     0.0830    91.6383     0.0035     4.2772   17.77151    1.22154     53.140    26.6136    26.6133    1479.58          0      17158          1  0.000e+00
  430248516    248.834    251.103   3.397585   3.397405    33.8950    33.8944     6.5349     6.5334     6.5126     6.5112     2.8632     0.8010     0.0830    91.8999     0.0034     4.2894   17.77727    1.22194     53.157    26.6136    26.6134    1479.58          0      17159          1  0.000e+00
  430248516    248.834    251.103   3.397605   3.397373    33.8954    33.8939     6.5347     6.5336     6.5124     6.5113     2.8632     0.8010     0.0842    92.0307     0.0033     4.2955   17.78355    1.22237     53.176    26.6140    26.6130    1479.58          0      17160          1  0.000e+00
  430248516    248.740    251.009   3.397591   3.397373    33.8951    33.8943     6.5349     6.5332     6.5126     6.5110     2.8632     0.8010     0.0842    92.0307     0.0033     4.2955   17.79013    1.22282     53.195    26.6137    26.6133    1479.58          0      17161          1  0.000e+00
  430248516    248.759    251.028   3.397585   3.397393    33.8948    33.8941     6.5351     6.5336     6.5128     6.5113     2.8632     0.8010     0.0830    92.0307     0.0033     4.2955   17.79749    1.22332     53.217    26.6135    26.6131    1479.58          0      17162          1  0.000e+00
  430248516    248.696    250.964   3.397605   3.397399    33.8951    33.8946     6.5350     6.5332     6.5127     6.5110     2.8632     0.7985     0.0830    92.0045     0.0033     4.2943   17.79212    1.22295     53.201    26.6137    26.6135    1479.58          0      17163          1  0.000e+00
  430248516    248.646    250.914   3.397638   3.397399    33.8952    33.8944     6.5353     6.5334     6.5131     6.5112     2.8632     0.8010     0.0842    92.0045     0.0033     4.2943   17.78676    1.22258     53.185    26.6137    26.6134    1479.58          0      17164          1  0.000e+00
  430248516    248.646    250.914   3.397618   3.397373    33.8950    33.8942     6.5353     6.5334     6.5131     6.5111     2.8632     0.7998     0.0830    92.0045     0.0033     4.2943   17.86356    1.22786     53.415    26.6136    26.6132    1479.58          0      17165          1  0.000e+00
  430248517    248.552    250.819   3.397638   3.397431    33.8951    33.8947     6.5355     6.5336     6.5132     6.5113     2.8632     0.8010     0.0842    92.0045     0.0033     4.2943   17.88373    1.22924     53.475    26.6136    26.6136    1479.58          0      17166          1  0.000e+00
  430248517    248.602    250.870   3.397671   3.397418    33.8954    33.8942     6.5355     6.5339     6.5132     6.5117     2.8632     0.8010     0.0830    92.0045     0.0033     4.2943   17.90425    1.23065     53.536    26.6139    26.6131    1479.58          0      17167          1  0.000e+00
  430248517    248.508    250.775   3.397657   3.397418    33.8950    33.8941     6.5358     6.5340     6.5136     6.5118     2.8632     0.8010     0.0830    92.0045     0.0033     4.2943   17.85548    1.22729     53.390    26.6135    26.6131    1479.58          0      17168          1  0.000e+00
  430248517    248.508    250.775   3.397624   3.397444    33.8948    33.8942     6.5357     6.5342     6.5134     6.5120     2.8632     0.8010     0.0830    92.0045     0.0033     4.2943   17.85078    1.22697     53.376    26.6134    26.6131    1479.58          0      17169          1  0.000e+00
  430248517    248.465    250.731   3.397611   3.397502    33.8945    33.8943     6.5358     6.5348     6.5136     6.5125     2.8632     0.7998     0.0830    92.0045     0.0033     4.2943   17.84596    1.22664     53.361    26.6131    26.6131    1479.58          0      17170          1  0.000e+00
  430248517    248.433    250.699   3.397684   3.397470    33.8953    33.8946     6.5358     6.5342     6.5136     6.5119     2.8632     0.8010     0.0830    92.0045     0.0033     4.2943   17.84118    1.22630     53.347    26.6138    26.6134    1479.58          0      17171          1  0.000e+00
  430248517    248.371    250.636   3.397664   3.397457    33.8954    33.8941     6.5355     6.5345     6.5133     6.5123     2.8632     0.7998     0.0818    92.0045     0.0033     4.2943   17.83635    1.22598     53.333    26.6139    26.6130    1479.57          0      17172          1  0.000e+00
  430248517    248.277    250.541   3.397651   3.397437    33.8950    33.8938     6.5358     6.5346     6.5136     6.5124     2.8632     0.8010     0.0830    92.0045     0.0033     4.2943   17.83141    1.22563     53.318    26.6135    26.6128    1479.57          0      17173          1  0.000e+00
  430248517    248.327    250.592   3.397690   3.397476    33.8956    33.8943     6.5357     6.5345     6.5134     6.5123     2.8632     0.7998     0.0830    92.0045     0.0033     4.2943   17.82683    1.22532     53.304    26.6140    26.6132    1479.57          0      17174          1  0.000e+00
  430248517    248.183    250.446   3.397677   3.397437    33.8952    33.8940     6.5360     6.5345     6.5138     6.5123     2.8632     0.8010     0.0830    92.0045     0.0033     4.2943   17.82178    1.22496     53.289    26.6137    26.6129    1479.57          0      17175          1  0.000e+00
  430248517    248.183    250.446   3.397671   3.397444    33.8950    33.8941     6.5362     6.5345     6.5139     6.5123     2.8632     0.7998     0.0818    92.0045     0.0033     4.2943   17.81707    1.22464     53.274    26.6135    26.6130    1479.57          0      17176          1  0.000e+00
  430248517    248.183    250.446   3.397657   3.397457    33.8950    33.8942     6.5360     6.5345     6.5138     6.5123     2.8632     0.8010     0.0818    92.0045     0.0033     4.2943   17.89438    1.22996     53.506    26.6135    26.6131    1479.57          0      17177          1  0.000e+00
  430248517    248.096    250.358   3.397671   3.397457    33.8950    33.8940     6.5362     6.5348     6.5139     6.5126     2.8632     0.8010     0.0830    92.0045     0.0033     4.2943   17.91509    1.23137     53.568    26.6135    26.6129    1479.57          0      17178          1  0.000e+00
  430248517    248.014    250.276   3.397657   3.397431    33.8949    33.8940     6.5362     6.5345     6.5139     6.5123     2.8632     0.8010     0.0830    91.8737     0.0034     4.2882   17.85381    1.22716     53.384    26.6134    26.6129    1479.57          0      17179          1  0.000e+00
  430248517    248.045    250.307   3.397664   3.397457    33.8951    33.8942     6.5360     6.5346     6.5138     6.5124     2.8632     0.8010     0.0830    91.7429     0.0034     4.2821   17.84918    1.22685     53.371    26.6136    26.6130    1479.57          0      17180          1  0.000e+00
  430248651    228.074    230.142   3.397228   3.397013    33.8928    33.8919     6.5435     6.5420     6.5230     6.5216     2.8571     0.8010     0.0806    92.6847     0.0030     4.3260   18.00967    1.23768     53.842    26.6105    26.6100    1479.27          0      20381          2  0.000e+00
  430248651    228.205    230.275   3.397215   3.396961    33.8924    33.8912     6.5436     6.5420     6.5232     6.5215     2.8571     0.8010     0.0806    92.6847     0.0030     4.3260   17.94076    1.23295     53.636    26.6102    26.6095    1479.27          0      20382          2  0.000e+00
  430248651    228.161    230.231   3.397228   3.396981    33.8924    33.8916     6.5438     6.5418     6.5234     6.5214     2.8559     0.8010     0.0818    92.6847     0.0030     4.3260   17.99688    1.23680     53.804    26.6102    26.6098    1479.27          0      20383          2  0.000e+00
  430248651    228.161    230.231   3.397215   3.396968    33.8924    33.8911     6.5437     6.5422     6.5233     6.5218     2.8559     0.8010     0.0830    92.6847     0.0030     4.3260   17.99689    1.23680     53.804    26.6102    26.6094    1479.27          0      20384          2  0.000e+00
