ROS/FK009A_CTD011_20130820.ros
* Sea-Bird SBE 9 Data File:
* FileName = C:\Falkor-Data-2013\FK009A\CTD\FK009A_CTD011_20130820.hex
* Software Version Seasave V 7.21f
* Temperature SN = 5483
* Conductivity SN = 3916
* Number of Bytes Per Scan = 41
* Number of Voltage Words = 4
* Number of Scans Averaged by the Deck Unit = 1
* NMEA Latitude = 48 13.95 N
* NMEA Longitude = 126 11.50 W
* NMEA UTC (Time) = Aug 20 2013 09:04:09
* NMEA baud rate = 4800
** Ship: RV Falkor
** Station: BCC7
** Operator: CP
# nquan = 27
# nvalues = 1176                                  
# units = specified
# name 0 = timeQ: Time, NMEA [seconds]
# name 1 = depSM: Depth [salt water, m]
# name 2 = prDM: Pressure, Digiquartz [db]
# name 3 = c0S/m: Conductivity [S/m]
# name 4 = c1S/m: Conductivity, 2 [S/m]
# name 5 = sal00: Salinity, Practical [PSU]
# name 6 = sal11: Salinity, Practical, 2 [PSU]
# name 7 = t090C: Temperature [ITS-90, deg C]
# name 8 = t190C: Temperature, 2 [ITS-90, deg C]
# name 9 = potemp090C: Potential Temperature [ITS-90, deg C]
# name 10 = potemp190C: Potential Temperature, 2 [ITS-90, deg C]
# name 11 = v2: Voltage 2
# name 12 = v3: Voltage 3
# name 13 = v0: Voltage 0
# name 14 = CStarTr0: Beam Transmission, WET Labs C-Star [%]
# name 15 = CStarAt0: Beam Attenuation, WET Labs C-Star [1/m]
# name 16 = v5: Voltage 5
# name 17 = sbeox0PS: Oxygen, SBE 43 [% saturation]
# name 18 = sbeox0ML/L: Oxygen, SBE 43 [ml/l]
# name 19 = sbeox0Mm/Kg: Oxygen, SBE 43 [umol/Kg]
# name 20 = sigma-é00: Density [sigma-theta, Kg/m^3]
# name 21 = sigma-é11: Density, 2 [sigma-theta, Kg/m^3]
# name 22 = svCM: Sound Velocity [Chen-Millero, m/s]
# name 23 = modError: Modulo Error Count
# name 24 = scan: Scan Count
# name 25 = nbf: Bottles Fired
# name 26 = flag:  0.000e+00
# interval = seconds: 0.0416667
# start_time = Aug 20 2013 09:04:10 [NMEA time, first data scan]
# bad_flag = -9.990e-29
*END*
[from data line 537]
  430310002    247.764    250.018   3.380173   3.379726    33.9466    33.9452     6.2884     6.2848     6.2667     6.2631     2.5726     0.7814     0.0781   100.5327    -0.0002     4.6923   26.54367    1.83434     79.792    26.6863    26.6857    1478.66          8     128424         11  0.000e+00
  430310002    247.764    250.018   3.380127   3.379732    33.9464    33.9451     6.2881     6.2850     6.2664     6.2632     2.5714     0.7814     0.0781   100.5589    -0.0002     4.6935   26.53204    1.83355     79.758    26.6862    26.6856    1478.65          8     128425         11  0.000e+00
  430310174    203.714    205.544   3.415401   3.415164    33.9352    33.9334     6.7159     6.7150     6.6975     6.6966     2.4799     0.8120     0.0781   100.5065    -0.0002     4.6911   29.59758    2.02539     88.108    26.6208    26.6196    1479.59          8     132543         12  0.000e+00
  430310174    203.745    205.576   3.415361   3.415119    33.9349    33.9332     6.7158     6.7147     6.6973     6.6963     2.4799     0.8120     0.0781   100.5065    -0.0002     4.6911   29.59362    2.02513     88.097    26.6206    26.6195    1479.59          8     132544         12  0.000e+00
  430310174    203.714    205.544   3.415361   3.415126    33.9350    33.9332     6.7156     6.7149     6.6971     6.6964     2.4799     0.8132     0.0781   100.5065    -0.0002     4.6911   29.58994    2.02488     88.086    26.6208    26.6194    1479.59          8     132545         12  0.000e+00
  430310174    203.807    205.639   3.415341   3.415158    33.9351    33.9336     6.7153     6.7147     6.6968     6.6963     2.4799     0.8132     0.0794   100.4804    -0.0002     4.6899   29.58725    2.02471     88.079    26.6209    26.6198    1479.59          8     132546         12  0.000e+00
  430310174    203.789    205.620   3.415315   3.415094    33.9351    33.9334     6.7150     6.7143     6.6965     6.6958     2.4799     0.8120     0.0781   100.5065    -0.0002     4.6911   29.58464    2.02455     88.072    26.6209    26.6197    1479.59          8     132547         12  0.000e+00
  430310174    203.851    205.683   3.415295   3.415074    33.9349    33.9331     6.7150     6.7143     6.6965     6.6958     2.4799     0.8132     0.0781   100.5065    -0.0002     4.6911   29.57006    2.02356     88.029    26.6208    26.6195    1479.59          8     132548         12  0.000e+00
  430310174    203.851    205.683   3.415255   3.415055    33.9349    33.9336     6.7145     6.7136     6.6960     6.6951     2.4799     0.8120     0.0781   100.4804    -0.0002     4.6899   29.55527    2.02256     87.985    26.6208    26.6199    1479.59          8     132549         12  0.000e+00
  430310174    203.945    205.778   3.415262   3.415023    33.9349    33.9336     6.7145     6.7131     6.6960     6.6946     2.4799     0.8132     0.0794   100.5065    -0.0002     4.6911   29.60911    2.02625     88.146    26.6208    26.6200    1479.59          8     132550         12  0.000e+00
  430310174    203.933    205.765   3.415248   3.414991    33.9353    33.9334     6.7140     6.7130     6.6955     6.6945     2.4799     0.8120     0.0781   100.4804    -0.0002     4.6899   29.61879    2.02693     88.175    26.6212    26.6199    1479.59          8     132551         12  0.000e+00
  430310174    203.945    205.778   3.415143   3.414958    33.9344    33.9335     6.7137     6.7125     6.6952     6.6940     2.4799     0.8120     0.0781   100.5065    -0.0002     4.6911   29.62856    2.02762     88.206    26.6205    26.6200    1479.59          8     132552         12  0.000e+00
  430310174    203.995    205.828   3.415109   3.414900    33.9346    33.9332     6.7131     6.7122     6.6946     6.6937     2.4799     0.8144     0.0781   100.5065    -0.0002     4.6911   29.57021    2.02366     88.033    26.6208    26.6198    1479.58          8     132553         12  0.000e+00
  430310174    204.020    205.854   3.415116   3.414868    33.9352    33.9333     6.7126     6.7117     6.6941     6.6932     2.4799     0.8120     0.0781   100.5065    -0.0002     4.6911   29.56829    2.02354     88.028    26.6213    26.6199    1479.58          8     132554         12  0.000e+00
  430310174    204.039    205.873   3.415096   3.414881    33.9349    33.9338     6.7126     6.7114     6.6941     6.6929     2.4799     0.8132     0.0794   100.5065    -0.0002     4.6911   29.56683    2.02344     88.024    26.6211    26.6204    1479.58          8     132555         12  0.000e+00
  430310174    204.083    205.917   3.415063   3.414868    33.9349    33.9338     6.7123     6.7112     6.6938     6.6927     2.4799     0.8120     0.0781   100.4804    -0.0002     4.6899   29.63428    2.02808     88.225    26.6211    26.6204    1479.58          8     132556         12  0.000e+00
  430310174    204.083    205.917   3.415070   3.414881    33.9351    33.9341     6.7121     6.7111     6.6936     6.6926     2.4799     0.8132     0.0781   100.5065    -0.0002     4.6911   29.64553    2.02885     88.259    26.6213    26.6206    1479.58          8     132557         12  0.000e+00
  430310174    204.114    205.948   3.415037   3.414817    33.9352    33.9336     6.7116     6.7108     6.6931     6.6922     2.4799     0.8132     0.0781   100.5065    -0.0002     4.6911   29.64415    2.02878     88.256    26.6215    26.6203    1479.58          8     132558         12  0.000e+00
  430310175    204.133    205.967   3.415023   3.414797    33.9352    33.9334     6.7115     6.7108     6.6929     6.6922     2.4799     0.8132     0.0781   100.4804    -0.0002     4.6899   29.64219    2.02865     88.250    26.6215    26.6202    1479.58          8     132559         12  0.000e+00
  430310175    204.176    206.011   3.415024   3.414797    33.9352    33.9335     6.7115     6.7106     6.6929     6.6921     2.4786     0.8120     0.0769   100.5065    -0.0002     4.6911   29.58428    2.02469     88.078    26.6215    26.6203    1479.58          8     132560         12  0.000e+00
  430310175    204.208    206.043   3.414990   3.414797    33.9354    33.9335     6.7109     6.7106     6.6923     6.6921     2.4799     0.8132     0.0781   100.5065    -0.0002     4.6911   29.58290    2.02462     88.075    26.6217    26.6203    1479.58          8     132561         12  0.000e+00
  430310175    204.220    206.056   3.414964   3.414797    33.9351    33.9337     6.7109     6.7104     6.6923     6.6919     2.4786     0.8120     0.0769   100.5065    -0.0002     4.6911   29.56915    2.02368     88.034    26.6215    26.6204    1479.58          8     132562         12  0.000e+00
  430310175    204.270    206.106   3.414964   3.414778    33.9351    33.9337     6.7108     6.7101     6.6923     6.6916     2.4786     0.8120     0.0781   100.5065    -0.0002     4.6911   29.55554    2.02275     87.994    26.6215    26.6205    1479.58          8     132563         12  0.000e+00
  430310175    204.270    206.106   3.414938   3.414765    33.9351    33.9336     6.7105     6.7101     6.6920     6.6916     2.4799     0.8132     0.0781   100.5065    -0.0002     4.6911   29.61006    2.02650     88.156    26.6215    26.6204    1479.58          8     132564         12  0.000e+00
  430310175    204.301    206.138   3.414924   3.414739    33.9351    33.9338     6.7104     6.7097     6.6919     6.6911     2.4799     0.8132     0.0781   100.5065    -0.0002     4.6911   29.53984    2.02170     87.948    26.6215    26.6206    1479.58          8     132565         12  0.000e+00
  430310175    204.314    206.150   3.414924   3.414733    33.9353    33.9336     6.7102     6.7097     6.6917     6.6912     2.4799     0.8132     0.0781   100.5065    -0.0002     4.6911   29.52559    2.02073     87.906    26.6217    26.6205    1479.58          8     132566         12  0.000e+00
  430310175    204.364    206.201   3.414931   3.414714    33.9351    33.9338     6.7104     6.7094     6.6919     6.6908     2.4799     0.8120     0.0781   100.5065    -0.0002     4.6911   29.52424    2.02063     87.901    26.6216    26.6206    1479.58          8     132567         12  0.000e+00
  430310175    204.395    206.232   3.414911   3.414707    33.9352    33.9335     6.7101     6.7095     6.6915     6.6910     2.4799     0.8120     0.0769   100.5065    -0.0002     4.6911   29.59165    2.02526     88.103    26.6217    26.6204    1479.58          8     132568         12  0.000e+00
  430310175    204.452    206.289   3.414904   3.414707    33.9350    33.9338     6.7102     6.7091     6.6917     6.6906     2.4799     0.8120     0.0781   100.5065    -0.0002     4.6911   29.60310    2.02604     88.137    26.6215    26.6207    1479.58          8     132569         12  0.000e+00
  430310175    204.408    206.245   3.414891   3.414707    33.9352    33.9339     6.7099     6.7091     6.6914     6.6906     2.4799     0.8120     0.0781   100.5065    -0.0002     4.6911   29.53312    2.02126     87.929    26.6217    26.6207    1479.58          8     132570         12  0.000e+00
  430310175    204.452    206.289   3.414871   3.414682    33.9351    33.9339     6.7097     6.7088     6.6912     6.6903     2.4786     0.8132     0.0769   100.5065    -0.0002     4.6911   29.51949    2.02034     87.889    26.6216    26.6208    1479.58          8     132571         12  0.000e+00
  430310175    204.483    206.321   3.414871   3.414649    33.9349    33.9333     6.7099     6.7090     6.6914     6.6905     2.4799     0.8120     0.0781   100.5065    -0.0002     4.6911   29.58688    2.02494     88.089    26.6215    26.6204    1479.58          8     132572         12  0.000e+00
  430310175    204.545    206.384   3.414871   3.414662    33.9350    33.9336     6.7097     6.7088     6.6912     6.6903     2.4799     0.8120     0.0781   100.5065    -0.0002     4.6911   29.65390    2.02954     88.289    26.6216    26.6206    1479.58          8     132573         12  0.000e+00
  430310175    204.502    206.340   3.414885   3.414624    33.9354    33.9334     6.7096     6.7087     6.6910     6.6901     2.4799     0.8120     0.0769   100.5065    -0.0002     4.6911   29.60793    2.02639     88.152    26.6219    26.6204    1479.58          8     132574         12  0.000e+00
  430310175    204.620    206.460   3.414898   3.414611    33.9353    33.9333     6.7097     6.7085     6.6912     6.6900     2.4799     0.8120     0.0781   100.5065    -0.0002     4.6911   29.61859    2.02712     88.183    26.6218    26.6204    1479.58          8     132575         12  0.000e+00
  430310175    204.595    206.434   3.414852   3.414630    33.9351    33.9335     6.7094     6.7085     6.6909     6.6900     2.4786     0.8120     0.0781   100.5065    -0.0002     4.6911   29.62874    2.02783     88.214    26.6217    26.6206    1479.58          8     132576         12  0.000e+00
  430310175    204.639    206.479   3.414838   3.414624    33.9349    33.9334     6.7094     6.7085     6.6909     6.6900     2.4799     0.8120     0.0781   100.5065    -0.0002     4.6911   29.63913    2.02854     88.245    26.6216    26.6205    1479.58          8     132577         12  0.000e+00
  430310175    204.683    206.523   3.414878   3.414611    33.9355    33.9334     6.7092     6.7084     6.6907     6.6898     2.4786     0.8132     0.0781   100.5065    -0.0002     4.6911   29.58123    2.02458     88.073    26.6220    26.6205    1479.58          8     132578         12  0.000e+00
  430310175    204.620    206.460   3.414832   3.414566    33.9354    33.9333     6.7089     6.7081     6.6904     6.6895     2.4786     0.8120     0.0781   100.5065    -0.0002     4.6911   29.64777    2.02915     88.272    26.6220    26.6204    1479.58          8     132579         12  0.000e+00
  430310175    204.733    206.573   3.414832   3.414598    33.9351    33.9336     6.7091     6.7081     6.6905     6.6895     2.4786     0.8132     0.0781   100.5065    -0.0002     4.6911   29.57785    2.02436     88.064    26.6218    26.6207    1479.58          8     132580         12  0.000e+00
  430310175    204.733    206.573   3.414838   3.414611    33.9357    33.9339     6.7086     6.7079     6.6900     6.6893     2.4786     0.8132     0.0781   100.5065    -0.0002     4.6911   29.56356    2.02340     88.022    26.6223    26.6209    1479.58          8     132581         12  0.000e+00
  430310175    204.777    206.617   3.414838   3.414566    33.9355    33.9333     6.7088     6.7079     6.6902     6.6893     2.4799     0.8132     0.0781   100.5065    -0.0002     4.6911   29.54941    2.02242     87.979    26.6221    26.6205    1479.58          8     132582         12  0.000e+00
  430310176    204.808    206.649   3.414805   3.414572    33.9355    33.9336     6.7084     6.7078     6.6899     6.6892     2.4799     0.8120     0.0769   100.5065    -0.0002     4.6911   29.61631    2.02702     88.179    26.6221    26.6207    1479.58          8     132583         12  0.000e+00
  430310176    204.827    206.668   3.414779   3.414579    33.9350    33.9341     6.7086     6.7073     6.6900     6.6887     2.4799     0.8120     0.0781   100.5065    -0.0002     4.6911   29.62711    2.02776     88.211    26.6217    26.6212    1479.58          8     132584         12  0.000e+00
  430310176    204.871    206.712   3.414779   3.414534    33.9353    33.9337     6.7083     6.7071     6.6897     6.6886     2.4799     0.8120     0.0769   100.5065    -0.0002     4.6911   29.63803    2.02852     88.244    26.6220    26.6209    1479.58          8     132585         12  0.000e+00
  430310176    204.852    206.693   3.414706   3.414495    33.9350    33.9338     6.7078     6.7066     6.6892     6.6880     2.4799     0.8120     0.0781   100.5065    -0.0002     4.6911   29.64873    2.02927     88.277    26.6218    26.6210    1479.58          8     132586         12  0.000e+00
  430310176    204.964    206.807   3.414700   3.414463    33.9354    33.9339     6.7072     6.7061     6.6886     6.6876     2.4799     0.8120     0.0781   100.5065    -0.0002     4.6911   29.65993    2.03006     88.312    26.6222    26.6211    1479.58          8     132587         12  0.000e+00
  430310176    204.914    206.756   3.414620   3.414437    33.9351    33.9339     6.7067     6.7058     6.6881     6.6873     2.4786     0.8132     0.0781   100.5065    -0.0002     4.6911   29.61498    2.02701     88.179    26.6220    26.6212    1479.57          8     132588         12  0.000e+00
  430310176    204.964    206.807   3.414567   3.414379    33.9351    33.9337     6.7061     6.7054     6.6875     6.6868     2.4786     0.8107     0.0781   100.5065    -0.0002     4.6911   29.61469    2.02702     88.179    26.6221    26.6211    1479.57          8     132589         12  0.000e+00
  430310176    204.996    206.838   3.414561   3.414315    33.9353    33.9336     6.7057     6.7047     6.6872     6.6861     2.4786     0.8120     0.0781   100.5065    -0.0002     4.6911   29.68314    2.03172     88.384    26.6224    26.6212    1479.57          8     132590         12  0.000e+00
  430310176    205.052    206.895   3.414461   3.414282    33.9347    33.9336     6.7053     6.7044     6.6867     6.6858     2.4799     0.8132     0.0781   100.5065    -0.0002     4.6911   29.69566    2.03261     88.422    26.6219    26.6211    1479.57          8     132591         12  0.000e+00
  430310388    176.226    177.797   3.438975   3.438749    33.9068    33.9047     7.0213     7.0209     7.0049     7.0045     2.4066     0.8339     0.0794   100.2449    -0.0001     4.6789   33.18217    2.25522     98.113    26.5570    26.5553    1480.29          8     137666         13  0.000e+00
  430310388    176.276    177.848   3.438895   3.438788    33.9061    33.9043     7.0211     7.0217     7.0047     7.0054     2.4066     0.8327     0.0781   100.2449    -0.0001     4.6789   33.17143    2.25451     98.082    26.5564    26.5549    1480.29          8     137667         13  0.000e+00
