ROS/FK009A_CTD004_20130819.ros
* Sea-Bird SBE 9 Data File:
* FileName = C:\Falkor-Data-2013\FK009A\CTD\FK009A_CTD004_20130819.hex
* Software Version Seasave V 7.21f
* Temperature SN = 5483
* Conductivity SN = 3916
* Number of Bytes Per Scan = 41
* Number of Voltage Words = 4
* Number of Scans Averaged by the Deck Unit = 1
* NMEA Latitude = 48 27.19 N
* NMEA Longitude = 125 47.76 W
* NMEA UTC (Time) = Aug 19 2013 22:58:10
* NMEA baud rate = 4800
** Ship:
** Station: BCC0
** Operator:
# nquan = 27
# nvalues = 343                                   
# units = specified
# name 0 = timeQ: Time, NMEA [seconds]
# name 1 = depSM: Depth [salt water, m]
# name 2 = prDM: Pressure, Digiquartz [db]
# name 3 = c0S/m: Conductivity [S/m]
# name 4 = c1S/m: Conductivity, 2 [S/m]
# name 5 = sal00: Salinity, Practical [PSU]
# name 6 = sal11: Salinity, Practical, 2 [PSU]
# name 7 = t090C: Temperature [ITS-90, deg C]
# name 8 = t190C: Temperature, 2 [ITS-90, deg C]
# name 9 = potemp090C: Potential Temperature [ITS-90, deg C]
# name 10 = potemp190C: Potential Temperature, 2 [ITS-90, deg C]
# name 11 = v2: Voltage 2
# name 12 = v3: Voltage 3
# name 13 = v0: Voltage 0
# name 14 = CStarTr0: Beam Transmission, WET Labs C-Star [%]
# name 15 = CStarAt0: Beam Attenuation, WET Labs C-Star [1/m]
# name 16 = v5: Voltage 5
# name 17 = sbeox0PS: Oxygen, SBE 43 [% saturation]
# name 18 = sbeox0ML/L: Oxygen, SBE 43 [ml/l]
# name 19 = sbeox0Mm/Kg: Oxygen, SBE 43 [umol/Kg]
# name 20 = sigma-é00: Density [sigma-theta, Kg/m^3]
# name 21 = sigma-é11: Density, 2 [sigma-theta, Kg/m^3]
# name 22 = svCM: Sound Velocity [Chen-Millero, m/s]
# name 23 = modError: Modulo Error Count
# name 24 = scan: Scan Count
# name 25 = nbf: Bottles Fired
# name 26 = flag:  0.000e+00
# interval = seconds: 0.0416667
# start_time = Aug 19 2013 22:58:10 [NMEA time, first data scan]
# bad_flag = -9.990e-29
*END*
[from data line 269]
  430269574     21.751     21.937   3.395819   3.395170    32.7591    32.7526     7.8062     7.8057     7.8041     7.8036     1.8926     0.8889     0.1392    98.0213     0.0008     4.5751   58.48963    3.93419    171.325    25.5425    25.5375    1479.32          0      30806          6  0.000e+00
  430269574     21.664     21.849   3.395878   3.395183    32.7592    32.7526     7.8068     7.8059     7.8047     7.8039     1.8913     0.8913     0.1392    98.0475     0.0008     4.5763   58.49074    3.93421    171.326    25.5425    25.5374    1479.32          0      30807          6  0.000e+00
  430269574     21.801     21.988   3.395918   3.395234    32.7593    32.7523     7.8071     7.8067     7.8051     7.8047     1.8913     0.8901     0.1392    98.0213     0.0008     4.5751   58.43994    3.93076    171.176    25.5425    25.5371    1479.32          0      30808          6  0.000e+00
  430269574     21.707     21.893   3.395905   3.395388    32.7589    32.7526     7.8075     7.8083     7.8054     7.8062     1.8926     0.8913     0.1392    97.9690     0.0008     4.5726   58.43190    3.93020    171.151    25.5421    25.5371    1479.32          0      30809          6  0.000e+00
  430269574     21.707     21.893   3.395885   3.395947    32.7588    32.7509     7.8073     7.8164     7.8052     7.8143     1.8926     0.8913     0.1392    97.9690     0.0008     4.5726   58.47962    3.93343    171.292    25.5421    25.5346    1479.32          0      30810          6  0.000e+00
  430269574     21.707     21.893   3.395845   3.396500    32.7587    32.7488     7.8070     7.8250     7.8049     7.8229     1.8926     0.8901     0.1404    97.9429     0.0008     4.5714   58.47280    3.93300    171.273    25.5420    25.5317    1479.32          0      30811          6  0.000e+00
  430269574     21.707     21.893   3.395786   3.396886    32.7590    32.7461     7.8060     7.8323     7.8039     7.8302     1.8926     0.8901     0.1392    97.9429     0.0008     4.5714   58.46604    3.93263    171.257    25.5424    25.5285    1479.32          0      30812          6  0.000e+00
  430269574     21.707     21.893   3.395792   3.396905    32.7603    32.7437     7.8047     7.8351     7.8026     7.8330     1.8926     0.8913     0.1392    97.9429     0.0008     4.5714   58.40521    3.92862    171.082    25.5436    25.5262    1479.31          0      30813          6  0.000e+00
  430269574     21.664     21.849   3.395766   3.396513    32.7602    32.7438     7.8045     7.8305     7.8025     7.8284     1.8913     0.8901     0.1392    97.9429     0.0008     4.5714   58.46492    3.93265    171.258    25.5435    25.5270    1479.31          0      30814          6  0.000e+00
  430269574     21.707     21.893   3.395766   3.396134    32.7600    32.7459     7.8047     7.8239     7.8026     7.8218     1.8913     0.8926     0.1392    97.9429     0.0008     4.5714   58.40567    3.92866    171.084    25.5434    25.5296    1479.31          0      30815          6  0.000e+00
  430269574     21.664     21.849   3.395773   3.395793    32.7604    32.7471     7.8044     7.8188     7.8023     7.8167     1.8913     0.8901     0.1392    97.9429     0.0008     4.5714   58.46676    3.93278    171.263    25.5437    25.5312    1479.31          0      30816          6  0.000e+00
  430269574     21.664     21.849   3.395865   3.395690    32.7603    32.7478     7.8055     7.8169     7.8034     7.8148     1.8913     0.8913     0.1392    97.9429     0.0008     4.5714   58.40847    3.92877    171.088    25.5435    25.5321    1479.32          0      30817          6  0.000e+00
  430269574     21.664     21.849   3.395885   3.396031    32.7590    32.7486     7.8071     7.8199     7.8051     7.8178     1.8913     0.8913     0.1392    97.9429     0.0008     4.5714   58.40559    3.92846    171.075    25.5423    25.5322    1479.32          0      30818          6  0.000e+00
  430269574     21.664     21.849   3.395865   3.397567    32.7586    32.7513     7.8073     7.8346     7.8052     7.8325     1.8913     0.8926     0.1404    97.9429     0.0008     4.5714   58.39234    3.92756    171.036    25.5419    25.5323    1479.32          0      30819          6  0.000e+00
  430269574     21.614     21.799   3.395865   3.398827    32.7591    32.7377     7.8068     7.8634     7.8048     7.8613     1.8913     0.8913     0.1392    97.9429     0.0008     4.5714   58.37923    3.92671    170.999    25.5424    25.5174    1479.32          0      30820          6  0.000e+00
  430269574     21.664     21.849   3.395885   3.399181    32.7588    32.7333     7.8073     7.8721     7.8052     7.8700     1.8913     0.8938     0.1392    97.9429     0.0008     4.5714   58.37865    3.92664    170.996    25.5421    25.5128    1479.32          0      30821          6  0.000e+00
  430269574     21.614     21.799   3.395872   3.399136    32.7583    32.7291     7.8078     7.8760     7.8057     7.8739     1.8913     0.8926     0.1392    97.9429     0.0008     4.5714   58.37824    3.92658    170.994    25.5416    25.5089    1479.32          0      30822          6  0.000e+00
  430269574     21.614     21.799   3.395825   3.398120    32.7585    32.7293     7.8070     7.8642     7.8049     7.8622     1.8913     0.8926     0.1392    97.9429     0.0008     4.5714   58.31372    3.92231    170.807    25.5419    25.5108    1479.32          0      30823          6  0.000e+00
  430269574     21.614     21.799   3.395806   3.396847    32.7594    32.7344     7.8059     7.8443     7.8038     7.8422     1.8913     0.8938     0.1404    97.9429     0.0008     4.5714   58.30514    3.92181    170.786    25.5427    25.5176    1479.32          0      30824          6  0.000e+00
  430269574     21.570     21.755   3.395806   3.396127    32.7593    32.7397     7.8060     7.8305     7.8039     7.8284     1.8913     0.8938     0.1392    97.9429     0.0008     4.5714   58.36300    3.92569    170.955    25.5426    25.5238    1479.32          0      30825          6  0.000e+00
  430269574     21.608     21.793   3.395845   3.395800    32.7584    32.7445     7.8073     7.8216     7.8052     7.8196     1.8913     0.8938     0.1404    97.9429     0.0008     4.5714   58.36774    3.92591    170.965    25.5418    25.5288    1479.32          0      30826          6  0.000e+00
  430269574     21.570     21.755   3.395964   3.395761    32.7582    32.7472     7.8089     7.8183     7.8068     7.8162     1.8913     0.8926     0.1392    97.9429     0.0008     4.5714   58.37280    3.92612    170.974    25.5414    25.5314    1479.33          0      30827          6  0.000e+00
  430269575     21.614     21.799   3.396037   3.396121    32.7578    32.7493     7.8102     7.8202     7.8081     7.8181     1.8913     0.8926     0.1392    97.9429     0.0008     4.5714   58.44491    3.93087    171.180    25.5409    25.5327    1479.33          0      30828          6  0.000e+00
  430269575     21.570     21.755   3.396089   3.396603    32.7569    32.7446     7.8118     7.8307     7.8097     7.8286     1.8901     0.8938     0.1392    97.7597     0.0009     4.5629   58.39674    3.92751    171.034    25.5399    25.5276    1479.34          0      30829          6  0.000e+00
  430269575     21.570     21.755   3.396340   3.396616    32.7587    32.7419     7.8127     7.8337     7.8106     7.8317     1.8901     0.8962     0.1404    97.6028     0.0010     4.5556   58.33892    3.92349    170.859    25.5412    25.5250    1479.34          0      30830          6  0.000e+00
  430269727      6.141      6.194   3.747971   3.749121    32.1358    32.1253    12.4785    12.5036    12.4777    12.5028     1.4335     1.2344     0.5739    77.4335     0.0102     3.6142   96.48958    5.88604    256.640    24.2756    24.2627    1495.14          0      34488          7  0.000e+00
  430269727      6.110      6.162   3.748033   3.749201    32.1361    32.1270    12.4789    12.5026    12.4781    12.5018     1.4322     1.2344     0.5739    77.4335     0.0102     3.6142   96.47936    5.88535    256.611    24.2758    24.2642    1495.14          0      34489          7  0.000e+00
  430269727      6.091      6.143   3.748342   3.749429    32.1370    32.1276    12.4814    12.5045    12.4806    12.5037     1.4322     1.2332     0.5739    77.4335     0.0102     3.6142   96.54123    5.88880    256.761    24.2760    24.2643    1495.15          0      34490          7  0.000e+00
  430269727      6.110      6.162   3.748650   3.749776    32.1387    32.1273    12.4827    12.5086    12.4819    12.5078     1.4322     1.2332     0.5739    77.4335     0.0102     3.6142   96.48649    5.88522    256.605    24.2771    24.2633    1495.16          0      34491          7  0.000e+00
  430269727      6.110      6.162   3.749179   3.749956    32.1388    32.1275    12.4886    12.5104    12.4878    12.5096     1.4335     1.2332     0.5739    77.4335     0.0102     3.6142   96.48589    5.88447    256.572    24.2760    24.2631    1495.18          0      34492          7  0.000e+00
  430269727      6.092      6.143   3.749700   3.750030    32.1387    32.1273    12.4945    12.5114    12.4937    12.5107     1.4335     1.2332     0.5739    77.4335     0.0102     3.6142   96.48543    5.88372    256.539    24.2748    24.2628    1495.20          0      34493          7  0.000e+00
  430269727      6.067      6.118   3.750098   3.750043    32.1384    32.1265    12.4993    12.5125    12.4985    12.5117     1.4322     1.2320     0.5739    77.4335     0.0102     3.6142   96.54821    5.88697    256.681    24.2737    24.2620    1495.21          0      34494          7  0.000e+00
  430269727      6.048      6.099   3.750394   3.750123    32.1379    32.1269    12.5032    12.5130    12.5024    12.5122     1.4335     1.2332     0.5739    77.4335     0.0102     3.6142   96.49400    5.88320    256.517    24.2725    24.2622    1495.23          0      34495          7  0.000e+00
  430269727      6.067      6.118   3.750606   3.750117    32.1368    32.1263    12.5069    12.5137    12.5061    12.5129     1.4335     1.2332     0.5726    77.4335     0.0102     3.6142   96.50389    5.88339    256.526    24.2710    24.2616    1495.24          0      34496          7  0.000e+00
  430269727      6.048      6.099   3.750551   3.750137    32.1346    32.1263    12.5088    12.5139    12.5080    12.5131     1.4335     1.2320     0.5739    77.4335     0.0102     3.6142   96.56795    5.88714    256.690    24.2689    24.2615    1495.24          0      34497          7  0.000e+00
  430269727      6.067      6.118   3.750222   3.750324    32.1328    32.1263    12.5072    12.5160    12.5064    12.5152     1.4335     1.2320     0.5739    77.4335     0.0102     3.6142   96.57841    5.88805    256.730    24.2679    24.2611    1495.23          0      34498          7  0.000e+00
  430269727      6.067      6.118   3.749947   3.750424    32.1331    32.1251    12.5038    12.5184    12.5030    12.5177     1.4335     1.2332     0.5739    77.4335     0.0102     3.6142   96.51673    5.88469    256.583    24.2688    24.2598    1495.22          0      34499          7  0.000e+00
  430269727      6.004      6.055   3.749714   3.750324    32.1337    32.1249    12.5005    12.5176    12.4998    12.5169     1.4335     1.2332     0.5739    77.4335     0.0102     3.6142   96.57138    5.88840    256.745    24.2698    24.2597    1495.21          0      34500          7  0.000e+00
  430269727      6.023      6.074   3.749556   3.750204    32.1342    32.1255    12.4981    12.5155    12.4973    12.5147     1.4335     1.2320     0.5739    77.4073     0.0102     3.6129   96.50952    5.88490    256.592    24.2707    24.2606    1495.20          0      34501          7  0.000e+00
  430269727      6.048      6.099   3.749426   3.750204    32.1348    32.1260    12.4960    12.5150    12.4952    12.5142     1.4335     1.2320     0.5726    77.4335     0.0102     3.6142   96.56483    5.88852    256.750    24.2716    24.2611    1495.20          0      34502          7  0.000e+00
  430269727      6.023      6.074   3.749343   3.750337    32.1352    32.1250    12.4946    12.5176    12.4938    12.5169     1.4335     1.2308     0.5726    77.4335     0.0102     3.6142   96.56494    5.88868    256.756    24.2721    24.2598    1495.19          0      34503          7  0.000e+00
  430269727      6.004      6.055   3.749453   3.750224    32.1358    32.1253    12.4951    12.5160    12.4943    12.5152     1.4335     1.2320     0.5739    77.4073     0.0102     3.6129   96.56469    5.88858    256.752    24.2725    24.2604    1495.20          0      34504          7  0.000e+00
  430269727      6.023      6.074   3.749618   3.749809    32.1360    32.1264    12.4968    12.5101    12.4960    12.5093     1.4335     1.2332     0.5739    77.4335     0.0102     3.6142   96.57358    5.88891    256.766    24.2723    24.2624    1495.20          0      34505          7  0.000e+00
  430269728      5.973      6.024   3.749755   3.749709    32.1359    32.1272    12.4984    12.5081    12.4976    12.5073     1.4335     1.2320     0.5726    77.4335     0.0102     3.6142   96.51871    5.88537    256.612    24.2719    24.2633    1495.21          0      34506          7  0.000e+00
  430269728      6.004      6.055   3.749968   3.749642    32.1365    32.1267    12.5001    12.5079    12.4993    12.5072     1.4335     1.2332     0.5739    77.4073     0.0102     3.6129   96.51939    5.88518    256.604    24.2721    24.2630    1495.21          0      34507          7  0.000e+00
  430269728      6.023      6.074   3.750380   3.749395    32.1371    32.1267    12.5040    12.5051    12.5032    12.5043     1.4335     1.2344     0.5702    77.4073     0.0102     3.6129   96.58309    5.88856    256.751    24.2718    24.2635    1495.23          0      34508          7  0.000e+00
  430269728      5.954      6.005   3.750709   3.749115    32.1354    32.1269    12.5097    12.5018    12.5089    12.5011     1.4335     1.2320     0.5641    77.4073     0.0102     3.6129   96.59146    5.88844    256.747    24.2694    24.2643    1495.24          0      34509          7  0.000e+00
  430269728      5.930      5.980   3.750812   3.748981    32.1342    32.1270    12.5122    12.5002    12.5115    12.4994     1.4335     1.2344     0.5617    77.4335     0.0102     3.6142   96.66339    5.89255    256.926    24.2680    24.2647    1495.25          0      34510          7  0.000e+00
  430269728      5.954      6.005   3.750826   3.748901    32.1335    32.1271    12.5132    12.4992    12.5124    12.4984     1.4335     1.2332     0.5629    77.4073     0.0102     3.6129   96.67237    5.89300    256.946    24.2672    24.2650    1495.25          0      34511          7  0.000e+00
  430269728      5.930      5.980   3.750640   3.748961    32.1330    32.1285    12.5117    12.4982    12.5109    12.4974     1.4335     1.2332     0.5629    77.4073     0.0102     3.6129   96.62630    5.89040    256.833    24.2672    24.2663    1495.25          0      34512          7  0.000e+00
  430269728      5.973      6.024   3.750339   3.749435    32.1325    32.1285    12.5089    12.5035    12.5082    12.5027     1.4335     1.2320     0.5629    77.4335     0.0102     3.6142   96.63531    5.89131    256.872    24.2673    24.2652    1495.24          0      34513          7  0.000e+00
  430269728      5.911      5.961   3.749906   3.750204    32.1324    32.1294    12.5042    12.5111    12.5034    12.5103     1.4335     1.2320     0.5629    77.4073     0.0102     3.6129   96.64310    5.89237    256.918    24.2681    24.2645    1495.22          0      34514          7  0.000e+00
  430269728      5.886      5.936   3.749666   3.750785    32.1342    32.1293    12.4994    12.5176    12.4986    12.5169     1.4335     1.2320     0.5629    77.4073     0.0102     3.6129   96.64228    5.89284    256.938    24.2704    24.2632    1495.21          0      34515          7  0.000e+00
