ROS/FK009A_CTD029_20130824.ros
* Sea-Bird SBE 9 Data File:
* FileName = C:\Falkor-Data-2013\FK009A\CTD\FK009A_CTD029_20130824.hex
* Software Version Seasave V 7.21f
* Temperature SN = 5483
* Conductivity SN = 3916
* Number of Bytes Per Scan = 41
* Number of Voltage Words = 4
* Number of Scans Averaged by the Deck Unit = 1
* NMEA Latitude = 48 06.59 N
* NMEA Longitude = 125 15.03 W
* NMEA UTC (Time) = Aug 24 2013 06:23:34
* NMEA baud rate = 4800
** Ship: RV Falkor
** Station: RD02
** Operator: CPeazy
# nquan = 27
# nvalues = 588                                   
# units = specified
# name 0 = timeQ: Time, NMEA [seconds]
# name 1 = depSM: Depth [salt water, m]
# name 2 = prDM: Pressure, Digiquartz [db]
# name 3 = c0S/m: Conductivity [S/m]
# name 4 = c1S/m: Conductivity, 2 [S/m]
# name 5 = sal00: Salinity, Practical [PSU]
# name 6 = sal11: Salinity, Practical, 2 [PSU]
# name 7 = t090C: Temperature [ITS-90, deg C]
# name 8 = t190C: Temperature, 2 [ITS-90, deg C]
# name 9 = potemp090C: Potential Temperature [ITS-90, deg C]
# name 10 = potemp190C: Potential Temperature, 2 [ITS-90, deg C]
# name 11 = v2: Voltage 2
# name 12 = v3: Voltage 3
# name 13 = v0: Voltage 0
# name 14 = CStarTr0: Beam Transmission, WET Labs C-Star [%]
# name 15 = CStarAt0: Beam Attenuation, WET Labs C-Star [1/m]
# name 16 = v5: Voltage 5
# name 17 = sbeox0PS: Oxygen, SBE 43 [% saturation]
# name 18 = sbeox0ML/L: Oxygen, SBE 43 [ml/l]
# name 19 = sbeox0Mm/Kg: Oxygen, SBE 43 [umol/Kg]
# name 20 = sigma-é00: Density [sigma-theta, Kg/m^3]
# name 21 = sigma-é11: Density, 2 [sigma-theta, Kg/m^3]
# name 22 = svCM: Sound Velocity [Chen-Millero, m/s]
# name 23 = modError: Modulo Error Count
# name 24 = scan: Scan Count
# name 25 = nbf: Bottles Fired
# name 26 = flag:  0.000e+00
# interval = seconds: 0.0416667
# start_time = Aug 24 2013 06:23:34 [NMEA time, first data scan]
# bad_flag = -9.990e-29
*END*
[from data line 376]
  430642400     62.515     63.055   3.412370   3.412155    33.3973    33.3964     7.3031     7.3016     7.2972     7.2958     0.0000     0.0000     0.0794    99.7217     0.0001     4.6545   43.23796    2.92955    127.504    26.1156    26.1151    1478.86          6      42826          8  0.000e+00
  430642400     62.447     62.985   3.412389   3.412155    33.3978    33.3963     7.3029     7.3018     7.2971     7.2959     0.0000     0.0000     0.0806    99.7217     0.0001     4.6545   43.23664    2.92946    127.500    26.1159    26.1149    1478.86          6      42827          8  0.000e+00
  430642400     62.472     63.011   3.412403   3.412116    33.3979    33.3960     7.3029     7.3016     7.2971     7.2958     0.0000     0.0000     0.0806    99.7217     0.0001     4.6545   43.24721    2.93018    127.531    26.1160    26.1147    1478.86          6      42828          8  0.000e+00
  430642400     62.422     62.960   3.412376   3.412142    33.3976    33.3962     7.3029     7.3018     7.2971     7.2959     0.0000     0.0000     0.0794    99.7217     0.0001     4.6545   43.19109    2.92638    127.366    26.1158    26.1148    1478.86          6      42829          8  0.000e+00
  430642400     62.378     62.916   3.412370   3.412129    33.3976    33.3963     7.3029     7.3015     7.2971     7.2956     0.0000     0.0000     0.0794    99.7217     0.0001     4.6545   43.19037    2.92633    127.364    26.1158    26.1150    1478.86          6      42830          8  0.000e+00
  430642400     62.422     62.960   3.412350   3.412161    33.3973    33.3965     7.3029     7.3016     7.2971     7.2958     0.0000     0.0000     0.0794    99.7217     0.0001     4.6545   43.19062    2.92635    127.365    26.1156    26.1152    1478.86          6      42831          8  0.000e+00
  430642400     62.334     62.872   3.412343   3.412161    33.3973    33.3966     7.3029     7.3016     7.2971     7.2958     0.0000     0.0000     0.0794    99.7217     0.0001     4.6545   43.19060    2.92635    127.365    26.1156    26.1152    1478.86          6      42832          8  0.000e+00
  430642400     62.334     62.872   3.412343   3.412116    33.3970    33.3961     7.3032     7.3016     7.2974     7.2958     0.0000     0.0000     0.0794    99.7217     0.0001     4.6545   43.19153    2.92640    127.367    26.1153    26.1148    1478.86          6      42833          8  0.000e+00
  430642400     62.284     62.822   3.412343   3.412161    33.3972    33.3967     7.3031     7.3015     7.2972     7.2956     0.0000     0.0000     0.0794    99.7217     0.0001     4.6545   43.19269    2.92649    127.371    26.1155    26.1153    1478.85          6      42834          8  0.000e+00
  430642400     62.334     62.872   3.412317   3.412135    33.3969    33.3961     7.3031     7.3018     7.2972     7.2960     0.0000     0.0000     0.0806    99.7217     0.0001     4.6545   43.26113    2.93113    127.573    26.1152    26.1148    1478.86          6      42835          8  0.000e+00
  430642400     62.284     62.822   3.412330   3.412123    33.3970    33.3962     7.3031     7.3016     7.2972     7.2958     0.0000     0.0000     0.0794    99.7217     0.0001     4.6545   43.27412    2.93201    127.611    26.1153    26.1149    1478.85          6      42836          8  0.000e+00
  430642400     62.241     62.778   3.412343   3.412142    33.3972    33.3964     7.3031     7.3016     7.2973     7.2958     0.0000     0.0000     0.0806    99.7217     0.0001     4.6545   43.22088    2.92840    127.454    26.1155    26.1151    1478.85          6      42837          8  0.000e+00
  430642400     62.241     62.778   3.412343   3.412116    33.3973    33.3963     7.3029     7.3015     7.2971     7.2957     0.0000     0.0000     0.0794    99.7217     0.0001     4.6545   43.21141    2.92776    127.426    26.1156    26.1150    1478.85          6      42838          8  0.000e+00
  430642400     62.191     62.727   3.412343   3.412116    33.3972    33.3960     7.3031     7.3018     7.2973     7.2960     0.0000     0.0000     0.0806    99.7217     0.0001     4.6545   43.27976    2.93239    127.627    26.1155    26.1147    1478.85          6      42839          8  0.000e+00
  430642400     62.241     62.778   3.412317   3.412142    33.3969    33.3964     7.3031     7.3016     7.2973     7.2958     0.0000     0.0000     0.0781    99.7217     0.0001     4.6545   43.29379    2.93334    127.669    26.1152    26.1151    1478.85          6      42840          8  0.000e+00
  430642401     62.191     62.727   3.412330   3.412155    33.3969    33.3966     7.3032     7.3016     7.2974     7.2958     0.0000     0.0000     0.0769    99.7479     0.0001     4.6557   43.24097    2.92975    127.513    26.1152    26.1152    1478.85          6      42841          8  0.000e+00
  430642509     50.082     50.513   3.401428   3.401209    33.2089    33.2079     7.3818     7.3804     7.3771     7.3757     0.0000     0.0000     0.0855    99.6433     0.0001     4.6508   48.72060    3.29917    143.613    25.9563    25.9556    1478.72          6      45440          9  0.000e+00
  430642509     50.114     50.544   3.401448   3.401170    33.2093    33.2076     7.3816     7.3802     7.3769     7.3755     0.0000     0.0000     0.0855    99.6433     0.0001     4.6508   48.65284    3.29459    143.414    25.9566    25.9554    1478.72          6      45441          9  0.000e+00
  430642509     50.070     50.500   3.401408   3.401202    33.2084    33.2076     7.3821     7.3805     7.3774     7.3758     0.0000     0.0000     0.0842    99.6433     0.0001     4.6508   48.65065    3.29442    143.407    25.9558    25.9554    1478.72          6      45442          9  0.000e+00
  430642509     50.070     50.500   3.401415   3.401221    33.2085    33.2079     7.3821     7.3805     7.3774     7.3758     0.0000     0.0000     0.0842    99.6433     0.0001     4.6508   48.63702    3.29350    143.366    25.9559    25.9556    1478.72          6      45443          9  0.000e+00
  430642509     50.039     50.469   3.401428   3.401221    33.2085    33.2079     7.3822     7.3805     7.3775     7.3758     0.0000     0.0000     0.0842    99.6433     0.0001     4.6508   48.62270    3.29252    143.324    25.9558    25.9556    1478.72          6      45444          9  0.000e+00
  430642509     50.070     50.500   3.401408   3.401221    33.2081    33.2081     7.3824     7.3802     7.3777     7.3755     0.0000     0.0000     0.0842    99.6433     0.0001     4.6508   48.60831    3.29154    143.281    25.9555    25.9559    1478.72          6      45445          9  0.000e+00
  430642509     50.026     50.456   3.401421   3.401221    33.2081    33.2083     7.3826     7.3800     7.3779     7.3754     0.0000     0.0000     0.0842    99.6433     0.0001     4.6508   48.59298    3.29049    143.235    25.9555    25.9560    1478.72          6      45446          9  0.000e+00
  430642509     50.070     50.500   3.401428   3.401221    33.2086    33.2084     7.3821     7.3799     7.3774     7.3752     0.0000     0.0000     0.0842    99.6433     0.0001     4.6508   48.58954    3.29028    143.226    25.9560    25.9562    1478.72          6      45447          9  0.000e+00
  430642509     49.989     50.419   3.401402   3.401221    33.2080    33.2085     7.3824     7.3799     7.3777     7.3752     0.0000     0.0000     0.0855    99.6433     0.0001     4.6508   48.58524    3.28998    143.213    25.9555    25.9562    1478.72          6      45448          9  0.000e+00
  430642509     50.070     50.500   3.401395   3.401196    33.2081    33.2080     7.3822     7.3800     7.3775     7.3754     0.0000     0.0000     0.0842    99.6433     0.0001     4.6508   48.59376    3.29056    143.239    25.9555    25.9558    1478.72          6      45449          9  0.000e+00
  430642509     49.976     50.406   3.401415   3.401209    33.2085    33.2081     7.3821     7.3802     7.3774     7.3755     0.0000     0.0000     0.0855    99.6433     0.0001     4.6508   48.60165    3.29110    143.262    25.9559    25.9558    1478.72          6      45450          9  0.000e+00
  430642509     50.039     50.469   3.401402   3.401196    33.2080    33.2079     7.3824     7.3802     7.3777     7.3755     0.0000     0.0000     0.0855    99.6433     0.0001     4.6508   48.59919    3.29092    143.254    25.9555    25.9557    1478.72          6      45451          9  0.000e+00
  430642509     49.976     50.406   3.401415   3.401164    33.2085    33.2076     7.3821     7.3802     7.3774     7.3755     0.0000     0.0000     0.0855    99.6433     0.0001     4.6508   48.59601    3.29072    143.245    25.9559    25.9554    1478.72          6      45452          9  0.000e+00
  430642509     50.026     50.456   3.401428   3.401176    33.2086    33.2070     7.3821     7.3809     7.3774     7.3762     0.0000     0.0000     0.0842    99.6433     0.0001     4.6508   48.59350    3.29055    143.238    25.9560    25.9549    1478.72          6      45453          9  0.000e+00
  430642509     49.976     50.406   3.401402   3.401189    33.2082    33.2068     7.3822     7.3813     7.3776     7.3767     0.0000     0.0000     0.0842    99.6433     0.0001     4.6508   48.64468    3.29401    143.389    25.9556    25.9546    1478.72          6      45454          9  0.000e+00
  430642509     49.945     50.375   3.401402   3.401189    33.2082    33.2065     7.3822     7.3816     7.3776     7.3770     0.0000     0.0000     0.0855    99.6433     0.0001     4.6508   48.65201    3.29451    143.410    25.9556    25.9544    1478.72          6      45455          9  0.000e+00
  430642509     49.976     50.406   3.401421   3.401189    33.2083    33.2066     7.3824     7.3815     7.3777     7.3768     0.0000     0.0000     0.0855    99.6433     0.0001     4.6508   48.65924    3.29498    143.431    25.9557    25.9545    1478.72          6      45456          9  0.000e+00
  430642510     49.933     50.362   3.401428   3.401189    33.2084    33.2056     7.3824     7.3826     7.3777     7.3779     0.0000     0.0000     0.0842    99.6433     0.0001     4.6508   48.73163    3.29988    143.644    25.9557    25.9535    1478.72          6      45457          9  0.000e+00
  430642510     49.989     50.419   3.401402   3.401189    33.2080    33.2048     7.3824     7.3834     7.3777     7.3787     0.0000     0.0000     0.0842    99.6433     0.0001     4.6508   48.68283    3.29658    143.501    25.9555    25.9528    1478.72          6      45458          9  0.000e+00
  430642510     49.976     50.406   3.401435   3.401189    33.2082    33.2039     7.3827     7.3844     7.3780     7.3797     0.0000     0.0000     0.0842    99.6433     0.0001     4.6508   48.68790    3.29691    143.515    25.9555    25.9519    1478.72          6      45459          9  0.000e+00
  430642510     49.839     50.268   3.401435   3.401189    33.2085    33.2036     7.3824     7.3847     7.3777     7.3800     0.0000     0.0000     0.0842    99.6433     0.0001     4.6508   48.69176    3.29718    143.527    25.9558    25.9517    1478.72          6      45460          9  0.000e+00
  430642510     50.026     50.456   3.401402   3.401189    33.2077    33.2032     7.3827     7.3850     7.3780     7.3803     0.0000     0.0000     0.0842    99.6433     0.0001     4.6508   48.63107    3.29306    143.348    25.9552    25.9513    1478.72          6      45461          9  0.000e+00
  430642510     49.945     50.375   3.401415   3.401189    33.2078    33.2028     7.3828     7.3855     7.3781     7.3809     0.0000     0.0000     0.0855    99.6433     0.0001     4.6508   48.62350    3.29254    143.325    25.9552    25.9509    1478.72          6      45462          9  0.000e+00
  430642510     49.889     50.318   3.401402   3.401208    33.2078    33.2029     7.3827     7.3856     7.3780     7.3810     0.0000     0.0000     0.0855    99.6433     0.0001     4.6508   48.61610    3.29205    143.303    25.9552    25.9510    1478.72          6      45463          9  0.000e+00
  430642510     49.933     50.362   3.401415   3.401151    33.2082    33.2027     7.3824     7.3852     7.3777     7.3805     0.0000     0.0000     0.0842    99.6433     0.0001     4.6508   48.60936    3.29161    143.284    25.9556    25.9509    1478.72          6      45464          9  0.000e+00
  430642510     49.895     50.324   3.401408   3.401196    33.2082    33.2035     7.3824     7.3848     7.3777     7.3801     0.0000     0.0000     0.0842    99.6433     0.0001     4.6508   48.60207    3.29111    143.263    25.9556    25.9516    1478.72          6      45465          9  0.000e+00
  430642510     49.933     50.362   3.401421   3.401196    33.2084    33.2038     7.3822     7.3845     7.3776     7.3798     0.0000     0.0000     0.0855    99.6433     0.0001     4.6508   48.59527    3.29066    143.243    25.9558    25.9519    1478.72          6      45466          9  0.000e+00
  430642510     49.933     50.362   3.401428   3.401208    33.2087    33.2047     7.3821     7.3837     7.3774     7.3791     0.0000     0.0000     0.0855    99.6433     0.0001     4.6508   48.65431    3.29466    143.417    25.9560    25.9527    1478.72          6      45467          9  0.000e+00
  430642510     49.889     50.318   3.401428   3.401221    33.2085    33.2055     7.3822     7.3831     7.3776     7.3784     0.0000     0.0000     0.0855    99.6433     0.0001     4.6508   48.59171    3.29041    143.232    25.9559    25.9534    1478.72          6      45468          9  0.000e+00
  430642510     49.895     50.324   3.401375   3.401241    33.2081    33.2064     7.3821     7.3823     7.3774     7.3776     0.0000     0.0000     0.0855    99.6433     0.0001     4.6508   48.65032    3.29441    143.406    25.9556    25.9542    1478.72          6      45469          9  0.000e+00
  430642510     49.889     50.318   3.401408   3.401202    33.2079    33.2065     7.3827     7.3818     7.3780     7.3771     0.0000     0.0012     0.0855    99.6433     0.0001     4.6508   48.58744    3.29011    143.219    25.9553    25.9544    1478.72          6      45470          9  0.000e+00
  430642510     49.889     50.318   3.401402   3.401209    33.2082    33.2069     7.3822     7.3815     7.3776     7.3768     0.0000     0.0000     0.0867    99.6433     0.0001     4.6508   48.57949    3.28959    143.196    25.9557    25.9547    1478.72          6      45471          9  0.000e+00
  430642510     49.895     50.324   3.401395   3.401170    33.2077    33.2049     7.3827     7.3831     7.3780     7.3784     0.0000     0.0000     0.0855    99.6433     0.0001     4.6508   48.57150    3.28903    143.172    25.9552    25.9529    1478.72          6      45472          9  0.000e+00
  430642510     49.889     50.318   3.401369   3.401202    33.2077    33.2048     7.3824     7.3836     7.3777     7.3789     0.0000     0.0000     0.0855    99.6433     0.0001     4.6508   48.56349    3.28851    143.149    25.9552    25.9528    1478.72          6      45473          9  0.000e+00
  430642510     49.889     50.318   3.401382   3.401196    33.2080    33.2056     7.3822     7.3827     7.3776     7.3780     0.0000     0.0000     0.0855    99.6433     0.0001     4.6508   48.55551    3.28798    143.126    25.9555    25.9535    1478.72          6      45474          9  0.000e+00
  430642510     49.889     50.318   3.401402   3.401208    33.2077    33.2063     7.3828     7.3821     7.3781     7.3774     0.0000     0.0000     0.0855    99.6433     0.0001     4.6508   48.54748    3.28739    143.101    25.9551    25.9541    1478.72          6      45475          9  0.000e+00
  430642510     49.895     50.324   3.401395   3.401170    33.2076    33.2059     7.3829     7.3821     7.3782     7.3774     0.0000     0.0000     0.0855    99.6433     0.0001     4.6508   48.55127    3.28765    143.112    25.9550    25.9538    1478.72          6      45476          9  0.000e+00
