ROS/FK009A_CTD012_20130820.ros
* Sea-Bird SBE 9 Data File:
* FileName = C:\Falkor-Data-2013\FK009A\CTD\FK009A_CTD012_20130820.hex
* Software Version Seasave V 7.21f
* Temperature SN = 5483
* Conductivity SN = 3916
* Number of Bytes Per Scan = 41
* Number of Voltage Words = 4
* Number of Scans Averaged by the Deck Unit = 1
* NMEA Latitude = 48 14.97 N
* NMEA Longitude = 126 39.93 W
* NMEA UTC (Time) = Aug 20 2013 14:07:47
* NMEA baud rate = 4800
** Ship: RV Falkor
** Station: LC12
** Operator: Nathan Cunningham
# nquan = 27
# nvalues = 931                                   
# units = specified
# name 0 = timeQ: Time, NMEA [seconds]
# name 1 = depSM: Depth [salt water, m]
# name 2 = prDM: Pressure, Digiquartz [db]
# name 3 = c0S/m: Conductivity [S/m]
# name 4 = c1S/m: Conductivity, 2 [S/m]
# name 5 = sal00: Salinity, Practical [PSU]
# name 6 = sal11: Salinity, Practical, 2 [PSU]
# name 7 = t090C: Temperature [ITS-90, deg C]
# name 8 = t190C: Temperature, 2 [ITS-90, deg C]
# name 9 = potemp090C: Potential Temperature [ITS-90, deg C]
# name 10 = potemp190C: Potential Temperature, 2 [ITS-90, deg C]
# name 11 = v2: Voltage 2
# name 12 = v3: Voltage 3
# name 13 = v0: Voltage 0
# name 14 = CStarTr0: Beam Transmission, WET Labs C-Star [%]
# name 15 = CStarAt0: Beam Attenuation, WET Labs C-Star [1/m]
# name 16 = v5: Voltage 5
# name 17 = sbeox0PS: Oxygen, SBE 43 [% saturation]
# name 18 = sbeox0ML/L: Oxygen, SBE 43 [ml/l]
# name 19 = sbeox0Mm/Kg: Oxygen, SBE 43 [umol/Kg]
# name 20 = sigma-é00: Density [sigma-theta, Kg/m^3]
# name 21 = sigma-é11: Density, 2 [sigma-theta, Kg/m^3]
# name 22 = svCM: Sound Velocity [Chen-Millero, m/s]
# name 23 = modError: Modulo Error Count
# name 24 = scan: Scan Count
# name 25 = nbf: Bottles Fired
# name 26 = flag:  0.000e+00
# interval = seconds: 0.0416667
# start_time = Aug 20 2013 14:07:48 [NMEA time, first data scan]
# bad_flag = -9.990e-29
*END*
[from data line 752]
  430331848     52.934     53.390   3.391958   3.391779    32.5327    32.5320     7.9888     7.9875     7.9836     7.9824     1.5739     0.9035     0.1001   100.0618    -0.0000     4.6703   87.08161    5.84184    254.449    25.3389    25.3386    1480.25          3     215505         16  0.000e+00
  430331848     52.965     53.421   3.391958   3.391791    32.5327    32.5321     7.9888     7.9875     7.9836     7.9824     1.5739     0.9035     0.1001   100.0618    -0.0000     4.6703   87.07922    5.84168    254.442    25.3389    25.3387    1480.25          3     215506         16  0.000e+00
  430331848     52.965     53.421   3.391945   3.391740    32.5327    32.5318     7.9886     7.9872     7.9835     7.9820     1.5739     0.9035     0.1001   100.0618    -0.0000     4.6703   87.14269    5.84596    254.628    25.3390    25.3385    1480.25          3     215507         16  0.000e+00
  430331848     53.058     53.516   3.391938   3.391689    32.5330    32.5314     7.9881     7.9870     7.9830     7.9819     1.5739     0.9048     0.1001   100.0618    -0.0000     4.6703   87.08675    5.84226    254.467    25.3393    25.3382    1480.25          3     215508         16  0.000e+00
  430331848     53.021     53.478   3.391885   3.391676    32.5326    32.5316     7.9880     7.9867     7.9828     7.9815     1.5751     0.9023     0.1001   100.0618    -0.0000     4.6703   87.08452    5.84214    254.462    25.3390    25.3384    1480.25          3     215509         16  0.000e+00
  430331848     53.102     53.560   3.391852   3.391663    32.5328    32.5317     7.9874     7.9864     7.9822     7.9812     1.5739     0.9035     0.1001   100.0618    -0.0000     4.6703   87.07271    5.84143    254.431    25.3392    25.3385    1480.25          3     215510         16  0.000e+00
  430331848     53.058     53.516   3.391819   3.391624    32.5331    32.5319     7.9867     7.9857     7.9816     7.9806     1.5739     0.9035     0.1001   100.0618    -0.0000     4.6703   87.07092    5.84138    254.429    25.3395    25.3388    1480.24          3     215511         16  0.000e+00
  430331848     53.146     53.604   3.391714   3.391592    32.5324    32.5318     7.9862     7.9854     7.9811     7.9803     1.5739     0.9035     0.1001   100.0618    -0.0000     4.6703   87.07105    5.84148    254.433    25.3390    25.3387    1480.24          3     215512         16  0.000e+00
  430331848     53.146     53.604   3.391668   3.391502    32.5329    32.5316     7.9851     7.9846     7.9800     7.9794     1.5739     0.9048     0.1001   100.0618    -0.0000     4.6703   87.07073    5.84158    254.438    25.3396    25.3387    1480.24          3     215513         16  0.000e+00
  430331848     53.164     53.622   3.391588   3.391464    32.5325    32.5319     7.9846     7.9838     7.9794     7.9787     1.5739     0.9035     0.1013   100.0357    -0.0000     4.6691   87.05958    5.84092    254.409    25.3394    25.3390    1480.24          3     215514         16  0.000e+00
  430331848     53.196     53.654   3.391542   3.391438    32.5329    32.5324     7.9837     7.9830     7.9785     7.9779     1.5739     0.9035     0.1013   100.0618    -0.0000     4.6703   87.06005    5.84106    254.415    25.3399    25.3395    1480.24          3     215515         16  0.000e+00
  430331848     53.289     53.748   3.391489   3.391393    32.5329    32.5322     7.9831     7.9827     7.9779     7.9775     1.5739     0.9048     0.1001   100.0618    -0.0000     4.6703   86.99589    5.83684    254.231    25.3399    25.3394    1480.23          3     215516         16  0.000e+00
  430331848     53.239     53.698   3.391423   3.391348    32.5330    32.5323     7.9822     7.9821     7.9771     7.9769     1.5739     0.9048     0.1001   100.0618    -0.0000     4.6703   86.98583    5.83627    254.206    25.3401    25.3396    1480.23          3     215517         16  0.000e+00
  430331848     53.252     53.711   3.391410   3.391316    32.5333    32.5323     7.9817     7.9817     7.9766     7.9765     1.5739     0.9048     0.1001   100.0618    -0.0000     4.6703   86.91160    5.83134    253.991    25.3404    25.3396    1480.23          3     215518         16  0.000e+00
  430331848     53.289     53.748   3.391390   3.391284    32.5336    32.5324     7.9811     7.9813     7.9759     7.9761     1.5751     0.9035     0.1001   100.0618    -0.0000     4.6703   86.95954    5.83463    254.134    25.3408    25.3398    1480.23          3     215519         16  0.000e+00
  430331848     53.239     53.698   3.391338   3.391290    32.5337    32.5327     7.9804     7.9810     7.9753     7.9758     1.5739     0.9035     0.1001   100.0618    -0.0000     4.6703   86.95267    5.83425    254.118    25.3409    25.3401    1480.22          3     215520         16  0.000e+00
  430331848     53.333     53.792   3.391292   3.391303    32.5334    32.5333     7.9802     7.9804     7.9750     7.9753     1.5739     0.9048     0.1001   100.0618    -0.0000     4.6703   86.94826    5.83400    254.107    25.3408    25.3406    1480.22          3     215521         16  0.000e+00
  430331848     53.289     53.748   3.391285   3.391355    32.5337    32.5337     7.9798     7.9806     7.9746     7.9754     1.5751     0.9023     0.1001   100.0618    -0.0000     4.6703   86.94324    5.83370    254.094    25.3410    25.3409    1480.22          3     215522         16  0.000e+00
  430331848     53.345     53.805   3.391265   3.391406    32.5338    32.5333     7.9795     7.9816     7.9743     7.9764     1.5751     0.9035     0.1001   100.0357    -0.0000     4.6691   87.00599    5.83795    254.279    25.3411    25.3405    1480.22          3     215523         16  0.000e+00
  430331848     53.333     53.792   3.391252   3.391451    32.5336    32.5329     7.9795     7.9825     7.9743     7.9773     1.5751     0.9023     0.1001   100.0357    -0.0000     4.6691   87.01363    5.83847    254.302    25.3410    25.3400    1480.22          3     215524         16  0.000e+00
  430331848     53.333     53.792   3.391391   3.391695    32.5350    32.5340     7.9796     7.9842     7.9745     7.9790     1.5739     0.9048     0.1001   100.0618    -0.0000     4.6703   86.95609    5.83454    254.130    25.3420    25.3406    1480.22          3     215525         16  0.000e+00
  430331848     53.333     53.792   3.391582   3.391984    32.5364    32.5307     7.9803     7.9910     7.9751     7.9859     1.5739     0.9023     0.1001   100.0618    -0.0000     4.6703   86.95417    5.83427    254.118    25.3430    25.3370    1480.23          3     215526         16  0.000e+00
  430331848     53.302     53.761   3.391971   3.392299    32.5395    32.5284     7.9814     7.9971     7.9763     7.9919     1.5739     0.9035     0.1001   100.0618    -0.0000     4.6703   86.95277    5.83391    254.102    25.3453    25.3344    1480.24          3     215527         16  0.000e+00
  430331849     53.333     53.792   3.392367   3.392517    32.5379    32.5275     7.9877     8.0005     7.9825     7.9953     1.5751     0.9023     0.1001   100.0618    -0.0000     4.6703   86.95234    5.83312    254.068    25.3432    25.3332    1480.26          3     215528         16  0.000e+00
  430331849     53.333     53.792   3.392460   3.392447    32.5340    32.5277     7.9930     7.9995     7.9878     7.9943     1.5751     0.9048     0.1001   100.0618    -0.0000     4.6703   87.01833    5.83699    254.238    25.3393    25.3335    1480.27          3     215529         16  0.000e+00
  430331849     53.289     53.748   3.392433   3.392492    32.5320    32.5291     7.9947     7.9986     7.9896     7.9934     1.5739     0.9048     0.1001   100.0618    -0.0000     4.6703   86.95279    5.83243    254.040    25.3376    25.3347    1480.28          3     215530         16  0.000e+00
  430331849     53.333     53.792   3.392196   3.393057    32.5304    32.5286     7.9937     8.0056     7.9886     8.0004     1.5739     0.9035     0.1013   100.0618    -0.0000     4.6703   86.95523    5.83279    254.056    25.3364    25.3333    1480.27          3     215531         16  0.000e+00
  430331849     53.252     53.711   3.391912   3.393995    32.5299    32.5274     7.9911     8.0176     7.9859     8.0124     1.5739     0.9035     0.1001   100.0618    -0.0000     4.6703   86.94597    5.83254    254.045    25.3365    25.3306    1480.26          3     215532         16  0.000e+00
  430331849     53.289     53.748   3.391793   3.394567    32.5311    32.5253     7.9885     8.0264     7.9833     8.0212     1.5739     0.9048     0.1013   100.0618    -0.0000     4.6703   86.87275    5.82793    253.844    25.3377    25.3277    1480.25          3     215533         16  0.000e+00
  430331849     53.239     53.698   3.392196   3.394811    32.5333    32.5242     7.9907     8.0304     7.9856     8.0252     1.5739     0.9060     0.1013   100.0618    -0.0000     4.6703   86.91936    5.83068    253.963    25.3391    25.3262    1480.26          3     215534         16  0.000e+00
  430331849     53.239     53.698   3.393093   3.394908    32.5340    32.5233     8.0002     8.0325     7.9951     8.0273     1.5739     0.9048     0.1013   100.0357    -0.0000     4.6691   86.91134    5.82886    253.884    25.3383    25.3252    1480.30          3     215535         16  0.000e+00
  430331849     53.208     53.667   3.393727   3.394927    32.5318    32.5226     8.0099     8.0335     8.0047     8.0283     1.5739     0.9060     0.1013   100.0618    -0.0000     4.6703   86.91483    5.82791    253.843    25.3352    25.3246    1480.33          3     215536         16  0.000e+00
  430332026     32.110     32.385   3.633666   3.636900    32.2475    32.2445    11.0569    11.0967    11.0530    11.0928     1.5385     1.1233     0.2198    96.4517     0.0014     4.5018   87.63833    5.50543    239.964    24.6235    24.6141    1490.79          3     219782         17  0.000e+00
  430332026     32.110     32.385   3.633836   3.637059    32.2486    32.2474    11.0575    11.0952    11.0537    11.0913     1.5385     1.1245     0.2198    96.4517     0.0014     4.5018   87.63121    5.50487    239.939    24.6242    24.6166    1490.79          3     219783         17  0.000e+00
  430332026     32.110     32.385   3.634080   3.637283    32.2490    32.2467    11.0598    11.0985    11.0560    11.0946     1.5385     1.1245     0.2198    96.4517     0.0014     4.5018   87.61178    5.50336    239.874    24.6242    24.6155    1490.80          3     219784         17  0.000e+00
  430332026     32.153     32.429   3.634514   3.637508    32.2526    32.2436    11.0606    11.1045    11.0568    11.1006     1.5385     1.1221     0.2198    96.4517     0.0014     4.5018   87.60004    5.50241    239.831    24.6268    24.6121    1490.81          3     219785         17  0.000e+00
  430332026     32.153     32.429   3.635219   3.637686    32.2578    32.2436    11.0626    11.1065    11.0588    11.1026     1.5385     1.1233     0.2198    96.4517     0.0014     4.5018   87.57554    5.50045    239.745    24.6305    24.6117    1490.82          3     219786         17  0.000e+00
  430332026     32.153     32.429   3.635911   3.637706    32.2616    32.2432    11.0660    11.1071    11.0621    11.1033     1.5385     1.1245     0.2198    96.4517     0.0014     4.5018   87.55799    5.49882    239.673    24.6329    24.6113    1490.84          3     219787         17  0.000e+00
  430332026     32.203     32.479   3.636019   3.637330    32.2565    32.2415    11.0730    11.1049    11.0691    11.1010     1.5385     1.1245     0.2198    96.4779     0.0014     4.5031   87.53834    5.49693    239.592    24.6277    24.6104    1490.86          3     219788         17  0.000e+00
  430332026     32.203     32.479   3.635578   3.636630    32.2467    32.2392    11.0793    11.0996    11.0754    11.0957     1.5385     1.1233     0.2198    96.4517     0.0014     4.5018   87.58947    5.49975    239.717    24.6189    24.6095    1490.87          3     219789         17  0.000e+00
  430332026     32.153     32.429   3.634886   3.635798    32.2391    32.2419    11.0802    11.0872    11.0764    11.0834     1.5385     1.1233     0.2198    96.4779     0.0014     4.5031   87.59353    5.50016    239.737    24.6128    24.6138    1490.86          3     219790         17  0.000e+00
  430332026     32.203     32.479   3.634059   3.635343    32.2338    32.2497    11.0769    11.0732    11.0731    11.0693     1.5385     1.1233     0.2198    96.4779     0.0014     4.5031   87.59712    5.50096    239.772    24.6093    24.6224    1490.84          3     219791         17  0.000e+00
  430332026     32.203     32.479   3.633375   3.635244    32.2373    32.2512    11.0652    11.0704    11.0613    11.0665     1.5385     1.1233     0.2198    96.4779     0.0014     4.5031   87.52528    5.49771    239.629    24.6141    24.6240    1490.81          3     219792         17  0.000e+00
  430332026     32.203     32.479   3.633077   3.635092    32.2445    32.2485    11.0536    11.0717    11.0497    11.0678     1.5385     1.1245     0.2198    96.4517     0.0014     4.5018   87.50588    5.49760    239.623    24.6218    24.6217    1490.77          3     219793         17  0.000e+00
  430332026     32.247     32.523   3.633510   3.634531    32.2501    32.2456    11.0521    11.0688    11.0483    11.0649     1.5385     1.1233     0.2210    96.4517     0.0014     4.5018   87.48413    5.49621    239.561    24.6263    24.6199    1490.78          3     219794         17  0.000e+00
  430332026     32.203     32.479   3.634290   3.633746    32.2513    32.2469    11.0595    11.0584    11.0556    11.0545     1.5385     1.1233     0.2210    96.4779     0.0014     4.5031   87.45870    5.49370    239.452    24.6260    24.6228    1490.80          3     219795         17  0.000e+00
  430332026     32.297     32.573   3.634995   3.633429    32.2517    32.2488    11.0670    11.0526    11.0631    11.0487     1.5385     1.1233     0.2210    96.4779     0.0014     4.5031   87.43285    5.49119    239.343    24.6249    24.6253    1490.83          3     219796         17  0.000e+00
  430332026     32.247     32.523   3.635653   3.633495    32.2493    32.2478    11.0771    11.0545    11.0732    11.0507     1.5385     1.1233     0.2210    96.4779     0.0014     4.5031   87.40325    5.48822    239.214    24.6213    24.6241    1490.86          3     219797         17  0.000e+00
  430332026     32.247     32.523   3.636263   3.633501    32.2479    32.2477    11.0856    11.0547    11.0817    11.0509     1.5385     1.1221     0.2210    96.4779     0.0014     4.5031   87.38219    5.48595    239.116    24.6187    24.6240    1490.89          3     219798         17  0.000e+00
  430332026     32.291     32.567   3.636867   3.633356    32.2472    32.2480    11.0931    11.0527    11.0892    11.0489     1.5385     1.1233     0.2210    96.4779     0.0014     4.5031   87.36015    5.48371    239.019    24.6169    24.6246    1490.92          3     219799         17  0.000e+00
  430332027     32.291     32.567   3.637178   3.633277    32.2456    32.2485    11.0985    11.0513    11.0946    11.0474     1.5397     1.1233     0.2210    96.4517     0.0014     4.5018   87.33624    5.48163    238.929    24.6146    24.6252    1490.93          3     219800         17  0.000e+00
  430332027     32.297     32.573   3.637240   3.633363    32.2450    32.2495    11.0998    11.0511    11.0959    11.0472     1.5397     1.1209     0.2210    96.4779     0.0014     4.5031   87.37497    5.48393    239.029    24.6140    24.6261    1490.94          3     219801         17  0.000e+00
  430332027     32.340     32.617   3.637362   3.633759    32.2445    32.2498    11.1018    11.0552    11.0979    11.0513     1.5385     1.1233     0.2210    96.4517     0.0014     4.5018   87.35769    5.48263    238.973    24.6132    24.6256    1490.95          3     219802         17  0.000e+00
