ROS/FK009A_CTD004_20130819.ros
* Sea-Bird SBE 9 Data File:
* FileName = C:\Falkor-Data-2013\FK009A\CTD\FK009A_CTD004_20130819.hex
* Software Version Seasave V 7.21f
* Temperature SN = 5483
* Conductivity SN = 3916
* Number of Bytes Per Scan = 41
* Number of Voltage Words = 4
* Number of Scans Averaged by the Deck Unit = 1
* NMEA Latitude = 48 27.19 N
* NMEA Longitude = 125 47.76 W
* NMEA UTC (Time) = Aug 19 2013 22:58:10
* NMEA baud rate = 4800
** Ship:
** Station: BCC0
** Operator:
# nquan = 27
# nvalues = 343                                   
# units = specified
# name 0 = timeQ: Time, NMEA [seconds]
# name 1 = depSM: Depth [salt water, m]
# name 2 = prDM: Pressure, Digiquartz [db]
# name 3 = c0S/m: Conductivity [S/m]
# name 4 = c1S/m: Conductivity, 2 [S/m]
# name 5 = sal00: Salinity, Practical [PSU]
# name 6 = sal11: Salinity, Practical, 2 [PSU]
# name 7 = t090C: Temperature [ITS-90, deg C]
# name 8 = t190C: Temperature, 2 [ITS-90, deg C]
# name 9 = potemp090C: Potential Temperature [ITS-90, deg C]
# name 10 = potemp190C: Potential Temperature, 2 [ITS-90, deg C]
# name 11 = v2: Voltage 2
# name 12 = v3: Voltage 3
# name 13 = v0: Voltage 0
# name 14 = CStarTr0: Beam Transmission, WET Labs C-Star [%]
# name 15 = CStarAt0: Beam Attenuation, WET Labs C-Star [1/m]
# name 16 = v5: Voltage 5
# name 17 = sbeox0PS: Oxygen, SBE 43 [% saturation]
# name 18 = sbeox0ML/L: Oxygen, SBE 43 [ml/l]
# name 19 = sbeox0Mm/Kg: Oxygen, SBE 43 [umol/Kg]
# name 20 = sigma-é00: Density [sigma-theta, Kg/m^3]
# name 21 = sigma-é11: Density, 2 [sigma-theta, Kg/m^3]
# name 22 = svCM: Sound Velocity [Chen-Millero, m/s]
# name 23 = modError: Modulo Error Count
# name 24 = scan: Scan Count
# name 25 = nbf: Bottles Fired
# name 26 = flag:  0.000e+00
# interval = seconds: 0.0416667
# start_time = Aug 19 2013 22:58:10 [NMEA time, first data scan]
# bad_flag = -9.990e-29
*END*
  430268901    110.536    111.506   3.402989   3.402266    33.9191    33.9124     6.6402     6.6389     6.6304     6.6290     2.7192     0.8095     0.0806    97.4720     0.0010     4.5495   21.72333    1.48930     64.788    26.6171    26.6120    1477.73          0      14672          1  0.000e+00
  430268901    110.629    111.600   3.402996   3.402266    33.9190    33.9124     6.6404     6.6389     6.6305     6.6290     2.7204     0.8083     0.0818    97.4720     0.0010     4.5495   21.72309    1.48928     64.787    26.6170    26.6120    1477.73          0      14673          1  0.000e+00
  430268901    110.661    111.632   3.402976   3.402266    33.9189    33.9122     6.6402     6.6391     6.6304     6.6292     2.7192     0.8083     0.0818    97.4720     0.0010     4.5495   21.72269    1.48926     64.786    26.6170    26.6119    1477.73          0      14674          1  0.000e+00
  430268901    110.579    111.550   3.402970   3.402285    33.9187    33.9126     6.6405     6.6389     6.6306     6.6290     2.7192     0.8083     0.0818    97.4720     0.0010     4.5495   21.72196    1.48921     64.784    26.6167    26.6122    1477.73          0      14675          1  0.000e+00
  430268901    110.579    111.550   3.402970   3.402272    33.9190    33.9125     6.6401     6.6389     6.6302     6.6290     2.7192     0.8083     0.0818    97.4720     0.0010     4.5495   21.72148    1.48918     64.783    26.6171    26.6121    1477.73          0      14676          1  0.000e+00
  430268901    110.617    111.588   3.403009   3.402285    33.9193    33.9125     6.6402     6.6391     6.6304     6.6292     2.7192     0.8071     0.0806    97.4720     0.0010     4.5495   21.72108    1.48915     64.781    26.6173    26.6120    1477.73          0      14677          1  0.000e+00
  430268901    110.629    111.600   3.403003   3.402311    33.9191    33.9127     6.6404     6.6391     6.6305     6.6292     2.7192     0.8095     0.0806    97.4720     0.0010     4.5495   21.72061    1.48911     64.780    26.6171    26.6123    1477.73          0      14678          1  0.000e+00
  430268901    110.579    111.550   3.402950   3.402324    33.9187    33.9129     6.6402     6.6391     6.6304     6.6292     2.7204     0.8083     0.0818    97.4720     0.0010     4.5495   21.73241    1.48993     64.815    26.6168    26.6124    1477.73          0      14679          1  0.000e+00
  430268901    110.573    111.544   3.402976   3.402279    33.9188    33.9124     6.6404     6.6391     6.6305     6.6292     2.7204     0.8083     0.0806    97.4720     0.0010     4.5495   21.73239    1.48992     64.815    26.6168    26.6120    1477.73          0      14680          1  0.000e+00
  430268901    110.579    111.550   3.402950   3.402054    33.9188    33.9095     6.6401     6.6395     6.6302     6.6296     2.7192     0.8083     0.0806    97.4720     0.0010     4.5495   21.73242    1.48994     64.815    26.6169    26.6096    1477.73          0      14681          1  0.000e+00
  430268902    110.579    111.550   3.402956   3.398986    33.9187    33.8746     6.6402     6.6404     6.6304     6.6306     2.7192     0.8071     0.0794    97.4720     0.0010     4.5495   21.79967    1.49454     65.016    26.6168    26.5820    1477.73          0      14682          1  0.000e+00
  430268902    110.579    111.550   3.402970   3.400278    33.9188    33.8894     6.6403     6.6399     6.6304     6.6300     2.7192     0.8083     0.0806    97.4720     0.0010     4.5495   21.74385    1.49071     64.849    26.6169    26.5938    1477.73          0      14683          1  0.000e+00
  430268902    110.573    111.544   3.402970   3.401841    33.9190    33.9073     6.6401     6.6394     6.6302     6.6295     2.7192     0.8071     0.0794    97.4720     0.0010     4.5495   21.74334    1.49068     64.848    26.6171    26.6079    1477.73          0      14684          1  0.000e+00
  430268902    110.536    111.506   3.402970   3.402201    33.9189    33.9116     6.6402     6.6391     6.6304     6.6292     2.7192     0.8095     0.0794    97.4720     0.0010     4.5495   21.74273    1.49064     64.846    26.6170    26.6113    1477.73          0      14685          1  0.000e+00
  430268902    110.579    111.550   3.402970   3.401816    33.9187    33.9073     6.6404     6.6391     6.6305     6.6292     2.7204     0.8083     0.0806    97.4720     0.0010     4.5495   21.74235    1.49061     64.845    26.6168    26.6080    1477.73          0      14686          1  0.000e+00
  430268902    110.573    111.544   3.402930   3.399867    33.9186    33.8854     6.6401     6.6394     6.6302     6.6295     2.7204     0.8083     0.0806    97.4720     0.0010     4.5495   21.72942    1.48973     64.807    26.6167    26.5906    1477.73          0      14687          1  0.000e+00
  430268902    110.536    111.506   3.402930   3.398195    33.9185    33.8671     6.6402     6.6392     6.6304     6.6293     2.7204     0.8071     0.0806    97.4458     0.0010     4.5482   21.78315    1.49341     64.967    26.6166    26.5762    1477.73          0      14688          1  0.000e+00
  430268902    110.579    111.550   3.402936   3.400169    33.9187    33.8889     6.6401     6.6392     6.6302     6.6293     2.7192     0.8071     0.0794    97.4458     0.0010     4.5482   21.78079    1.49325     64.960    26.6168    26.5934    1477.73          0      14689          1  0.000e+00
  430268902    110.523    111.493   3.402956   3.400986    33.9188    33.8975     6.6402     6.6397     6.6304     6.6298     2.7192     0.8071     0.0794    97.4720     0.0010     4.5495   21.77715    1.49300     64.949    26.6168    26.6002    1477.73          0      14690          1  0.000e+00
  430268902    110.536    111.506   3.402943   3.399519    33.9186    33.8811     6.6402     6.6399     6.6304     6.6300     2.7204     0.8095     0.0794    97.4720     0.0010     4.5495   21.71788    1.48894     64.772    26.6167    26.5872    1477.73          0      14691          1  0.000e+00
  430268902    110.536    111.506   3.402936   3.397886    33.9185    33.8629     6.6403     6.6400     6.6304     6.6301     2.7204     0.8083     0.0806    97.4720     0.0010     4.5495   21.71390    1.48866     64.760    26.6166    26.5728    1477.73          0      14692          1  0.000e+00
  430268902    110.536    111.506   3.402936   3.396099    33.9185    33.8433     6.6402     6.6398     6.6304     6.6300     2.7204     0.8083     0.0806    97.4720     0.0010     4.5495   21.70993    1.48839     64.748    26.6167    26.5574    1477.73          0      14693          1  0.000e+00
  430268902    110.480    111.449   3.402936   3.397732    33.9187    33.8615     6.6401     6.6397     6.6302     6.6298     2.7204     0.8095     0.0806    97.4720     0.0010     4.5495   21.70580    1.48811     64.736    26.6168    26.5718    1477.73          0      14694          1  0.000e+00
  430268902    110.536    111.506   3.402956   3.397089    33.9187    33.8548     6.6402     6.6392     6.6304     6.6293     2.7204     0.8083     0.0806    97.4720     0.0010     4.5495   21.68955    1.48699     64.687    26.6168    26.5666    1477.73          0      14695          1  0.000e+00
  430268902    110.536    111.506   3.402970   3.398857    33.9189    33.8741     6.6402     6.6395     6.6304     6.6296     2.7204     0.8095     0.0806    97.4720     0.0010     4.5495   21.67264    1.48583     64.637    26.6170    26.5817    1477.73          0      14696          1  0.000e+00
  430268902    110.480    111.449   3.402989   3.398021    33.9193    33.8644     6.6401     6.6400     6.6302     6.6301     2.7192     0.8071     0.0794    97.4720     0.0010     4.5495   21.73478    1.49009     64.822    26.6173    26.5740    1477.73          0      14697          1  0.000e+00
  430268902    110.486    111.455   3.402950   3.399995    33.9187    33.8867     6.6402     6.6396     6.6304     6.6297     2.7192     0.8083     0.0806    97.4720     0.0010     4.5495   21.67400    1.48593     64.641    26.6168    26.5916    1477.73          0      14698          1  0.000e+00
  430268902    110.486    111.455   3.402956   3.401738    33.9188    33.9059     6.6402     6.6397     6.6304     6.6298     2.7204     0.8083     0.0806    97.4720     0.0010     4.5495   21.66853    1.48555     64.625    26.6169    26.6068    1477.73          0      14699          1  0.000e+00
  430268902    110.480    111.449   3.402943   3.401790    33.9186    33.9066     6.6403     6.6395     6.6304     6.6296     2.7204     0.8071     0.0794    97.4720     0.0010     4.5495   21.60821    1.48142     64.445    26.6167    26.6073    1477.73          0      14700          1  0.000e+00
  430268902    110.442    111.411   3.402910   3.400182    33.9183    33.8888     6.6402     6.6395     6.6304     6.6296     2.7204     0.8083     0.0794    97.4720     0.0010     4.5495   21.72622    1.48951     64.797    26.6165    26.5933    1477.73          0      14701          1  0.000e+00
  430268902    110.442    111.411   3.402923   3.400671    33.9186    33.8943     6.6401     6.6394     6.6302     6.6295     2.7204     0.8083     0.0806    97.4720     0.0010     4.5495   21.66593    1.48538     64.617    26.6167    26.5977    1477.73          0      14702          1  0.000e+00
  430268902    110.486    111.455   3.402943   3.401861    33.9188    33.9077     6.6401     6.6392     6.6302     6.6293     2.7204     0.8071     0.0794    97.4720     0.0010     4.5495   21.67351    1.48590     64.640    26.6169    26.6082    1477.73          0      14703          1  0.000e+00
  430268902    110.386    111.355   3.402910   3.401237    33.9183    33.9005     6.6402     6.6395     6.6304     6.6297     2.7204     0.8071     0.0806    97.4720     0.0010     4.5495   21.61392    1.48181     64.462    26.6165    26.6026    1477.73          0      14704          1  0.000e+00
  430268902    110.442    111.411   3.402950   3.396671    33.9187    33.8492     6.6402     6.6403     6.6304     6.6304     2.7204     0.8083     0.0806    97.4720     0.0010     4.5495   21.67835    1.48622     64.654    26.6168    26.5620    1477.73          0      14705          1  0.000e+00
  430268903    110.442    111.411   3.402917   3.398053    33.9184    33.8638     6.6402     6.6410     6.6304     6.6311     2.7204     0.8083     0.0818    97.4981     0.0010     4.5507   21.67537    1.48602     64.645    26.6165    26.5734    1477.73          0      14706          1  0.000e+00
  430268903    110.430    111.399   3.402923   3.400452    33.9184    33.8913     6.6402     6.6400     6.6304     6.6301     2.7204     0.8083     0.0818    97.4981     0.0010     4.5507   21.60510    1.48121     64.436    26.6166    26.5953    1477.73          0      14707          1  0.000e+00
  430268903    110.398    111.367   3.402936   3.401796    33.9187    33.9067     6.6401     6.6395     6.6303     6.6296     2.7204     0.8071     0.0806    97.4720     0.0010     4.5495   21.65785    1.48482     64.593    26.6168    26.6074    1477.73          0      14708          1  0.000e+00
  430268903    110.348    111.317   3.402936   3.401963    33.9186    33.9089     6.6402     6.6392     6.6304     6.6293     2.7204     0.8083     0.0806    97.4720     0.0010     4.5495   21.65522    1.48464     64.585    26.6167    26.6092    1477.73          0      14709          1  0.000e+00
  430268903    110.430    111.399   3.402936   3.401828    33.9186    33.9072     6.6402     6.6394     6.6304     6.6295     2.7192     0.8095     0.0806    97.4981     0.0010     4.5507   21.72022    1.48910     64.779    26.6167    26.6078    1477.73          0      14710          1  0.000e+00
  430268903    110.348    111.317   3.402890   3.402073    33.9183    33.9104     6.6401     6.6389     6.6302     6.6290     2.7192     0.8083     0.0818    97.4981     0.0010     4.5507   21.71652    1.48885     64.768    26.6165    26.6104    1477.73          0      14711          1  0.000e+00
  430268903    110.348    111.317   3.402897   3.402189    33.9183    33.9117     6.6401     6.6389     6.6302     6.6290     2.7204     0.8071     0.0818    97.4720     0.0010     4.5495   21.71205    1.48854     64.755    26.6165    26.6114    1477.73          0      14712          1  0.000e+00
  430268903    110.348    111.317   3.402950   3.402221    33.9188    33.9120     6.6402     6.6389     6.6304     6.6290     2.7192     0.8071     0.0806    97.4981     0.0010     4.5507   21.65175    1.48440     64.575    26.6169    26.6117    1477.73          0      14713          1  0.000e+00
  430268903    110.342    111.311   3.402917   3.402253    33.9186    33.9124     6.6401     6.6389     6.6302     6.6290     2.7192     0.8083     0.0806    97.4720     0.0010     4.5495   21.71402    1.48868     64.761    26.6167    26.6120    1477.73          0      14714          1  0.000e+00
  430268903    110.348    111.317   3.402923   3.402214    33.9186    33.9120     6.6401     6.6389     6.6302     6.6290     2.7204     0.8071     0.0806    97.4720     0.0010     4.5495   21.73293    1.48997     64.817    26.6168    26.6117    1477.73          0      14715          1  0.000e+00
  430268903    110.305    111.273   3.402890   3.402201    33.9183    33.9118     6.6401     6.6389     6.6302     6.6290     2.7192     0.8095     0.0806    97.4981     0.0010     4.5507   21.68444    1.48665     64.673    26.6165    26.6116    1477.73          0      14716          1  0.000e+00
  430268903    110.292    111.260   3.402897   3.402201    33.9182    33.9119     6.6403     6.6389     6.6304     6.6290     2.7204     0.8071     0.0818    97.4720     0.0010     4.5495   21.75911    1.49177     64.895    26.6164    26.6116    1477.73          0      14717          1  0.000e+00
  430268903    110.305    111.273   3.402950   3.402221    33.9193    33.9121     6.6398     6.6389     6.6299     6.6290     2.7204     0.8083     0.0818    97.4720     0.0010     4.5495   21.76613    1.49225     64.916    26.6173    26.6117    1477.73          0      14718          1  0.000e+00
  430268903    110.305    111.273   3.402884   3.402234    33.9182    33.9122     6.6401     6.6389     6.6302     6.6290     2.7204     0.8083     0.0818    97.4981     0.0010     4.5507   21.71775    1.48894     64.772    26.6164    26.6119    1477.73          0      14719          1  0.000e+00
  430268903    110.249    111.216   3.402936   3.402253    33.9187    33.9124     6.6402     6.6389     6.6304     6.6290     2.7192     0.8071     0.0806    97.4720     0.0010     4.5495   21.71262    1.48857     64.756    26.6168    26.6120    1477.73          0      14720          1  0.000e+00
  430269027     91.568     92.367   3.398522   3.397776    33.8029    33.7955     6.7174     6.7165     6.7092     6.7083     2.8242     0.8144     0.0794    98.4922     0.0006     4.5971   18.66060    1.27803     55.603    26.5150    26.5093    1477.57          0      17686          2  0.000e+00
  430269027     91.605     92.405   3.398542   3.397795    33.8028    33.7956     6.7177     6.7166     6.7095     6.7084     2.8242     0.8132     0.0806    98.4922     0.0006     4.5971   18.60550    1.27425     55.438    26.5149    26.5093    1477.58          0      17687          2  0.000e+00
  430269027     91.568     92.367   3.398529   3.397802    33.8027    33.7954     6.7177     6.7170     6.7094     6.7088     2.8242     0.8132     0.0806    98.4922     0.0006     4.5971   18.67339    1.27890     55.641    26.5148    26.5091    1477.57          0      17688          2  0.000e+00
  430269027     91.518     92.317   3.398522   3.397783    33.8023    33.7956     6.7180     6.7165     6.7098     6.7083     2.8242     0.8144     0.0794    98.4922     0.0006     4.5971   18.67424    1.27895     55.643    26.5144    26.5094    1477.57          0      17689          2  0.000e+00
