ROS/FK009A_CTD011_20130820.ros
* Sea-Bird SBE 9 Data File:
* FileName = C:\Falkor-Data-2013\FK009A\CTD\FK009A_CTD011_20130820.hex
* Software Version Seasave V 7.21f
* Temperature SN = 5483
* Conductivity SN = 3916
* Number of Bytes Per Scan = 41
* Number of Voltage Words = 4
* Number of Scans Averaged by the Deck Unit = 1
* NMEA Latitude = 48 13.95 N
* NMEA Longitude = 126 11.50 W
* NMEA UTC (Time) = Aug 20 2013 09:04:09
* NMEA baud rate = 4800
** Ship: RV Falkor
** Station: BCC7
** Operator: CP
# nquan = 27
# nvalues = 1176                                  
# units = specified
# name 0 = timeQ: Time, NMEA [seconds]
# name 1 = depSM: Depth [salt water, m]
# name 2 = prDM: Pressure, Digiquartz [db]
# name 3 = c0S/m: Conductivity [S/m]
# name 4 = c1S/m: Conductivity, 2 [S/m]
# name 5 = sal00: Salinity, Practical [PSU]
# name 6 = sal11: Salinity, Practical, 2 [PSU]
# name 7 = t090C: Temperature [ITS-90, deg C]
# name 8 = t190C: Temperature, 2 [ITS-90, deg C]
# name 9 = potemp090C: Potential Temperature [ITS-90, deg C]
# name 10 = potemp190C: Potential Temperature, 2 [ITS-90, deg C]
# name 11 = v2: Voltage 2
# name 12 = v3: Voltage 3
# name 13 = v0: Voltage 0
# name 14 = CStarTr0: Beam Transmission, WET Labs C-Star [%]
# name 15 = CStarAt0: Beam Attenuation, WET Labs C-Star [1/m]
# name 16 = v5: Voltage 5
# name 17 = sbeox0PS: Oxygen, SBE 43 [% saturation]
# name 18 = sbeox0ML/L: Oxygen, SBE 43 [ml/l]
# name 19 = sbeox0Mm/Kg: Oxygen, SBE 43 [umol/Kg]
# name 20 = sigma-é00: Density [sigma-theta, Kg/m^3]
# name 21 = sigma-é11: Density, 2 [sigma-theta, Kg/m^3]
# name 22 = svCM: Sound Velocity [Chen-Millero, m/s]
# name 23 = modError: Modulo Error Count
# name 24 = scan: Scan Count
# name 25 = nbf: Bottles Fired
# name 26 = flag:  0.000e+00
# interval = seconds: 0.0416667
# start_time = Aug 20 2013 09:04:10 [NMEA time, first data scan]
# bad_flag = -9.990e-29
*END*
[from data line 484]
  430309854    301.268    304.047   3.347295   3.347085    33.9714    33.9700     5.8678     5.8669     5.8422     5.8413     2.7485     0.7534     0.0781   100.5589    -0.0002     4.6935   21.29586    1.48595     64.633    26.7596    26.7586    1477.90          8     124860         10  0.000e+00
  430309854    301.318    304.098   3.347309   3.347124    33.9716    33.9706     5.8678     5.8667     5.8422     5.8411     2.7485     0.7521     0.0781   100.5589    -0.0002     4.6935   21.30205    1.48638     64.652    26.7597    26.7590    1477.91          8     124861         10  0.000e+00
  430309854    301.312    304.092   3.347341   3.347092    33.9719    33.9701     5.8678     5.8669     5.8422     5.8413     2.7485     0.7534     0.0781   100.5850    -0.0002     4.6947   21.23745    1.48187     64.455    26.7600    26.7586    1477.91          8     124862         10  0.000e+00
  430309854    301.362    304.142   3.347328   3.347124    33.9718    33.9704     5.8678     5.8669     5.8422     5.8413     2.7485     0.7534     0.0781   100.5850    -0.0002     4.6947   21.29997    1.48623     64.645    26.7598    26.7589    1477.91          8     124863         10  0.000e+00
  430309854    301.362    304.142   3.347341   3.347092    33.9719    33.9701     5.8679     5.8669     5.8423     5.8413     2.7485     0.7534     0.0781   100.5850    -0.0002     4.6947   21.29117    1.48562     64.618    26.7599    26.7586    1477.91          8     124864         10  0.000e+00
  430309854    301.362    304.142   3.347322   3.347098    33.9717    33.9701     5.8678     5.8669     5.8422     5.8413     2.7485     0.7546     0.0781   100.5850    -0.0002     4.6947   21.21119    1.48004     64.376    26.7598    26.7586    1477.91          8     124865         10  0.000e+00
  430310000    247.626    249.878   3.380575   3.380419    33.9469    33.9458     6.2927     6.2921     6.2710     6.2704     2.5714     0.7827     0.0769   100.5327    -0.0002     4.6923   26.59676    1.83782     79.944    26.6860    26.6852    1478.67          8     128377         11  0.000e+00
  430310000    247.595    249.847   3.380595   3.380419    33.9473    33.9458     6.2926     6.2921     6.2708     6.2704     2.5714     0.7827     0.0769   100.5327    -0.0002     4.6923   26.59772    1.83789     79.947    26.6863    26.6852    1478.67          8     128378         11  0.000e+00
  430310000    247.576    249.828   3.380588   3.380438    33.9468    33.9463     6.2930     6.2918     6.2713     6.2701     2.5714     0.7839     0.0769   100.5327    -0.0002     4.6923   26.61139    1.83882     79.987    26.6859    26.6857    1478.67          8     128379         11  0.000e+00
  430310000    247.626    249.878   3.380621   3.380425    33.9472    33.9460     6.2929     6.2919     6.2712     6.2702     2.5714     0.7839     0.0769   100.5327    -0.0002     4.6923   26.61210    1.83887     79.989    26.6863    26.6854    1478.67          8     128380         11  0.000e+00
  430310000    247.626    249.878   3.392536   3.380374    34.0799    33.9456     6.2932     6.2918     6.2714     6.2700     2.5714     0.7827     0.0769   100.5327    -0.0002     4.6923   26.54297    1.83247     79.703    26.7910    26.6851    1478.84          8     128381         11  0.000e+00
  430310000    247.576    249.828   3.372714   3.380399    33.8585    33.9459     6.2935     6.2918     6.2718     6.2701     2.5714     0.7814     0.0769   100.5327    -0.0002     4.6923   26.53008    1.83425     79.794    26.6161    26.6853    1478.56          8     128382         11  0.000e+00
  430310001    247.626    249.878   3.376699   3.380399    33.9032    33.9460     6.2932     6.2916     6.2714     6.2699     2.5714     0.7827     0.0769   100.5327    -0.0002     4.6923   26.51757    1.83286     79.731    26.6515    26.6855    1478.62          8     128383         11  0.000e+00
  430310001    247.639    249.891   3.380601   3.380342    33.9470    33.9454     6.2929     6.2916     6.2712     6.2699     2.5714     0.7827     0.0769   100.5327    -0.0002     4.6923   26.57404    1.83624     79.875    26.6861    26.6850    1478.67          8     128384         11  0.000e+00
  430310001    247.576    249.828   3.380628   3.380329    33.9472    33.9456     6.2930     6.2913     6.2713     6.2696     2.5726     0.7827     0.0769   100.5327    -0.0002     4.6923   26.50418    1.83141     79.665    26.6862    26.6852    1478.67          8     128385         11  0.000e+00
  430310001    247.627    249.878   3.380634   3.380348    33.9471    33.9456     6.2932     6.2915     6.2714     6.2697     2.5726     0.7814     0.0757   100.5327    -0.0002     4.6923   26.57345    1.83619     79.873    26.6861    26.6852    1478.67          8     128386         11  0.000e+00
  430310001    247.670    249.923   3.380595   3.380354    33.9466    33.9455     6.2932     6.2916     6.2714     6.2699     2.5726     0.7839     0.0757   100.5327    -0.0002     4.6923   26.59953    1.83799     79.951    26.6858    26.6851    1478.67          8     128387         11  0.000e+00
  430310001    247.576    249.828   3.380437   3.380354    33.9467    33.9455     6.2914     6.2916     6.2697     6.2699     2.5726     0.7827     0.0769   100.5327    -0.0002     4.6923   26.61253    1.83897     79.994    26.6860    26.6851    1478.66          8     128388         11  0.000e+00
  430310001    247.627    249.878   3.380325   3.380335    33.9469    33.9456     6.2898     6.2913     6.2681     6.2696     2.5714     0.7814     0.0769   100.5327    -0.0002     4.6923   26.62602    1.83996     80.037    26.6864    26.6852    1478.66          8     128389         11  0.000e+00
  430310001    247.670    249.923   3.380232   3.380348    33.9462    33.9460     6.2895     6.2910     6.2678     6.2693     2.5714     0.7827     0.0769   100.5327    -0.0002     4.6923   26.63942    1.84091     80.078    26.6859    26.6856    1478.66          8     128390         11  0.000e+00
  430310001    247.595    249.847   3.380252   3.380265    33.9477    33.9456     6.2883     6.2905     6.2666     6.2688     2.5726     0.7827     0.0769   100.5327    -0.0002     4.6923   26.65246    1.84185     80.119    26.6872    26.6853    1478.65          8     128391         11  0.000e+00
  430310001    247.670    249.923   3.380199   3.380136    33.9469    33.9459     6.2884     6.2888     6.2667     6.2671     2.5726     0.7814     0.0769   100.5327    -0.0002     4.6923   26.59682    1.83801     79.952    26.6866    26.6857    1478.65          8     128392         11  0.000e+00
  430310001    247.627    249.879   3.380199   3.380136    33.9470    33.9459     6.2884     6.2888     6.2667     6.2670     2.5726     0.7814     0.0757   100.5327    -0.0002     4.6923   26.59773    1.83807     79.954    26.6866    26.6858    1478.65          8     128393         11  0.000e+00
  430310001    247.670    249.923   3.380140   3.380207    33.9468    33.9456     6.2879     6.2899     6.2662     6.2682     2.5726     0.7814     0.0757   100.5327    -0.0002     4.6923   26.59949    1.83821     79.961    26.6865    26.6853    1478.65          8     128394         11  0.000e+00
  430310001    247.627    249.879   3.380120   3.380277    33.9470    33.9454     6.2875     6.2908     6.2657     6.2691     2.5714     0.7827     0.0769   100.5327    -0.0002     4.6923   26.58826    1.83745     79.928    26.6868    26.6851    1478.65          8     128395         11  0.000e+00
  430310001    247.720    249.973   3.380041   3.380271    33.9468    33.9453     6.2868     6.2908     6.2651     6.2691     2.5726     0.7827     0.0757   100.5327    -0.0002     4.6923   26.65985    1.84243     80.144    26.6867    26.6850    1478.65          8     128396         11  0.000e+00
  430310001    247.639    249.891   3.380002   3.380284    33.9468    33.9453     6.2864     6.2910     6.2647     6.2693     2.5726     0.7839     0.0757   100.5327    -0.0002     4.6923   26.59207    1.83777     79.941    26.6868    26.6850    1478.65          8     128397         11  0.000e+00
  430310001    247.670    249.923   3.379969   3.380136    33.9471    33.9449     6.2857     6.2897     6.2640     6.2680     2.5726     0.7839     0.0757   100.5327    -0.0002     4.6923   26.58110    1.83703     79.909    26.6871    26.6849    1478.64          8     128398         11  0.000e+00
  430310001    247.670    249.923   3.379982   3.379989    33.9472    33.9450     6.2857     6.2880     6.2640     6.2662     2.5726     0.7827     0.0769   100.5327    -0.0002     4.6923   26.56998    1.83626     79.876    26.6872    26.6852    1478.64          8     128399         11  0.000e+00
  430310001    247.670    249.923   3.379949   3.379937    33.9468    33.9456     6.2857     6.2869     6.2640     6.2652     2.5726     0.7827     0.0769   100.5327    -0.0002     4.6923   26.55886    1.83550     79.843    26.6869    26.6857    1478.64          8     128400         11  0.000e+00
  430310001    247.720    249.973   3.379995   3.379835    33.9475    33.9451     6.2856     6.2862     6.2638     6.2645     2.5714     0.7814     0.0769   100.5327    -0.0002     4.6923   26.54793    1.83474     79.810    26.6874    26.6854    1478.64          8     128401         11  0.000e+00
  430310001    247.670    249.923   3.379955   3.379758    33.9471    33.9451     6.2856     6.2853     6.2638     6.2636     2.5726     0.7827     0.0781   100.5327    -0.0002     4.6923   26.54987    1.83488     79.816    26.6871    26.6856    1478.64          8     128402         11  0.000e+00
  430310001    247.720    249.973   3.379936   3.379726    33.9472    33.9454     6.2852     6.2847     6.2635     6.2630     2.5726     0.7827     0.0781   100.5327    -0.0002     4.6923   26.53948    1.83418     79.785    26.6872    26.6858    1478.64          8     128403         11  0.000e+00
  430310001    247.689    249.942   3.379883   3.379713    33.9467    33.9453     6.2851     6.2846     6.2633     6.2629     2.5726     0.7827     0.0781   100.5327    -0.0002     4.6923   26.59791    1.83823     79.961    26.6869    26.6858    1478.64          8     128404         11  0.000e+00
  430310001    247.720    249.973   3.379890   3.379713    33.9473    33.9455     6.2846     6.2844     6.2629     6.2627     2.5726     0.7839     0.0769   100.5327    -0.0002     4.6923   26.59963    1.83836     79.967    26.6874    26.6860    1478.64          8     128405         11  0.000e+00
  430310001    247.720    249.973   3.379903   3.379713    33.9471    33.9457     6.2849     6.2842     6.2632     6.2625     2.5726     0.7827     0.0781   100.5327    -0.0002     4.6923   26.53155    1.83364     79.762    26.6872    26.6862    1478.64          8     128406         11  0.000e+00
  430310002    247.764    250.018   3.379942   3.379687    33.9474    33.9454     6.2851     6.2842     6.2633     6.2624     2.5726     0.7814     0.0781   100.5327    -0.0002     4.6923   26.53328    1.83375     79.767    26.6874    26.6860    1478.64          8     128407         11  0.000e+00
  430310002    247.720    249.973   3.379942   3.379681    33.9472    33.9458     6.2852     6.2838     6.2635     6.2620     2.5726     0.7839     0.0781   100.5327    -0.0002     4.6923   26.53524    1.83388     79.772    26.6872    26.6863    1478.64          8     128408         11  0.000e+00
  430310002    247.764    250.018   3.379975   3.379662    33.9473    33.9455     6.2856     6.2838     6.2638     6.2621     2.5726     0.7827     0.0781   100.5327    -0.0002     4.6923   26.53802    1.83406     79.780    26.6872    26.6861    1478.65          8     128409         11  0.000e+00
  430310002    247.733    249.986   3.379250   3.379655    33.9388    33.9453     6.2859     6.2839     6.2642     6.2622     2.5726     0.7827     0.0781   100.5327    -0.0002     4.6923   26.59695    1.83822     79.962    26.6805    26.6859    1478.64          8     128410         11  0.000e+00
  430310002    247.720    249.973   3.380536   3.379629    33.9530    33.9451     6.2860     6.2839     6.2643     6.2622     2.5714     0.7839     0.0781   100.5327    -0.0002     4.6923   26.52990    1.83341     79.751    26.6917    26.6857    1478.65          8     128411         11  0.000e+00
  430310002    247.764    250.018   3.380272   3.379642    33.9499    33.9454     6.2862     6.2836     6.2645     6.2619     2.5714     0.7839     0.0781   100.5327    -0.0002     4.6923   26.51946    1.83272     79.721    26.6892    26.6860    1478.65          8     128412         11  0.000e+00
  430310002    247.764    250.018   3.380021   3.379655    33.9467    33.9456     6.2866     6.2836     6.2649     6.2619     2.5714     0.7827     0.0781   100.5327    -0.0002     4.6923   26.57796    1.83678     79.898    26.6866    26.6862    1478.65          8     128413         11  0.000e+00
  430310002    247.764    250.018   3.380028   3.379655    33.9470    33.9457     6.2864     6.2835     6.2646     6.2618     2.5714     0.7814     0.0781   100.5327    -0.0002     4.6923   26.59280    1.83781     79.943    26.6869    26.6863    1478.65          8     128414         11  0.000e+00
  430310002    247.764    250.018   3.380021   3.379674    33.9465    33.9457     6.2868     6.2838     6.2651     6.2620     2.5714     0.7827     0.0781   100.5327    -0.0002     4.6923   26.60759    1.83882     79.987    26.6865    26.6862    1478.65          8     128415         11  0.000e+00
  430310002    247.808    250.062   3.380021   3.379681    33.9469    33.9459     6.2864     6.2836     6.2646     6.2619     2.5714     0.7827     0.0781   100.5327    -0.0002     4.6923   26.54024    1.83418     79.785    26.6869    26.6864    1478.65          8     128416         11  0.000e+00
  430310002    247.733    249.986   3.380002   3.379636    33.9468    33.9452     6.2864     6.2838     6.2646     6.2621     2.5726     0.7827     0.0781   100.5327    -0.0002     4.6923   26.59798    1.83818     79.959    26.6867    26.6859    1478.65          8     128417         11  0.000e+00
  430310002    247.764    250.018   3.380015   3.379668    33.9469    33.9456     6.2864     6.2838     6.2646     6.2620     2.5726     0.7814     0.0781   100.5327    -0.0002     4.6923   26.54326    1.83439     79.795    26.6868    26.6862    1478.65          8     128418         11  0.000e+00
  430310002    247.808    250.062   3.380094   3.379726    33.9475    33.9455     6.2866     6.2845     6.2649     6.2628     2.5714     0.7814     0.0781   100.5589    -0.0002     4.6935   26.54551    1.83453     79.800    26.6873    26.6859    1478.65          8     128419         11  0.000e+00
  430310002    247.764    250.018   3.380140   3.379719    33.9470    33.9456     6.2876     6.2843     6.2659     6.2626     2.5726     0.7814     0.0781   100.5327    -0.0002     4.6923   26.54795    1.83466     79.806    26.6868    26.6861    1478.65          8     128420         11  0.000e+00
  430310002    247.808    250.062   3.380193   3.379764    33.9471    33.9456     6.2881     6.2848     6.2664     6.2631     2.5726     0.7814     0.0781   100.5589    -0.0002     4.6935   26.62037    1.83964     80.023    26.6868    26.6860    1478.66          8     128421         11  0.000e+00
  430310002    247.720    249.973   3.380213   3.379777    33.9469    33.9457     6.2886     6.2850     6.2669     6.2632     2.5726     0.7814     0.0769   100.5327    -0.0002     4.6923   26.62268    1.83979     80.029    26.6866    26.6861    1478.66          8     128422         11  0.000e+00
