ROS/FK009A_CTD018_20130821.ros
* Sea-Bird SBE 9 Data File:
* FileName = C:\Falkor-Data-2013\FK009A\CTD\FK009A_CTD018_20130821.hex
* Software Version Seasave V 7.21f
* Temperature SN = 5483
* Conductivity SN = 3916
* Number of Bytes Per Scan = 41
* Number of Voltage Words = 4
* Number of Scans Averaged by the Deck Unit = 1
* NMEA Latitude = 48 36.44 N
* NMEA Longitude = 125 53.99 W
* NMEA UTC (Time) = Aug 21 2013 03:21:12
* NMEA baud rate = 4800
** Ship: RV Falkor
** Station: LC06
** Operator: CP
# nquan = 27
# nvalues = 343                                   
# units = specified
# name 0 = timeQ: Time, NMEA [seconds]
# name 1 = depSM: Depth [salt water, m]
# name 2 = prDM: Pressure, Digiquartz [db]
# name 3 = c0S/m: Conductivity [S/m]
# name 4 = c1S/m: Conductivity, 2 [S/m]
# name 5 = sal00: Salinity, Practical [PSU]
# name 6 = sal11: Salinity, Practical, 2 [PSU]
# name 7 = t090C: Temperature [ITS-90, deg C]
# name 8 = t190C: Temperature, 2 [ITS-90, deg C]
# name 9 = potemp090C: Potential Temperature [ITS-90, deg C]
# name 10 = potemp190C: Potential Temperature, 2 [ITS-90, deg C]
# name 11 = v2: Voltage 2
# name 12 = v3: Voltage 3
# name 13 = v0: Voltage 0
# name 14 = CStarTr0: Beam Transmission, WET Labs C-Star [%]
# name 15 = CStarAt0: Beam Attenuation, WET Labs C-Star [1/m]
# name 16 = v5: Voltage 5
# name 17 = sbeox0PS: Oxygen, SBE 43 [% saturation]
# name 18 = sbeox0ML/L: Oxygen, SBE 43 [ml/l]
# name 19 = sbeox0Mm/Kg: Oxygen, SBE 43 [umol/Kg]
# name 20 = sigma-é00: Density [sigma-theta, Kg/m^3]
# name 21 = sigma-é11: Density, 2 [sigma-theta, Kg/m^3]
# name 22 = svCM: Sound Velocity [Chen-Millero, m/s]
# name 23 = modError: Modulo Error Count
# name 24 = scan: Scan Count
# name 25 = nbf: Bottles Fired
# name 26 = flag:  0.000e+00
# interval = seconds: 0.0416667
# start_time = Aug 21 2013 03:21:12 [NMEA time, first data scan]
# bad_flag = -9.990e-29
*END*
[from data line 108]
  430371152     51.110     51.552   3.434539   3.434417    33.6818    33.6808     7.2642     7.2639     7.2594     7.2591     0.0000     0.0000     0.0794    99.6694     0.0001     4.6520   38.25327    2.58928    112.669    26.3446    26.3439    1478.88          2      16319          3  0.000e+00
  430371152     51.110     51.552   3.434466   3.434340    33.6814    33.6810     7.2637     7.2628     7.2590     7.2580     0.0000     0.0000     0.0794    99.6956     0.0001     4.6532   38.24952    2.58906    112.660    26.3445    26.3442    1478.87          2      16320          3  0.000e+00
  430371153     51.173     51.615   3.434472   3.434340    33.6820    33.6813     7.2633     7.2624     7.2585     7.2577     0.0000     0.0000     0.0806    99.6956     0.0001     4.6532   38.24607    2.58885    112.650    26.3449    26.3445    1478.87          2      16321          3  0.000e+00
  430371153     51.067     51.508   3.434466   3.434314    33.6821    33.6809     7.2631     7.2626     7.2583     7.2578     0.0000     0.0000     0.0806    99.6956     0.0001     4.6532   38.24178    2.58857    112.638    26.3451    26.3442    1478.87          2      16322          3  0.000e+00
  430371153     51.160     51.602   3.434479   3.434314    33.6822    33.6810     7.2631     7.2625     7.2583     7.2577     0.0000     0.0000     0.0806    99.6694     0.0001     4.6520   38.23846    2.58834    112.628    26.3451    26.3443    1478.87          2      16323          3  0.000e+00
  430371153     51.110     51.552   3.434506   3.434340    33.6822    33.6815     7.2634     7.2623     7.2586     7.2575     0.0000     0.0000     0.0794    99.7217     0.0001     4.6545   38.23440    2.58805    112.615    26.3451    26.3447    1478.87          2      16324          3  0.000e+00
  430371153     51.173     51.615   3.434519   3.434365    33.6820    33.6810     7.2637     7.2631     7.2590     7.2583     0.0000     0.0000     0.0794    99.7479     0.0001     4.6557   38.24273    2.58859    112.639    26.3449    26.3442    1478.87          2      16325          3  0.000e+00
  430371153     51.160     51.602   3.434545   3.434372    33.6813    33.6812     7.2647     7.2630     7.2599     7.2582     0.0000     0.0000     0.0794    99.7479     0.0001     4.6557   38.25112    2.58912    112.662    26.3443    26.3443    1478.88          2      16326          3  0.000e+00
  430371153     51.110     51.552   3.434526   3.434353    33.6805    33.6805     7.2653     7.2634     7.2606     7.2586     0.0000     0.0000     0.0806    99.7479     0.0001     4.6557   38.24800    2.58888    112.652    26.3435    26.3438    1478.88          2      16327          3  0.000e+00
  430371153     51.160     51.602   3.434559   3.434346    33.6809    33.6803     7.2653     7.2636     7.2606     7.2588     0.0000     0.0000     0.0806    99.7479     0.0001     4.6557   38.31158    2.59318    112.839    26.3438    26.3436    1478.88          2      16328          3  0.000e+00
  430371153     51.173     51.615   3.434559   3.434365    33.6810    33.6805     7.2652     7.2636     7.2604     7.2588     0.0000     0.0000     0.0794    99.7217     0.0001     4.6545   38.33151    2.59453    112.898    26.3439    26.3437    1478.88          2      16329          3  0.000e+00
  430371153     51.160     51.602   3.434526   3.434353    33.6804    33.6809     7.2655     7.2630     7.2607     7.2582     0.0000     0.0000     0.0794    99.7479     0.0001     4.6557   38.27330    2.59059    112.726    26.3434    26.3442    1478.88          2      16330          3  0.000e+00
  430371153     51.160     51.602   3.434612   3.434340    33.6804    33.6809     7.2665     7.2629     7.2617     7.2581     0.0000     0.0000     0.0806    99.7217     0.0001     4.6545   38.26993    2.59030    112.714    26.3432    26.3441    1478.88          2      16331          3  0.000e+00
  430371153     51.160     51.602   3.434665   3.434340    33.6798    33.6806     7.2676     7.2632     7.2628     7.2584     0.0000     0.0000     0.0794    99.7479     0.0001     4.6557   38.26654    2.59001    112.701    26.3427    26.3438    1478.89          2      16332          3  0.000e+00
  430371153     51.173     51.615   3.434698   3.434346    33.6794    33.6804     7.2684     7.2635     7.2636     7.2587     0.0000     0.0000     0.0794    99.7479     0.0001     4.6557   38.26324    2.58975    112.690    26.3422    26.3437    1478.89          2      16333          3  0.000e+00
  430371153     51.204     51.647   3.434731   3.434346    33.6791    33.6803     7.2690     7.2636     7.2642     7.2588     0.0000     0.0000     0.0794    99.7479     0.0001     4.6557   38.26005    2.58950    112.679    26.3419    26.3435    1478.89          2      16334          3  0.000e+00
  430371153     51.160     51.602   3.434711   3.434365    33.6785    33.6800     7.2695     7.2640     7.2647     7.2592     0.0000     0.0000     0.0794    99.7479     0.0001     4.6557   38.20214    2.58557    112.508    26.3413    26.3433    1478.89          2      16335          3  0.000e+00
  430371153     51.160     51.602   3.434731   3.434372    33.6790    33.6798     7.2692     7.2644     7.2644     7.2596     0.0000     0.0000     0.0781    99.7479     0.0001     4.6557   38.26644    2.58993    112.697    26.3418    26.3430    1478.89          2      16336          3  0.000e+00
  430371153     51.216     51.659   3.434711   3.434378    33.6791    33.6796     7.2689     7.2646     7.2641     7.2599     0.0000     0.0000     0.0781    99.7479     0.0001     4.6557   38.33101    2.59432    112.888    26.3419    26.3428    1478.89          2      16337          3  0.000e+00
  430371153     51.160     51.602   3.434724   3.434424    33.6794    33.6801     7.2687     7.2646     7.2639     7.2599     0.0000     0.0000     0.0781    99.7479     0.0001     4.6557   38.33973    2.59491    112.914    26.3422    26.3433    1478.89          2      16338          3  0.000e+00
  430371153     51.160     51.602   3.434758   3.434417    33.6793    33.6802     7.2692     7.2645     7.2644     7.2597     0.0000     0.0000     0.0769    99.7479     0.0001     4.6557   38.28205    2.59098    112.743    26.3420    26.3433    1478.89          2      16339          3  0.000e+00
  430371153     51.204     51.647   3.434764   3.434404    33.6787    33.6802     7.2698     7.2642     7.2650     7.2595     0.0000     0.0000     0.0781    99.7217     0.0001     4.6545   38.27938    2.59077    112.734    26.3415    26.3434    1478.89          2      16340          3  0.000e+00
  430371153     51.216     51.659   3.434718   3.434385    33.6784    33.6798     7.2697     7.2645     7.2649     7.2597     0.0000     0.0000     0.0781    99.7479     0.0001     4.6557   38.34279    2.59508    112.922    26.3412    26.3430    1478.89          2      16341          3  0.000e+00
  430371153     51.160     51.602   3.434724   3.434398    33.6788    33.6799     7.2693     7.2645     7.2646     7.2597     0.0000     0.0000     0.0781    99.7217     0.0001     4.6545   38.33875    2.59481    112.910    26.3416    26.3432    1478.89          2      16342          3  0.000e+00
  430371153     51.204     51.647   3.434691   3.434430    33.6789    33.6799     7.2689     7.2649     7.2641     7.2601     0.0000     0.0000     0.0781    99.7479     0.0001     4.6557   38.34609    2.59534    112.933    26.3417    26.3431    1478.89          2      16343          3  0.000e+00
  430371153     51.204     51.647   3.434738   3.434462    33.6790    33.6803     7.2692     7.2648     7.2644     7.2600     0.0000     0.0000     0.0781    99.7217     0.0001     4.6545   38.28652    2.59128    112.757    26.3418    26.3434    1478.89          2      16344          3  0.000e+00
  430371153     51.173     51.615   3.434811   3.434417    33.6792    33.6798     7.2698     7.2648     7.2650     7.2600     0.0000     0.0000     0.0781    99.7217     0.0001     4.6545   38.28160    2.59091    112.740    26.3419    26.3431    1478.89          2      16345          3  0.000e+00
  430371153     51.204     51.647   3.434831   3.434404    33.6790    33.6798     7.2703     7.2646     7.2655     7.2599     0.0000     0.0000     0.0781    99.7217     0.0001     4.6545   38.27699    2.59057    112.726    26.3416    26.3431    1478.90          2      16346          3  0.000e+00
  430371153     51.204     51.647   3.434811   3.434430    33.6783    33.6802     7.2708     7.2645     7.2660     7.2598     0.0000     0.0000     0.0781    99.7217     0.0001     4.6545   38.27223    2.59024    112.711    26.3410    26.3434    1478.90          2      16347          3  0.000e+00
  430371153     51.204     51.647   3.434824   3.434443    33.6784    33.6806     7.2708     7.2643     7.2660     7.2596     0.0000     0.0000     0.0769    99.7217     0.0001     4.6545   38.33367    2.59439    112.892    26.3411    26.3437    1478.90          2      16348          3  0.000e+00
  430371153     51.173     51.615   3.434850   3.434411    33.6787    33.6801     7.2708     7.2645     7.2660     7.2597     0.0000     0.0000     0.0781    99.7217     0.0001     4.6545   38.33966    2.59479    112.909    26.3413    26.3433    1478.90          2      16349          3  0.000e+00
  430371153     51.204     51.647   3.434864   3.434404    33.6785    33.6802     7.2711     7.2642     7.2663     7.2595     0.0000     0.0000     0.0781    99.7479     0.0001     4.6557   38.27930    2.59069    112.731    26.3412    26.3434    1478.90          2      16350          3  0.000e+00
  430371154     51.254     51.697   3.434811   3.434385    33.6779    33.6799     7.2711     7.2643     7.2663     7.2595     0.0000     0.0000     0.0781    99.7217     0.0001     4.6545   38.27388    2.59033    112.715    26.3407    26.3432    1478.90          2      16351          3  0.000e+00
  430371154     51.160     51.603   3.434817   3.434424    33.6776    33.6804     7.2716     7.2643     7.2668     7.2596     0.0000     0.0000     0.0781    99.7479     0.0001     4.6557   38.27953    2.59069    112.731    26.3403    26.3435    1478.90          2      16352          3  0.000e+00
  430371154     51.216     51.659   3.434831   3.434462    33.6777    33.6806     7.2716     7.2645     7.2668     7.2598     0.0000     0.0000     0.0781    99.7479     0.0001     4.6557   38.22026    2.58668    112.556    26.3404    26.3437    1478.90          2      16353          3  0.000e+00
  430371154     51.204     51.647   3.434811   3.434443    33.6775    33.6801     7.2716     7.2648     7.2668     7.2600     0.0000     0.0000     0.0769    99.7217     0.0001     4.6545   38.28258    2.59090    112.740    26.3403    26.3433    1478.90          2      16354          3  0.000e+00
  430371154     51.204     51.647   3.434751   3.434436    33.6768    33.6794     7.2716     7.2655     7.2668     7.2607     0.0000     0.0000     0.0781    99.7479     0.0001     4.6557   38.27880    2.59066    112.729    26.3398    26.3426    1478.90          2      16355          3  0.000e+00
  430371154     51.204     51.647   3.434804   3.434482    33.6776    33.6794     7.2714     7.2659     7.2666     7.2611     0.0000     0.0000     0.0781    99.7217     0.0001     4.6545   38.34119    2.59488    112.913    26.3404    26.3426    1478.90          2      16356          3  0.000e+00
  430371154     51.216     51.659   3.434778   3.434501    33.6771    33.6785     7.2716     7.2671     7.2668     7.2623     0.0000     0.0000     0.0781    99.7217     0.0001     4.6545   38.28217    2.59088    112.739    26.3400    26.3417    1478.90          2      16357          3  0.000e+00
  430371236     41.009     41.363   3.427302   3.427301    33.5736    33.5751     7.2995     7.2979     7.2957     7.2941     0.0000     0.0000     0.0781    99.5909     0.0002     4.6484   39.96058    2.70458    117.697    26.2545    26.2559    1478.71          2      18332          4  0.000e+00
  430371236     41.103     41.457   3.427149   3.427269    33.5715    33.5747     7.2999     7.2979     7.2960     7.2941     0.0000     0.0000     0.0794    99.5909     0.0002     4.6484   39.96998    2.70524    117.725    26.2528    26.2556    1478.71          2      18333          4  0.000e+00
  430371236     40.959     41.312   3.426990   3.427082    33.5696    33.5726     7.3002     7.2981     7.2963     7.2943     0.0000     0.0000     0.0781    99.5909     0.0002     4.6484   39.91261    2.70137    117.557    26.2512    26.2539    1478.71          2      18334          4  0.000e+00
  430371236     41.059     41.413   3.426877   3.426708    33.5679    33.5680     7.3006     7.2986     7.2967     7.2948     0.0000     0.0000     0.0794    99.5909     0.0002     4.6484   39.91215    2.70134    117.556    26.2499    26.2502    1478.71          2      18335          4  0.000e+00
  430371236     41.053     41.407   3.426692   3.426295    33.5658    33.5625     7.3007     7.2997     7.2968     7.2958     0.0000     0.0000     0.0794    99.5909     0.0002     4.6484   39.91212    2.70137    117.558    26.2482    26.2457    1478.70          2      18336          4  0.000e+00
  430371237     40.965     41.319   3.426592   3.426011    33.5645    33.5586     7.3010     7.3005     7.2972     7.2967     0.0000     0.0000     0.0781    99.5909     0.0002     4.6484   39.97862    2.70588    117.754    26.2471    26.2426    1478.70          2      18337          4  0.000e+00
  430371237     41.009     41.363   3.426599   3.425856    33.5644    33.5562     7.3011     7.3013     7.2973     7.2974     0.0000     0.0000     0.0781    99.5909     0.0002     4.6484   39.91374    2.70148    117.562    26.2470    26.2405    1478.70          2      18338          4  0.000e+00
  430371237     40.922     41.275   3.426679   3.425727    33.5656    33.5545     7.3008     7.3016     7.2970     7.2978     0.0000     0.0000     0.0794    99.5909     0.0002     4.6484   39.90343    2.70078    117.532    26.2480    26.2391    1478.70          2      18339          4  0.000e+00
  430371237     40.916     41.268   3.426745   3.425637    33.5662    33.5532     7.3010     7.3019     7.2972     7.2981     0.0000     0.0000     0.0794    99.5909     0.0002     4.6484   39.89398    2.70012    117.503    26.2484    26.2381    1478.70          2      18340          4  0.000e+00
  430371237     40.965     41.319   3.426526   3.425560    33.5636    33.5522     7.3011     7.3021     7.2973     7.2982     0.0000     0.0000     0.0781    99.5909     0.0002     4.6484   39.96308    2.70483    117.708    26.2464    26.2373    1478.70          2      18341          4  0.000e+00
  430371237     40.872     41.224   3.426029   3.425579    33.5573    33.5523     7.3021     7.3022     7.2983     7.2984     0.0000     0.0000     0.0781    99.5909     0.0002     4.6484   39.89933    2.70057    117.523    26.2413    26.2373    1478.70          2      18342          4  0.000e+00
  430371237     40.878     41.231   3.425678   3.425689    33.5530    33.5536     7.3026     7.3021     7.2988     7.2983     0.0000     0.0000     0.0794    99.5909     0.0002     4.6484   39.89133    2.70007    117.502    26.2378    26.2384    1478.69          2      18343          4  0.000e+00
  430371237     40.872     41.224   3.425406   3.425785    33.5490    33.5548     7.3037     7.3019     7.2999     7.2981     0.0000     0.0000     0.0794    99.5648     0.0002     4.6471   39.88371    2.69956    117.480    26.2345    26.2394    1478.69          2      18344          4  0.000e+00
  430371237     40.828     41.180   3.425141   3.425766    33.5456    33.5548     7.3042     7.3018     7.3004     7.2980     0.0000     0.0000     0.0781    99.5386     0.0002     4.6459   39.87639    2.69909    117.460    26.2318    26.2394    1478.69          2      18345          4  0.000e+00
