ROS/FK009A_CTD012_20130820.ros
* Sea-Bird SBE 9 Data File:
* FileName = C:\Falkor-Data-2013\FK009A\CTD\FK009A_CTD012_20130820.hex
* Software Version Seasave V 7.21f
* Temperature SN = 5483
* Conductivity SN = 3916
* Number of Bytes Per Scan = 41
* Number of Voltage Words = 4
* Number of Scans Averaged by the Deck Unit = 1
* NMEA Latitude = 48 14.97 N
* NMEA Longitude = 126 39.93 W
* NMEA UTC (Time) = Aug 20 2013 14:07:47
* NMEA baud rate = 4800
** Ship: RV Falkor
** Station: LC12
** Operator: Nathan Cunningham
# nquan = 27
# nvalues = 931                                   
# units = specified
# name 0 = timeQ: Time, NMEA [seconds]
# name 1 = depSM: Depth [salt water, m]
# name 2 = prDM: Pressure, Digiquartz [db]
# name 3 = c0S/m: Conductivity [S/m]
# name 4 = c1S/m: Conductivity, 2 [S/m]
# name 5 = sal00: Salinity, Practical [PSU]
# name 6 = sal11: Salinity, Practical, 2 [PSU]
# name 7 = t090C: Temperature [ITS-90, deg C]
# name 8 = t190C: Temperature, 2 [ITS-90, deg C]
# name 9 = potemp090C: Potential Temperature [ITS-90, deg C]
# name 10 = potemp190C: Potential Temperature, 2 [ITS-90, deg C]
# name 11 = v2: Voltage 2
# name 12 = v3: Voltage 3
# name 13 = v0: Voltage 0
# name 14 = CStarTr0: Beam Transmission, WET Labs C-Star [%]
# name 15 = CStarAt0: Beam Attenuation, WET Labs C-Star [1/m]
# name 16 = v5: Voltage 5
# name 17 = sbeox0PS: Oxygen, SBE 43 [% saturation]
# name 18 = sbeox0ML/L: Oxygen, SBE 43 [ml/l]
# name 19 = sbeox0Mm/Kg: Oxygen, SBE 43 [umol/Kg]
# name 20 = sigma-é00: Density [sigma-theta, Kg/m^3]
# name 21 = sigma-é11: Density, 2 [sigma-theta, Kg/m^3]
# name 22 = svCM: Sound Velocity [Chen-Millero, m/s]
# name 23 = modError: Modulo Error Count
# name 24 = scan: Scan Count
# name 25 = nbf: Bottles Fired
# name 26 = flag:  0.000e+00
# interval = seconds: 0.0416667
# start_time = Aug 20 2013 14:07:48 [NMEA time, first data scan]
# bad_flag = -9.990e-29
*END*
[from data line 860]
  430332156     19.384     19.550   3.875203   3.874657    32.0998    32.1081    13.9273    13.9114    13.9245    13.9087     1.4225     1.3370     0.2051    96.7657     0.0013     4.5165   96.86838    5.73640    250.192    23.9623    23.9719    1500.16          3     222908         18  0.000e+00
  430332156     19.341     19.506   3.875383   3.874515    32.0988    32.1050    13.9305    13.9136    13.9278    13.9108     1.4225     1.3382     0.2063    96.7657     0.0013     4.5165   96.77537    5.73055    249.938    23.9609    23.9691    1500.16          3     222909         18  0.000e+00
  430332156     19.434     19.600   3.875495   3.874238    32.1000    32.1024    13.9303    13.9136    13.9275    13.9108     1.4212     1.3382     0.2076    96.7657     0.0013     4.5165   96.74885    5.72897    249.868    23.9618    23.9671    1500.17          3     222910         18  0.000e+00
  430332156     19.478     19.644   3.875634   3.874468    32.1011    32.1037    13.9305    13.9145    13.9278    13.9118     1.4225     1.3394     0.2076    96.7657     0.0013     4.5165   96.73265    5.72794    249.823    23.9626    23.9679    1500.17          3     222911         18  0.000e+00
  430332156     19.478     19.644   3.876162   3.875422    32.1017    32.1105    13.9356    13.9169    13.9328    13.9141     1.4225     1.3394     0.2076    96.7657     0.0013     4.5165   96.71870    5.72650    249.761    23.9621    23.9727    1500.19          3     222912         18  0.000e+00
  430332156     19.571     19.738   3.876851   3.876242    32.1004    32.1135    13.9447    13.9223    13.9420    13.9196     1.4212     1.3382     0.2076    96.7918     0.0013     4.5177   96.70865    5.72488    249.691    23.9592    23.9739    1500.22          3     222913         18  0.000e+00
  430332157     19.559     19.726   3.877268   3.876106    32.0984    32.1096    13.9517    13.9255    13.9489    13.9228     1.4212     1.3394     0.2076    96.7657     0.0013     4.5165   96.70004    5.72363    249.637    23.9562    23.9702    1500.24          3     222914         18  0.000e+00
  430332157     19.615     19.782   3.877428   3.875449    32.0975    32.1031    13.9546    13.9260    13.9518    13.9232     1.4212     1.3382     0.2076    96.7918     0.0013     4.5177   96.69495    5.72303    249.611    23.9549    23.9651    1500.25          3     222915         18  0.000e+00
  430332157     19.665     19.833   3.877796   3.875314    32.0983    32.1022    13.9577    13.9255    13.9549    13.9228     1.4212     1.3394     0.2076    96.7657     0.0013     4.5165   96.68399    5.72199    249.566    23.9549    23.9645    1500.26          3     222916         18  0.000e+00
  430332157     19.708     19.877   3.878596   3.875734    32.0978    32.1048    13.9671    13.9270    13.9643    13.9242     1.4225     1.3382     0.2076    96.7657     0.0013     4.5165   96.61297    5.71671    249.336    23.9526    23.9662    1500.29          3     222917         18  0.000e+00
  430332157     19.752     19.921   3.879160   3.876302    32.0965    32.1076    13.9748    13.9300    13.9720    13.9272     1.4225     1.3382     0.2076    96.7657     0.0013     4.5165   96.59894    5.71503    249.263    23.9501    23.9678    1500.31          3     222918         18  0.000e+00
  430332157     19.802     19.971   3.879250   3.876472    32.0958    32.1059    13.9766    13.9338    13.9738    13.9310     1.4225     1.3382     0.2076    96.7918     0.0013     4.5177   96.53371    5.71098    249.087    23.9491    23.9657    1500.32          3     222919         18  0.000e+00
  430332157     19.846     20.015   3.879027   3.875233    32.0947    32.0944    13.9754    13.9339    13.9726    13.9312     1.4225     1.3382     0.2076    96.7918     0.0013     4.5177   96.51753    5.71020    249.053    23.9485    23.9567    1500.31          3     222920         18  0.000e+00
  430332157     19.889     20.059   3.878833   3.873256    32.0935    32.0812    13.9748    13.9278    13.9720    13.9250     1.4225     1.3370     0.2076    96.8180     0.0013     4.5189   96.50442    5.70955    249.025    23.9477    23.9478    1500.31          3     222921         18  0.000e+00
  430332157     19.939     20.109   3.878228   3.871781    32.0927    32.0747    13.9689    13.9194    13.9661    13.9166     1.4225     1.3370     0.2076    96.7918     0.0013     4.5177   96.50289    5.71016    249.051    23.9483    23.9445    1500.29          3     222922         18  0.000e+00
  430332157     20.033     20.204   3.874799   3.871334    32.0696    32.0763    13.9587    13.9124    13.9559    13.9096     1.4212     1.3382     0.2076    96.8180     0.0013     4.5189   96.50523    5.71231    249.149    23.9326    23.9472    1500.23          3     222923         18  0.000e+00
  430332157     20.020     20.191   3.874702   3.871936    32.0670    32.0852    13.9608    13.9084    13.9580    13.9056     1.4225     1.3370     0.2076    96.7918     0.0013     4.5177   96.50136    5.71193    249.133    23.9301    23.9549    1500.24          3     222924         18  0.000e+00
  430332157     20.120     20.292   3.877219   3.873263    32.0894    32.0967    13.9617    13.9093    13.9589    13.9064     1.4225     1.3370     0.2076    96.8180     0.0013     4.5189   96.50189    5.71106    249.091    23.9472    23.9636    1500.27          3     222925         18  0.000e+00
  430332157     20.120     20.292   3.877344   3.874190    32.0955    32.1025    13.9558    13.9125    13.9529    13.9097     1.4225     1.3370     0.2063    96.7918     0.0013     4.5177   96.49567    5.71117    249.094    23.9532    23.9674    1500.26          3     222926         18  0.000e+00
  430332157     20.170     20.342   3.876580   3.874136    32.0976    32.1002    13.9447    13.9147    13.9419    13.9119     1.4225     1.3370     0.2076    96.7918     0.0013     4.5177   96.49269    5.71220    249.138    23.9571    23.9651    1500.22          3     222927         18  0.000e+00
  430332157     20.257     20.430   3.876253   3.873662    32.1004    32.0962    13.9378    13.9142    13.9349    13.9114     1.4225     1.3370     0.2076    96.8180     0.0013     4.5189   96.43050    5.70922    249.008    23.9606    23.9622    1500.21          3     222928         18  0.000e+00
  430332157     20.307     20.480   3.876503   3.873365    32.1012    32.0944    13.9396    13.9131    13.9367    13.9102     1.4225     1.3382     0.2076    96.8180     0.0013     4.5189   96.42532    5.70868    248.984    23.9609    23.9610    1500.21          3     222929         18  0.000e+00
  430332277      5.730      5.779   4.086730   4.086524    31.9888    31.9879    16.3893    16.3882    16.3884    16.3873     1.4139     1.5238     0.0818    98.5184     0.0006     4.5983   94.07151    5.30725    231.615    23.3451    23.3447    1507.62          3     225796         19  0.000e+00
  430332277      5.799      5.848   4.086702   4.086476    31.9887    31.9876    16.3891    16.3881    16.3882    16.3872     1.4127     1.5238     0.0818    98.5184     0.0006     4.5983   94.07292    5.30735    231.619    23.3450    23.3444    1507.62          3     225797         19  0.000e+00
  430332277      5.799      5.848   4.086730   4.086455    31.9891    31.9875    16.3889    16.3879    16.3880    16.3870     1.4139     1.5238     0.0818    98.5184     0.0006     4.5983   94.07352    5.30739    231.621    23.3454    23.3444    1507.62          3     225798         19  0.000e+00
  430332277      5.780      5.829   4.086716   4.086462    31.9891    31.9878    16.3888    16.3877    16.3879    16.3868     1.4139     1.5250     0.0806    98.5184     0.0006     4.5983   94.06632    5.30700    231.604    23.3455    23.3447    1507.62          3     225799         19  0.000e+00
  430332277      5.755      5.804   4.086680   4.086455    31.9884    31.9878    16.3893    16.3875    16.3884    16.3866     1.4127     1.5226     0.0806    98.5184     0.0006     4.5983   94.12020    5.31001    231.735    23.3448    23.3448    1507.62          3     225800         19  0.000e+00
  430332277      5.874      5.923   4.086723   4.086490    31.9887    31.9876    16.3893    16.3881    16.3884    16.3872     1.4127     1.5238     0.0806    98.5184     0.0006     4.5983   94.05955    5.30658    231.585    23.3451    23.3445    1507.62          3     225801         19  0.000e+00
  430332277      5.799      5.848   4.086744   4.086497    31.9889    31.9879    16.3893    16.3879    16.3884    16.3870     1.4127     1.5238     0.0818    98.5184     0.0006     4.5983   94.05806    5.30648    231.581    23.3452    23.3447    1507.62          3     225802         19  0.000e+00
  430332277      5.824      5.873   4.086808   4.086497    31.9893    31.9876    16.3895    16.3882    16.3886    16.3873     1.4127     1.5238     0.0818    98.5184     0.0006     4.5983   94.05775    5.30643    231.579    23.3455    23.3444    1507.62          3     225803         19  0.000e+00
  430332277      5.849      5.898   4.086794   4.086497    31.9891    31.9878    16.3896    16.3880    16.3887    16.3871     1.4127     1.5238     0.0806    98.5184     0.0006     4.5983   94.04986    5.30598    231.559    23.3453    23.3446    1507.62          3     225804         19  0.000e+00
  430332277      5.824      5.873   4.086858   4.086524    31.9891    31.9879    16.3903    16.3882    16.3893    16.3873     1.4127     1.5250     0.0806    98.5184     0.0006     4.5983   94.04108    5.30542    231.535    23.3451    23.3446    1507.62          3     225805         19  0.000e+00
  430332277      5.849      5.898   4.086965   4.086531    31.9892    31.9879    16.3913    16.3882    16.3904    16.3873     1.4127     1.5238     0.0818    98.5184     0.0006     4.5983   94.04018    5.30526    231.528    23.3450    23.3447    1507.62          3     225806         19  0.000e+00
  430332277      5.874      5.923   4.086993   4.086511    31.9892    31.9877    16.3916    16.3882    16.3907    16.3873     1.4127     1.5238     0.0806    98.5184     0.0006     4.5983   93.97024    5.30128    231.354    23.3449    23.3445    1507.63          3     225807         19  0.000e+00
  430332277      5.892      5.942   4.087071   4.086497    31.9893    31.9876    16.3923    16.3882    16.3914    16.3873     1.4127     1.5238     0.0806    98.5184     0.0006     4.5983   94.02343    5.30420    231.482    23.3448    23.3444    1507.63          3     225808         19  0.000e+00
  430332277      5.874      5.923   4.087142   4.086497    31.9892    31.9876    16.3932    16.3882    16.3923    16.3873     1.4127     1.5250     0.0806    98.5184     0.0006     4.5983   94.02201    5.30403    231.475    23.3446    23.3444    1507.63          3     225809         19  0.000e+00
  430332277      5.892      5.942   4.087163   4.086580    31.9891    31.9879    16.3937    16.3888    16.3927    16.3878     1.4115     1.5250     0.0806    98.5184     0.0006     4.5983   94.02102    5.30394    231.470    23.3443    23.3445    1507.63          3     225810         19  0.000e+00
  430332277      5.892      5.942   4.087142   4.086601    31.9888    31.9881    16.3938    16.3888    16.3929    16.3878     1.4115     1.5250     0.0806    98.5184     0.0006     4.5983   94.01981    5.30386    231.467    23.3441    23.3447    1507.63          3     225811         19  0.000e+00
  430332277      5.917      5.967   4.087107   4.086601    31.9885    31.9880    16.3937    16.3889    16.3927    16.3880     1.4127     1.5250     0.0818    98.5184     0.0006     4.5983   94.01888    5.30383    231.466    23.3439    23.3446    1507.63          3     225812         19  0.000e+00
  430332277      5.892      5.942   4.087121   4.086580    31.9889    31.9875    16.3933    16.3892    16.3924    16.3883     1.4127     1.5250     0.0818    98.5184     0.0006     4.5983   94.01737    5.30377    231.463    23.3443    23.3442    1507.63          3     225813         19  0.000e+00
  430332277      5.874      5.923   4.087149   4.086614    31.9889    31.9882    16.3937    16.3888    16.3927    16.3878     1.4127     1.5250     0.0818    98.5184     0.0006     4.5983   94.01594    5.30365    231.458    23.3442    23.3448    1507.63          3     225814         19  0.000e+00
  430332277      5.936      5.986   4.087192   4.086635    31.9892    31.9880    16.3937    16.3892    16.3928    16.3883     1.4115     1.5238     0.0806    98.5184     0.0006     4.5983   94.01546    5.30361    231.456    23.3445    23.3445    1507.63          3     225815         19  0.000e+00
  430332277      5.917      5.967   4.087149   4.086670    31.9889    31.9881    16.3937    16.3894    16.3927    16.3885     1.4127     1.5250     0.0806    98.5184     0.0006     4.5983   93.95258    5.30008    231.302    23.3442    23.3446    1507.63          3     225816         19  0.000e+00
  430332277      5.936      5.986   4.087135   4.086670    31.9888    31.9882    16.3937    16.3894    16.3927    16.3884     1.4127     1.5238     0.0806    98.5184     0.0006     4.5983   93.94462    5.29964    231.283    23.3441    23.3446    1507.63          3     225817         19  0.000e+00
  430332278      5.917      5.967   4.087156   4.086642    31.9889    31.9882    16.3938    16.3891    16.3929    16.3881     1.4139     1.5238     0.0818    98.5184     0.0006     4.5983   93.93652    5.29916    231.262    23.3441    23.3447    1507.63          3     225818         19  0.000e+00
  430332278      5.986      6.037   4.087171   4.086559    31.9888    31.9877    16.3940    16.3888    16.3930    16.3878     1.4127     1.5238     0.0842    98.5184     0.0006     4.5983   93.99119    5.30223    231.396    23.3441    23.3444    1507.63          3     225819         19  0.000e+00
  430332278      5.917      5.967   4.087213   4.086559    31.9891    31.9878    16.3942    16.3886    16.3932    16.3876     1.4127     1.5238     0.0842    98.5184     0.0006     4.5983   93.99008    5.30214    231.392    23.3442    23.3445    1507.63          3     225820         19  0.000e+00
  430332278      5.936      5.986   4.087206   4.086587    31.9889    31.9879    16.3943    16.3888    16.3934    16.3878     1.4127     1.5226     0.0842    98.5184     0.0006     4.5983   93.99000    5.30212    231.391    23.3440    23.3446    1507.63          3     225821         19  0.000e+00
  430332278      5.917      5.967   4.087149   4.086580    31.9886    31.9876    16.3940    16.3891    16.3931    16.3881     1.4127     1.5238     0.0855    98.5184     0.0006     4.5983   93.98947    5.30213    231.392    23.3439    23.3443    1507.63          3     225822         19  0.000e+00
  430332278      5.936      5.986   4.087135   4.086594    31.9888    31.9880    16.3937    16.3888    16.3927    16.3878     1.4127     1.5238     0.0855    98.5184     0.0006     4.5983   93.98938    5.30216    231.393    23.3441    23.3446    1507.63          3     225823         19  0.000e+00
  430332278      5.936      5.986   4.087156   4.086621    31.9890    31.9880    16.3937    16.3891    16.3927    16.3881     1.4127     1.5238     0.0842    98.5184     0.0006     4.5983   93.98907    5.30214    231.392    23.3443    23.3445    1507.63          3     225824         19  0.000e+00
  430332278      5.917      5.967   4.087185   4.086670    31.9887    31.9879    16.3943    16.3897    16.3934    16.3888     1.4127     1.5238     0.0842    98.5184     0.0006     4.5983   93.98856    5.30205    231.388    23.3439    23.3443    1507.63          3     225825         19  0.000e+00
