ROS/FK009A_CTD035_20130827.ros
* Sea-Bird SBE 9 Data File:
* FileName = C:\Falkor-Data-2013\FK009A\CTD\FK009A_CTD034_20130827.hex
* Software Version Seasave V 7.21f
* Temperature SN = 5483
* Conductivity SN = 3916
* Number of Bytes Per Scan = 41
* Number of Voltage Words = 4
* Number of Scans Averaged by the Deck Unit = 1
* NMEA Latitude = 48 28.31 N
* NMEA Longitude = 125 19.44 W
* NMEA UTC (Time) = Aug 27 2013 00:14:51
* NMEA baud rate = 4800
** Ship: RV Falkor
** Station: MB07
** Operator: CP
# nquan = 27
# nvalues = 490                                   
# units = specified
# name 0 = timeQ: Time, NMEA [seconds]
# name 1 = depSM: Depth [salt water, m]
# name 2 = prDM: Pressure, Digiquartz [db]
# name 3 = c0S/m: Conductivity [S/m]
# name 4 = c1S/m: Conductivity, 2 [S/m]
# name 5 = sal00: Salinity, Practical [PSU]
# name 6 = sal11: Salinity, Practical, 2 [PSU]
# name 7 = t090C: Temperature [ITS-90, deg C]
# name 8 = t190C: Temperature, 2 [ITS-90, deg C]
# name 9 = potemp090C: Potential Temperature [ITS-90, deg C]
# name 10 = potemp190C: Potential Temperature, 2 [ITS-90, deg C]
# name 11 = v2: Voltage 2
# name 12 = v3: Voltage 3
# name 13 = v0: Voltage 0
# name 14 = CStarTr0: Beam Transmission, WET Labs C-Star [%]
# name 15 = CStarAt0: Beam Attenuation, WET Labs C-Star [1/m]
# name 16 = v5: Voltage 5
# name 17 = sbeox0PS: Oxygen, SBE 43 [% saturation]
# name 18 = sbeox0ML/L: Oxygen, SBE 43 [ml/l]
# name 19 = sbeox0Mm/Kg: Oxygen, SBE 43 [umol/Kg]
# name 20 = sigma-é00: Density [sigma-theta, Kg/m^3]
# name 21 = sigma-é11: Density, 2 [sigma-theta, Kg/m^3]
# name 22 = svCM: Sound Velocity [Chen-Millero, m/s]
# name 23 = modError: Modulo Error Count
# name 24 = scan: Scan Count
# name 25 = nbf: Bottles Fired
# name 26 = flag:  0.000e+00
# interval = seconds: 0.0416667
# start_time = Jan 01 2000 00:14:51 [NMEA time, first data scan]
# bad_flag = -9.990e-29
*END*
[from data line 430]
  430879522     10.703     10.794   3.567112   3.558124    32.6427    32.6582     9.8758     9.7578     9.8746     9.7566     0.0000     0.0000     0.3993    93.3649     0.0027     4.3578   66.10853    4.24967    185.137    25.1325    25.1639    1486.69         10      43899          9  0.000e+00
  430879522     10.641     10.732   3.566096   3.563408    32.6422    32.6958     9.8651     9.7758     9.8639     9.7746     0.0000     0.0000     0.3993    93.3649     0.0027     4.3578   66.13053    4.25209    185.243    25.1338    25.1903    1486.65         10      43900          9  0.000e+00
  430879522     10.653     10.744   3.565564   3.571316    32.6433    32.6878     9.8578     9.8734     9.8566     9.8722     0.0000     0.0000     0.3980    93.3649     0.0027     4.3578   66.03820    4.24680    185.012    25.1359    25.1680    1486.63         10      43901          9  0.000e+00
  430879522     10.610     10.700   3.567320   3.577984    32.6475    32.6494     9.8729     9.9906     9.8718     9.9894     0.0000     0.0000     0.3980    93.3649     0.0027     4.3578   66.06741    4.24716    185.027    25.1367    25.1187    1486.68         10      43902          9  0.000e+00
  430879522     10.653     10.744   3.569844   3.578364    32.6306    32.6570     9.9200     9.9864     9.9188     9.9852     0.0000     0.0000     0.3993    93.3649     0.0027     4.3578   66.11010    4.24600    184.980    25.1157    25.1253    1486.83         10      43903          9  0.000e+00
  430879522     10.547     10.637   3.569710   3.574055    32.6166    32.6561     9.9340     9.9391     9.9328     9.9379     0.0000     0.0000     0.3993    93.3387     0.0028     4.3565   65.97310    4.23629    184.560    25.1025    25.1325    1486.87         10      43904          9  0.000e+00
  430879522     10.566     10.656   3.567266   3.570279    32.6175    32.6452     9.9055     9.9087     9.9044     9.9075     0.0000     0.0000     0.3980    93.3649     0.0027     4.3578   65.95094    4.23747    184.610    25.1079    25.1290    1486.77         10      43905          9  0.000e+00
  430879522     10.566     10.656   3.564548   3.566702    32.6266    32.6400     9.8649     9.8743     9.8638     9.8732     0.0000     0.0000     0.3980    93.3649     0.0027     4.3578   65.93300    4.23983    184.711    25.1217    25.1306    1486.63         10      43906          9  0.000e+00
  430879522     10.504     10.593   3.562731   3.563204    32.6347    32.6354     9.8356     9.8402     9.8344     9.8390     0.0000     0.0000     0.3980    93.3649     0.0027     4.3578   65.85412    4.23726    184.596    25.1328    25.1326    1486.53         10      43907          9  0.000e+00
  430879522     10.473     10.562   3.571280   3.560677    32.7154    32.6418     9.8425     9.8047     9.8414     9.8036     0.0000     0.0000     0.3980    93.3649     0.0027     4.3578   65.76926    4.22896    184.224    25.1947    25.1434    1486.65         10      43908          9  0.000e+00
  430879522     10.429     10.518   3.603893   3.559073    32.7973    32.6476    10.1172     9.7803    10.1160     9.7791     0.0000     0.0000     0.3993    93.2864     0.0028     4.3541   65.67447    4.19545    182.761    25.2129    25.1520    1487.75         10      43909          9  0.000e+00
  430879540      3.800      3.832   3.798662   3.798891    32.1294    32.1264    13.0515    13.0576    13.0510    13.0571     0.0000     0.0000     0.3468    91.0628     0.0037     4.2503   93.66126    5.64607    246.205    24.1599    24.1565    1497.03         10      44341         10  0.000e+00
  430879540      3.775      3.807   3.798662   3.798858    32.1290    32.1269    13.0520    13.0566    13.0515    13.0561     0.0000     0.0000     0.3468    91.0628     0.0037     4.2503   93.66130    5.64603    246.204    24.1596    24.1571    1497.03         10      44342         10  0.000e+00
  430879540      3.756      3.788   3.798710   3.798844    32.1300    32.1278    13.0513    13.0554    13.0508    13.0549     0.0000     0.0000     0.3468    91.0628     0.0037     4.2503   93.66039    5.64602    246.203    24.1605    24.1580    1497.03         10      44343         10  0.000e+00
  430879541      3.825      3.857   3.798710   3.798864    32.1306    32.1280    13.0507    13.0554    13.0501    13.0549     0.0000     0.0000     0.3468    91.0628     0.0037     4.2503   93.65062    5.64549    246.180    24.1610    24.1581    1497.03         10      44344         10  0.000e+00
  430879541      3.849      3.882   3.798697   3.798824    32.1307    32.1277    13.0504    13.0552    13.0499    13.0547     0.0000     0.0000     0.3468    91.0628     0.0037     4.2503   93.63890    5.64481    246.150    24.1612    24.1580    1497.03         10      44345         10  0.000e+00
  430879541      3.825      3.857   3.798704   3.798629    32.1313    32.1279    13.0497    13.0529    13.0492    13.0524     0.0000     0.0000     0.3468    91.0628     0.0037     4.2503   93.62519    5.64404    246.116    24.1618    24.1585    1497.03         10      44346         10  0.000e+00
  430879541      3.868      3.901   3.798945   3.798294    32.1308    32.1280    13.0530    13.0490    13.0525    13.0485     0.0000     0.0000     0.3480    91.0628     0.0037     4.2503   93.67336    5.64658    246.227    24.1607    24.1594    1497.04         10      44347         10  0.000e+00
  430879541      3.893      3.926   3.799069   3.798408    32.1299    32.1298    13.0554    13.0482    13.0548    13.0476     0.0000     0.0000     0.3504    91.0628     0.0037     4.2503   93.67427    5.64639    246.219    24.1596    24.1610    1497.04         10      44348         10  0.000e+00
  430879541      3.868      3.901   3.798862   3.798676    32.1280    32.1293    13.0554    13.0518    13.0549    13.0513     0.0000     0.0000     0.3516    91.0628     0.0037     4.2503   93.67327    5.64639    246.220    24.1581    24.1598    1497.04         10      44349         10  0.000e+00
  430879541      3.893      3.926   3.798600   3.798818    32.1283    32.1281    13.0520    13.0548    13.0515    13.0543     0.0000     0.0000     0.3529    91.0628     0.0037     4.2503   93.67158    5.64667    246.232    24.1591    24.1583    1497.03         10      44350         10  0.000e+00
  430879541      4.005      4.039   3.798455   3.798865    32.1295    32.1285    13.0490    13.0548    13.0485    13.0542     0.0000     0.0000     0.3516    91.0628     0.0037     4.2503   93.66950    5.64686    246.239    24.1605    24.1586    1497.02         10      44351         10  0.000e+00
  430879541      3.937      3.970   3.798490   3.798851    32.1301    32.1282    13.0487    13.0550    13.0482    13.0544     0.0000     0.0000     0.3516    91.0628     0.0037     4.2503   93.60108    5.64275    246.060    24.1611    24.1584    1497.02         10      44352         10  0.000e+00
  430879541      3.912      3.945   3.798455   3.798562    32.1302    32.1276    13.0482    13.0525    13.0476    13.0520     0.0000     0.0000     0.3516    91.0366     0.0038     4.2491   93.64895    5.64569    246.188    24.1613    24.1584    1497.02         10      44353         10  0.000e+00
  430879541      3.987      4.021   3.798352   3.798220    32.1305    32.1281    13.0467    13.0480    13.0462    13.0475     0.0000     0.0000     0.3516    91.0628     0.0037     4.2503   93.64247    5.64546    246.178    24.1618    24.1597    1497.02         10      44354         10  0.000e+00
  430879541      4.049      4.083   3.798262   3.797931    32.1306    32.1292    13.0455    13.0436    13.0450    13.0430     0.0000     0.0000     0.3516    91.0628     0.0037     4.2503   93.64325    5.64564    246.186    24.1621    24.1613    1497.01         10      44355         10  0.000e+00
  430879541      3.987      4.021   3.798124   3.797642    32.1310    32.1301    13.0436    13.0393    13.0430    13.0388     0.0000     0.0000     0.3529    91.0628     0.0037     4.2503   93.64153    5.64576    246.191    24.1628    24.1629    1497.01         10      44356         10  0.000e+00
  430879541      4.049      4.083   3.798048   3.797448    32.1315    32.1308    13.0421    13.0363    13.0416    13.0357     0.0000     0.0000     0.3516    91.0628     0.0037     4.2503   93.64020    5.64583    246.194    24.1634    24.1640    1497.00         10      44357         10  0.000e+00
  430879541      4.124      4.159   3.797993   3.797448    32.1315    32.1311    13.0414    13.0358    13.0409    13.0353     0.0000     0.0000     0.3516    91.0628     0.0037     4.2503   93.70945    5.65008    246.379    24.1636    24.1644    1497.00         10      44358         10  0.000e+00
  430879541      4.099      4.134   3.797793   3.797421    32.1309    32.1303    13.0399    13.0365    13.0393    13.0359     0.0000     0.0000     0.3516    91.0628     0.0037     4.2503   93.65965    5.64728    246.257    24.1634    24.1637    1497.00         10      44359         10  0.000e+00
  430879541      4.074      4.109   3.797697   3.797354    32.1317    32.1317    13.0379    13.0342    13.0374    13.0336     0.0000     0.0012     0.3516    91.0628     0.0037     4.2503   93.66332    5.64770    246.275    24.1644    24.1651    1496.99         10      44360         10  0.000e+00
  430879541      4.142      4.178   3.797717   3.797562    32.1325    32.1318    13.0373    13.0363    13.0367    13.0357     0.0000     0.0000     0.3516    91.0628     0.0037     4.2503   93.66735    5.64800    246.288    24.1651    24.1648    1496.99         10      44361         10  0.000e+00
  430879541      4.167      4.203   3.798048   3.797938    32.1337    32.1311    13.0394    13.0413    13.0389    13.0407     0.0000     0.0000     0.3516    91.0628     0.0037     4.2503   93.67004    5.64786    246.282    24.1657    24.1633    1497.00         10      44362         10  0.000e+00
  430879541      4.236      4.272   3.798421   3.798186    32.1324    32.1299    13.0450    13.0454    13.0445    13.0448     0.0000     0.0000     0.3516    91.0628     0.0037     4.2503   93.67240    5.64739    246.262    24.1636    24.1616    1497.02         10      44363         10  0.000e+00
  430879541      4.261      4.297   3.798621   3.798213    32.1313    32.1290    13.0486    13.0468    13.0480    13.0462     0.0000     0.0000     0.3516    91.0628     0.0037     4.2503   93.67362    5.64710    246.249    24.1621    24.1606    1497.03         10      44364         10  0.000e+00
  430879541      4.329      4.366   3.798669   3.798254    32.1306    32.1293    13.0500    13.0468    13.0494    13.0463     0.0000     0.0000     0.3516    91.0628     0.0037     4.2503   93.73739    5.65080    246.411    24.1612    24.1608    1497.03         10      44365         10  0.000e+00
  430879541      4.304      4.341   3.798690   3.798294    32.1301    32.1295    13.0507    13.0470    13.0501    13.0465     0.0000     0.0000     0.3516    91.0628     0.0037     4.2503   93.73600    5.65065    246.405    24.1607    24.1610    1497.04         10      44366         10  0.000e+00
  430879541      4.329      4.366   3.798628   3.798280    32.1298    32.1293    13.0505    13.0472    13.0499    13.0466     0.0000     0.0000     0.3516    91.0628     0.0037     4.2503   93.73383    5.65056    246.401    24.1605    24.1607    1497.03         10      44367         10  0.000e+00
  430879542      4.354      4.391   3.798607   3.798294    32.1299    32.1297    13.0500    13.0468    13.0494    13.0463     0.0000     0.0000     0.3516    91.0628     0.0037     4.2503   93.73910    5.65092    246.417    24.1607    24.1611    1497.03         10      44368         10  0.000e+00
  430879542      4.417      4.454   3.798621   3.798307    32.1303    32.1293    13.0497    13.0474    13.0491    13.0468     0.0000     0.0000     0.3516    91.0628     0.0037     4.2503   93.74376    5.65123    246.430    24.1611    24.1607    1497.03         10      44369         10  0.000e+00
  430879542      4.491      4.530   3.798566   3.798408    32.1302    32.1299    13.0491    13.0478    13.0485    13.0472     0.0000     0.0000     0.3516    91.0628     0.0037     4.2503   93.74750    5.65152    246.443    24.1611    24.1611    1497.03         10      44370         10  0.000e+00
  430879542      4.467      4.505   3.798428   3.798516    32.1298    32.1299    13.0481    13.0490    13.0475    13.0484     0.0000     0.0000     0.3529    91.0628     0.0037     4.2503   93.81168    5.65553    246.617    24.1610    24.1609    1497.03         10      44371         10  0.000e+00
  430879542      4.535      4.574   3.798504   3.798717    32.1310    32.1295    13.0475    13.0516    13.0469    13.0510     0.0000     0.0000     0.3516    91.0628     0.0037     4.2503   93.82137    5.65614    246.644    24.1620    24.1601    1497.03         10      44372         10  0.000e+00
  430879542      4.510      4.549   3.798780   3.798724    32.1308    32.1286    13.0509    13.0528    13.0503    13.0522     0.0000     0.0000     0.3468    91.0628     0.0037     4.2503   93.82837    5.65618    246.646    24.1612    24.1591    1497.04         10      44373         10  0.000e+00
  430879542      4.604      4.643   3.798566   3.798455    32.1299    32.1279    13.0495    13.0506    13.0489    13.0500     0.0000     0.0000     0.3407    91.0889     0.0037     4.2515   93.83556    5.65680    246.673    24.1608    24.1590    1497.04         10      44374         10  0.000e+00
  430879542      4.672      4.712   3.798359   3.798193    32.1310    32.1293    13.0459    13.0460    13.0452    13.0454     0.0000     0.0000     0.3382    91.1151     0.0037     4.2527   93.90380    5.66130    246.869    24.1623    24.1610    1497.03         10      44375         10  0.000e+00
  430879542      4.604      4.643   3.798359   3.798086    32.1318    32.1301    13.0449    13.0439    13.0443    13.0433     0.0000     0.0000     0.3394    91.1151     0.0037     4.2527   93.91436    5.66202    246.900    24.1632    24.1620    1497.02         10      44376         10  0.000e+00
  430879542      4.766      4.806   3.798414   3.798019    32.1313    32.1300    13.0460    13.0432    13.0454    13.0426     0.0000     0.0000     0.3394    91.1151     0.0037     4.2527   93.86314    5.65882    246.760    24.1626    24.1621    1497.03         10      44377         10  0.000e+00
  430879542      4.691      4.731   3.798359   3.798025    32.1311    32.1306    13.0457    13.0426    13.0451    13.0419     0.0000     0.0000     0.3394    91.1151     0.0037     4.2527   93.86190    5.65879    246.759    24.1624    24.1627    1497.03         10      44378         10  0.000e+00
  430879542      4.766      4.806   3.798380   3.798240    32.1314    32.1313    13.0455    13.0441    13.0449    13.0434     0.0000     0.0000     0.3394    91.1151     0.0037     4.2527   93.92370    5.66252    246.922    24.1627    24.1630    1497.03         10      44379         10  0.000e+00
  430879542      4.784      4.825   3.798476   3.798509    32.1316    32.1303    13.0464    13.0483    13.0458    13.0477     0.0000     0.0012     0.3394    91.1151     0.0037     4.2527   93.93769    5.66326    246.954    24.1627    24.1613    1497.03         10      44380         10  0.000e+00
  430879542      4.859      4.901   3.798621   3.798697    32.1317    32.1295    13.0478    13.0513    13.0472    13.0507     0.0000     0.0000     0.3394    91.1151     0.0037     4.2527   93.94207    5.66335    246.958    24.1625    24.1601    1497.04         10      44381         10  0.000e+00
  430879542      4.922      4.963   3.798821   3.798791    32.1321    32.1298    13.0495    13.0520    13.0489    13.0513     0.0000     0.0000     0.3394    91.1151     0.0037     4.2527   93.95336    5.66382    246.978    24.1625    24.1602    1497.04         10      44382         10  0.000e+00
