ROS/FK009A_CTD016_20130821.ros
* Sea-Bird SBE 9 Data File:
* FileName = C:\Falkor-Data-2013\FK009A\CTD\FK009A_CTD016_20130821.hex
* Software Version Seasave V 7.21f
* Temperature SN = 5483
* Conductivity SN = 3916
* Number of Bytes Per Scan = 41
* Number of Voltage Words = 4
* Number of Scans Averaged by the Deck Unit = 1
* NMEA Latitude = 48 29.37 N
* NMEA Longitude = 126 07.17 W
* NMEA UTC (Time) = Aug 21 2013 00:43:18
* NMEA baud rate = 4800
** Ship: RV Falkor
** Station: LC08
** Operator: Nathan Cunningham
** Shelf Break Station
# nquan = 27
# nvalues = 490                                   
# units = specified
# name 0 = timeQ: Time, NMEA [seconds]
# name 1 = depSM: Depth [salt water, m]
# name 2 = prDM: Pressure, Digiquartz [db]
# name 3 = c0S/m: Conductivity [S/m]
# name 4 = c1S/m: Conductivity, 2 [S/m]
# name 5 = sal00: Salinity, Practical [PSU]
# name 6 = sal11: Salinity, Practical, 2 [PSU]
# name 7 = t090C: Temperature [ITS-90, deg C]
# name 8 = t190C: Temperature, 2 [ITS-90, deg C]
# name 9 = potemp090C: Potential Temperature [ITS-90, deg C]
# name 10 = potemp190C: Potential Temperature, 2 [ITS-90, deg C]
# name 11 = v2: Voltage 2
# name 12 = v3: Voltage 3
# name 13 = v0: Voltage 0
# name 14 = CStarTr0: Beam Transmission, WET Labs C-Star [%]
# name 15 = CStarAt0: Beam Attenuation, WET Labs C-Star [1/m]
# name 16 = v5: Voltage 5
# name 17 = sbeox0PS: Oxygen, SBE 43 [% saturation]
# name 18 = sbeox0ML/L: Oxygen, SBE 43 [ml/l]
# name 19 = sbeox0Mm/Kg: Oxygen, SBE 43 [umol/Kg]
# name 20 = sigma-é00: Density [sigma-theta, Kg/m^3]
# name 21 = sigma-é11: Density, 2 [sigma-theta, Kg/m^3]
# name 22 = svCM: Sound Velocity [Chen-Millero, m/s]
# name 23 = modError: Modulo Error Count
# name 24 = scan: Scan Count
# name 25 = nbf: Bottles Fired
# name 26 = flag:  0.000e+00
# interval = seconds: 0.0416667
# start_time = Aug 21 2013 00:43:18 [NMEA time, first data scan]
# bad_flag = -9.990e-29
*END*
[from data line 162]
  430362023    125.063    126.166   3.423159   3.423476    33.8550    33.8536     6.9232     6.9281     6.9117     6.9166     0.0000     0.0000     0.0757    99.7741     0.0001     4.6569   32.20526    2.19451     95.474    26.5288    26.5271    1479.00          0      24581          4  0.000e+00
  430362023    125.044    126.147   3.423153   3.423573    33.8548    33.8534     6.9233     6.9294     6.9119     6.9179     0.0000     0.0000     0.0769    99.7741     0.0001     4.6569   32.22242    2.19567     95.525    26.5286    26.5267    1479.00          0      24582          4  0.000e+00
  430362023    125.044    126.147   3.423080   3.423928    33.8550    33.8534     6.9222     6.9334     6.9108     6.9219     0.0000     0.0000     0.0769    99.7741     0.0001     4.6569   32.30892    2.20162     95.783    26.5290    26.5262    1478.99          0      24583          4  0.000e+00
  430362023    125.107    126.210   3.423146   3.424108    33.8551    33.8520     6.9228     6.9367     6.9114     6.9252     0.0000     0.0000     0.0769    99.7741     0.0001     4.6569   32.34167    2.20382     95.879    26.5290    26.5247    1479.00          0      24584          4  0.000e+00
  430362023    125.088    126.191   3.423298   3.424192    33.8552    33.8521     6.9244     6.9376     6.9130     6.9262     0.0000     0.0000     0.0757    99.7741     0.0001     4.6569   32.36320    2.20520     95.939    26.5288    26.5246    1479.00          0      24585          4  0.000e+00
  430362023    125.088    126.191   3.423444   3.424218    33.8548    33.8516     6.9265     6.9384     6.9151     6.9269     0.0000     0.0000     0.0757    99.7741     0.0001     4.6569   32.33086    2.20290     95.839    26.5282    26.5241    1479.01          0      24586          4  0.000e+00
  430362023    125.107    126.210   3.423636   3.424244    33.8549    33.8517     6.9286     6.9386     6.9171     6.9271     0.0000     0.0000     0.0757    99.7741     0.0001     4.6569   32.34365    2.20366     95.872    26.5280    26.5241    1479.02          0      24587          4  0.000e+00
  430362023    125.132    126.235   3.423868   3.424250    33.8541    33.8521     6.9319     6.9383     6.9204     6.9268     0.0000     0.0000     0.0794    99.7741     0.0001     4.6569   32.35788    2.20448     95.908    26.5270    26.5245    1479.03          0      24588          4  0.000e+00
  430362023    125.182    126.285   3.424014   3.424347    33.8533    33.8515     6.9343     6.9399     6.9229     6.9284     0.0000     0.0000     0.0818    99.7741     0.0001     4.6569   32.37373    2.20545     95.950    26.5260    26.5238    1479.04          0      24589          4  0.000e+00
  430362023    125.201    126.304   3.423815   3.424463    33.8535    33.8521     6.9319     6.9405     6.9204     6.9290     0.0000     0.0000     0.0818    99.7741     0.0001     4.6569   32.39117    2.20675     96.007    26.5265    26.5242    1479.03          0      24590          4  0.000e+00
  430362023    125.182    126.285   3.423543   3.424547    33.8540    33.8515     6.9284     6.9421     6.9169     6.9306     0.0000     0.0000     0.0806    99.7741     0.0001     4.6569   32.40998    2.20821     96.070    26.5273    26.5236    1479.02          0      24591          4  0.000e+00
  430362023    125.226    126.330   3.423444   3.424624    33.8547    33.8514     6.9265     6.9431     6.9151     6.9316     0.0000     0.0000     0.0818    99.7741     0.0001     4.6569   32.48538    2.21343     96.297    26.5281    26.5233    1479.01          0      24592          4  0.000e+00
  430362023    125.201    126.304   3.423557   3.424682    33.8546    33.8514     6.9279     6.9437     6.9165     6.9322     0.0000     0.0000     0.0806    99.7741     0.0001     4.6569   32.50540    2.21472     96.353    26.5279    26.5232    1479.02          0      24593          4  0.000e+00
  430362023    125.269    126.374   3.423683   3.424682    33.8537    33.8514     6.9302     6.9437     6.9187     6.9322     0.0000     0.0000     0.0806    99.7741     0.0001     4.6569   32.53858    2.21688     96.447    26.5269    26.5232    1479.02          0      24594          4  0.000e+00
  430362023    125.269    126.374   3.423557   3.424431    33.8537    33.8508     6.9287     6.9415     6.9173     6.9300     0.0000     0.0000     0.0818    99.7741     0.0001     4.6569   32.57265    2.21927     96.552    26.5271    26.5231    1479.02          0      24595          4  0.000e+00
  430362023    125.319    126.424   3.423358   3.424089    33.8543    33.8522     6.9259     6.9362     6.9144     6.9248     0.0000     0.0000     0.0818    99.7741     0.0001     4.6569   32.59568    2.22098     96.626    26.5280    26.5248    1479.01          0      24596          4  0.000e+00
  430362023    125.294    126.399   3.423292   3.424076    33.8547    33.8529     6.9248     6.9354     6.9133     6.9239     0.0000     0.0000     0.0818    99.7741     0.0001     4.6569   32.61880    2.22261     96.696    26.5284    26.5255    1479.01          0      24597          4  0.000e+00
  430362023    125.319    126.424   3.423173   3.424095    33.8552    33.8512     6.9230     6.9373     6.9115     6.9258     0.0000     0.0000     0.0818    99.7741     0.0001     4.6569   32.64266    2.22432     96.771    26.5290    26.5239    1479.00          0      24598          4  0.000e+00
  430362024    125.413    126.519   3.423179   3.424005    33.8550    33.8525     6.9232     6.9350     6.9117     6.9235     0.0000     0.0000     0.0806    99.7741     0.0001     4.6569   32.65488    2.22514     96.807    26.5289    26.5253    1479.00          0      24599          4  0.000e+00
  430362024    125.382    126.487   3.422987   3.423902    33.8545    33.8525     6.9216     6.9338     6.9101     6.9223     0.0000     0.0000     0.0806    99.7741     0.0001     4.6569   32.66667    2.22604     96.846    26.5286    26.5254    1478.99          0      24600          4  0.000e+00
  430362024    125.413    126.519   3.422629   3.423792    33.8551    33.8530     6.9170     6.9321     6.9055     6.9206     0.0000     0.0000     0.0818    99.7741     0.0001     4.6569   32.67891    2.22710     96.892    26.5297    26.5260    1478.98          0      24601          4  0.000e+00
  430362024    125.413    126.519   3.422358   3.423805    33.8552    33.8530     6.9138     6.9322     6.9023     6.9207     0.0000     0.0000     0.0818    99.7741     0.0001     4.6569   32.75817    2.23266     97.134    26.5303    26.5260    1478.97          0      24602          4  0.000e+00
  430362024    125.525    126.632   3.422219   3.423779    33.8555    33.8523     6.9119     6.9325     6.9004     6.9210     0.0000     0.0000     0.0818    99.7741     0.0001     4.6569   32.78195    2.23438     97.208    26.5308    26.5255    1478.96          0      24603          4  0.000e+00
  430362024    125.457    126.563   3.422073   3.423528    33.8557    33.8534     6.9101     6.9287     6.8986     6.9172     0.0000     0.0000     0.0806    99.7741     0.0001     4.6569   32.80445    2.23600     97.279    26.5312    26.5268    1478.95          0      24604          4  0.000e+00
  430362024    125.550    126.657   3.422027   3.423496    33.8561    33.8536     6.9092     6.9281     6.8977     6.9166     0.0000     0.0000     0.0806    99.7741     0.0001     4.6569   32.77218    2.23384     97.185    26.5316    26.5270    1478.95          0      24605          4  0.000e+00
  430362024    125.525    126.632   3.421987   3.423509    33.8563    33.8531     6.9085     6.9287     6.8970     6.9172     0.0000     0.0000     0.0806    99.7741     0.0001     4.6569   32.79530    2.23545     97.255    26.5318    26.5266    1478.95          0      24606          4  0.000e+00
  430362024    125.594    126.701   3.422060   3.423393    33.8570    33.8538     6.9085     6.9267     6.8970     6.9152     0.0000     0.0000     0.0806    99.7741     0.0001     4.6569   32.88651    2.24165     97.525    26.5324    26.5275    1478.95          0      24607          4  0.000e+00
  430362024    125.594    126.701   3.422007   3.423380    33.8568    33.8540     6.9082     6.9263     6.8967     6.9148     0.0000     0.0000     0.0818    99.7741     0.0001     4.6569   32.96464    2.24700     97.757    26.5323    26.5276    1478.95          0      24608          4  0.000e+00
  430362024    125.663    126.771   3.421841   3.423296    33.8562    33.8530     6.9069     6.9263     6.8954     6.9148     0.0000     0.0000     0.0806    99.7741     0.0001     4.6569   32.98623    2.24854     97.825    26.5320    26.5269    1478.94          0      24609          4  0.000e+00
  430362024    125.688    126.796   3.421530   3.422935    33.8559    33.8546     6.9038     6.9207     6.8923     6.9092     0.0000     0.0000     0.0818    99.7741     0.0001     4.6569   33.00629    2.25008     97.891    26.5322    26.5289    1478.93          0      24610          4  0.000e+00
  430362024    125.688    126.796   3.421285   3.422832    33.8563    33.8543     6.9006     6.9199     6.8891     6.9083     0.0000     0.0000     0.0806    99.7741     0.0001     4.6569   33.03711    2.25234     97.990    26.5329    26.5288    1478.92          0      24611          4  0.000e+00
  430362024    125.731    126.840   3.421226   3.422896    33.8571    33.8546     6.8991     6.9203     6.8876     6.9088     0.0000     0.0000     0.0806    99.7741     0.0001     4.6569   33.05468    2.25360     98.044    26.5337    26.5289    1478.92          0      24612          4  0.000e+00
  430362024    125.750    126.859   3.421087   3.422903    33.8571    33.8547     6.8975     6.9203     6.8860     6.9087     0.0000     0.0000     0.0806    99.7741     0.0001     4.6569   33.07067    2.25477     98.095    26.5340    26.5290    1478.91          0      24613          4  0.000e+00
  430362024    125.825    126.935   3.420881   3.422780    33.8567    33.8540     6.8956     6.9195     6.8841     6.9080     0.0000     0.0000     0.0781    99.7741     0.0001     4.6569   33.16505    2.26131     98.380    26.5339    26.5285    1478.90          0      24614          4  0.000e+00
  430362225     99.632    100.505   3.437965   3.437953    33.7334    33.7341     7.2253     7.2244     7.2160     7.2151     0.0000     0.0000     0.0757   100.0095    -0.0000     4.6679   40.02237    2.71052    117.939    26.3913    26.3920    1479.59          0      29427          5  0.000e+00
  430362225     99.726    100.599   3.437972   3.437998    33.7332    33.7343     7.2255     7.2247     7.2161     7.2153     0.0000     0.0000     0.0769   100.0095    -0.0000     4.6679   40.01514    2.71002    117.918    26.3912    26.3921    1479.59          0      29428          5  0.000e+00
  430362225     99.632    100.505   3.437985   3.438018    33.7336    33.7349     7.2253     7.2243     7.2160     7.2149     0.0000     0.0000     0.0769   100.0095    -0.0000     4.6679   40.00744    2.70951    117.895    26.3915    26.3927    1479.59          0      29429          5  0.000e+00
  430362225     99.589    100.460   3.437959   3.438018    33.7332    33.7346     7.2255     7.2247     7.2161     7.2154     0.0000     0.0000     0.0769   100.0095    -0.0000     4.6679   40.00047    2.70903    117.875    26.3911    26.3923    1479.59          0      29430          5  0.000e+00
  430362225     99.632    100.505   3.437965   3.438043    33.7334    33.7349     7.2253     7.2246     7.2160     7.2153     0.0000     0.0000     0.0769   100.0095    -0.0000     4.6679   40.06118    2.71315    118.054    26.3913    26.3926    1479.59          0      29431          5  0.000e+00
  430362225     99.589    100.460   3.438025   3.438050    33.7342    33.7352     7.2251     7.2244     7.2158     7.2151     0.0000     0.0000     0.0769    99.9833     0.0000     4.6667   40.05423    2.71267    118.033    26.3920    26.3928    1479.59          0      29432          5  0.000e+00
  430362225     99.539    100.410   3.438045   3.438024    33.7341    33.7346     7.2255     7.2247     7.2161     7.2154     0.0000     0.0000     0.0769   100.0095    -0.0000     4.6679   40.05876    2.71296    118.045    26.3919    26.3924    1479.59          0      29433          5  0.000e+00
  430362225     99.539    100.410   3.438045   3.437966    33.7341    33.7341     7.2255     7.2246     7.2162     7.2153     0.0000     0.0000     0.0769    99.9833     0.0000     4.6667   39.99683    2.70877    117.863    26.3918    26.3920    1479.59          0      29434          5  0.000e+00
  430362225     99.539    100.410   3.438045   3.437998    33.7341    33.7347     7.2255     7.2244     7.2161     7.2151     0.0000     0.0000     0.0757   100.0095    -0.0000     4.6679   39.99058    2.70835    117.845    26.3919    26.3924    1479.59          0      29435          5  0.000e+00
  430362225     99.495    100.366   3.438038   3.437966    33.7341    33.7343     7.2255     7.2244     7.2161     7.2151     0.0000     0.0000     0.0757   100.0095    -0.0000     4.6679   39.98458    2.70794    117.827    26.3918    26.3921    1479.59          0      29436          5  0.000e+00
  430362225     99.495    100.366   3.438085   3.437953    33.7346    33.7343     7.2255     7.2242     7.2161     7.2149     0.0000     0.0000     0.0769    99.9833     0.0000     4.6667   40.04602    2.71209    118.008    26.3922    26.3922    1479.59          0      29437          5  0.000e+00
  430362225     99.451    100.322   3.438032   3.437908    33.7339    33.7337     7.2256     7.2244     7.2163     7.2151     0.0000     0.0000     0.0769   100.0095    -0.0000     4.6679   40.05204    2.71250    118.025    26.3916    26.3917    1479.59          0      29438          5  0.000e+00
  430362225     99.451    100.322   3.438058   3.437921    33.7343    33.7340     7.2255     7.2243     7.2161     7.2150     0.0000     0.0000     0.0769   100.0095    -0.0000     4.6679   39.99157    2.70841    117.847    26.3920    26.3919    1479.59          0      29439          5  0.000e+00
  430362225     99.451    100.322   3.438078   3.437927    33.7345    33.7341     7.2255     7.2242     7.2161     7.2149     0.0000     0.0000     0.0757   100.0095    -0.0000     4.6679   40.05350    2.71260    118.030    26.3922    26.3920    1479.59          0      29440          5  0.000e+00
  430362225     99.401    100.272   3.438065   3.437875    33.7344    33.7336     7.2255     7.2241     7.2162     7.2148     0.0000     0.0000     0.0769   100.0095    -0.0000     4.6679   40.05998    2.71304    118.049    26.3921    26.3917    1479.59          0      29441          5  0.000e+00
  430362225     99.401    100.272   3.438025   3.437837    33.7337    33.7330     7.2258     7.2244     7.2165     7.2151     0.0000     0.0000     0.0757   100.0095    -0.0000     4.6679   40.06670    2.71349    118.068    26.3915    26.3911    1479.59          0      29442          5  0.000e+00
  430362225     99.451    100.322   3.438032   3.437830    33.7341    33.7331     7.2253     7.2241     7.2160     7.2148     0.0000     0.0000     0.0757   100.0095    -0.0000     4.6679   40.07373    2.71398    118.090    26.3919    26.3913    1479.59          0      29443          5  0.000e+00
  430362225     99.358    100.227   3.438045   3.437830    33.7340    33.7331     7.2256     7.2242     7.2163     7.2149     0.0000     0.0000     0.0769   100.0095    -0.0000     4.6679   40.07997    2.71439    118.108    26.3918    26.3912    1479.59          0      29444          5  0.000e+00
