ROS/FK009A_CTD037_20130827.ros
* Sea-Bird SBE 9 Data File:
* FileName = C:\Falkor-Data-2013\FK009A\CTD\FK009A_CTD037_20130827.hex
* Software Version Seasave V 7.21f
* Temperature SN = 5483
* Conductivity SN = 3916
* Number of Bytes Per Scan = 41
* Number of Voltage Words = 4
* Number of Scans Averaged by the Deck Unit = 1
* NMEA Latitude = 48 21.32 N
* NMEA Longitude = 125 27.82 W
* NMEA UTC (Time) = Aug 27 2013 18:59:00
* NMEA baud rate = 4800
** Ship: RV Falkor
** Station: NN02
** Operator: Nathan Cunningham
# nquan = 27
# nvalues = 441                                   
# units = specified
# name 0 = timeQ: Time, NMEA [seconds]
# name 1 = depSM: Depth [salt water, m]
# name 2 = prDM: Pressure, Digiquartz [db]
# name 3 = c0S/m: Conductivity [S/m]
# name 4 = c1S/m: Conductivity, 2 [S/m]
# name 5 = sal00: Salinity, Practical [PSU]
# name 6 = sal11: Salinity, Practical, 2 [PSU]
# name 7 = t090C: Temperature [ITS-90, deg C]
# name 8 = t190C: Temperature, 2 [ITS-90, deg C]
# name 9 = potemp090C: Potential Temperature [ITS-90, deg C]
# name 10 = potemp190C: Potential Temperature, 2 [ITS-90, deg C]
# name 11 = v2: Voltage 2
# name 12 = v3: Voltage 3
# name 13 = v0: Voltage 0
# name 14 = CStarTr0: Beam Transmission, WET Labs C-Star [%]
# name 15 = CStarAt0: Beam Attenuation, WET Labs C-Star [1/m]
# name 16 = v5: Voltage 5
# name 17 = sbeox0PS: Oxygen, SBE 43 [% saturation]
# name 18 = sbeox0ML/L: Oxygen, SBE 43 [ml/l]
# name 19 = sbeox0Mm/Kg: Oxygen, SBE 43 [umol/Kg]
# name 20 = sigma-é00: Density [sigma-theta, Kg/m^3]
# name 21 = sigma-é11: Density, 2 [sigma-theta, Kg/m^3]
# name 22 = svCM: Sound Velocity [Chen-Millero, m/s]
# name 23 = modError: Modulo Error Count
# name 24 = scan: Scan Count
# name 25 = nbf: Bottles Fired
# name 26 = flag:  0.000e+00
# interval = seconds: 0.0416667
# start_time = Jan 01 2000 18:59:00 [NMEA time, first data scan]
# bad_flag = -9.990e-29
*END*
[from data line 54]
  430945797    108.665    109.617   3.392725   3.392416    33.8796    33.8778     6.5663     6.5646     6.5567     6.5550     0.0000     0.0000     0.0794    96.8965     0.0013     4.5226   14.95149    1.02706     44.680    26.5957    26.5945    1477.36          0      15775          2  0.000e+00
  430945797    108.671    109.623   3.392738   3.392410    33.8794    33.8778     6.5666     6.5646     6.5570     6.5549     0.0000     0.0000     0.0794    96.8965     0.0013     4.5226   14.95249    1.02712     44.683    26.5955    26.5945    1477.36          0      15776          2  0.000e+00
  430945797    108.671    109.623   3.392738   3.392436    33.8791    33.8780     6.5670     6.5646     6.5573     6.5550     0.0000     0.0000     0.0806    96.8965     0.0013     4.5226   14.95347    1.02719     44.686    26.5952    26.5947    1477.36          0      15777          2  0.000e+00
  430945797    108.671    109.623   3.392738   3.392423    33.8789    33.8783     6.5671     6.5643     6.5575     6.5546     0.0000     0.0000     0.0806    96.9488     0.0012     4.5250   14.88718    1.02263     44.488    26.5951    26.5949    1477.36          0      15778          2  0.000e+00
  430945798    108.621    109.573   3.392738   3.392404    33.8790    33.8776     6.5670     6.5648     6.5574     6.5551     0.0000     0.0000     0.0794    97.0011     0.0012     4.5275   14.94390    1.02653     44.657    26.5952    26.5943    1477.36          0      15779          2  0.000e+00
  430945798    108.627    109.579   3.392711   3.392365    33.8788    33.8776     6.5670     6.5643     6.5573     6.5546     0.0000     0.0000     0.0806    97.0273     0.0012     4.5287   14.94541    1.02664     44.662    26.5950    26.5944    1477.36          0      15780          2  0.000e+00
  430945798    108.627    109.579   3.392685   3.392371    33.8785    33.8774     6.5670     6.5646     6.5573     6.5550     0.0000     0.0000     0.0794    97.0273     0.0012     4.5287   14.93444    1.02588     44.629    26.5948    26.5942    1477.36          0      15781          2  0.000e+00
  430945798    108.583    109.535   3.392678   3.392397    33.8783    33.8777     6.5671     6.5646     6.5575     6.5549     0.0000     0.0000     0.0806    97.0011     0.0012     4.5275   14.93535    1.02594     44.632    26.5946    26.5944    1477.36          0      15782          2  0.000e+00
  430945798    108.621    109.573   3.392698   3.392410    33.8785    33.8776     6.5671     6.5648     6.5575     6.5551     0.0000     0.0000     0.0806    97.0011     0.0012     4.5275   14.93642    1.02602     44.635    26.5947    26.5944    1477.36          0      15783          2  0.000e+00
  430945798    108.583    109.535   3.392705   3.392391    33.8786    33.8774     6.5671     6.5648     6.5575     6.5551     0.0000     0.0000     0.0794    97.0011     0.0012     4.5275   14.94981    1.02694     44.675    26.5948    26.5942    1477.36          0      15784          2  0.000e+00
  430945798    108.583    109.535   3.392685   3.392404    33.8782    33.8779     6.5673     6.5645     6.5576     6.5548     0.0000     0.0000     0.0806    97.0011     0.0012     4.5275   14.88402    1.02241     44.478    26.5945    26.5946    1477.36          0      15785          2  0.000e+00
  430945798    108.533    109.485   3.392678   3.392429    33.8783    33.8782     6.5671     6.5644     6.5575     6.5548     0.0000     0.0000     0.0794    97.0011     0.0012     4.5275   14.94124    1.02635     44.649    26.5946    26.5949    1477.36          0      15786          2  0.000e+00
  430945798    108.571    109.522   3.392698   3.392416    33.8784    33.8779     6.5673     6.5646     6.5576     6.5550     0.0000     0.0000     0.0794    97.0011     0.0012     4.5275   14.94331    1.02649     44.655    26.5946    26.5946    1477.36          0      15787          2  0.000e+00
  430945798    108.533    109.485   3.392685   3.392391    33.8781    33.8778     6.5674     6.5644     6.5578     6.5548     0.0000     0.0000     0.0794    97.0011     0.0012     4.5275   14.94522    1.02662     44.661    26.5944    26.5946    1477.36          0      15788          2  0.000e+00
  430945798    108.533    109.485   3.392718   3.392371    33.8789    33.8772     6.5670     6.5648     6.5574     6.5551     0.0000     0.0000     0.0794    97.0011     0.0012     4.5275   14.94723    1.02676     44.667    26.5950    26.5941    1477.36          0      15789          2  0.000e+00
  430945798    108.533    109.485   3.392738   3.392352    33.8790    33.8775     6.5671     6.5643     6.5575     6.5546     0.0000     0.0000     0.0806    97.0011     0.0012     4.5275   14.94922    1.02689     44.673    26.5951    26.5944    1477.36          0      15790          2  0.000e+00
  430945798    108.527    109.478   3.392692   3.392371    33.8786    33.8774     6.5670     6.5646     6.5573     6.5550     0.0000     0.0000     0.0806    97.0011     0.0012     4.5275   14.95121    1.02703     44.679    26.5949    26.5942    1477.36          0      15791          2  0.000e+00
  430945798    108.446    109.396   3.392718   3.392384    33.8786    33.8779     6.5673     6.5643     6.5577     6.5546     0.0000     0.0000     0.0794    97.0011     0.0012     4.5275   14.95304    1.02715     44.684    26.5948    26.5947    1477.36          0      15792          2  0.000e+00
  430945798    108.533    109.485   3.392758   3.392371    33.8787    33.8776     6.5676     6.5645     6.5580     6.5548     0.0000     0.0000     0.0794    97.0011     0.0012     4.5275   14.95519    1.02729     44.690    26.5948    26.5943    1477.36          0      15793          2  0.000e+00
  430945798    108.490    109.440   3.392771   3.392333    33.8783    33.8772     6.5682     6.5644     6.5586     6.5548     0.0000     0.0000     0.0794    97.0011     0.0012     4.5275   14.95708    1.02741     44.696    26.5944    26.5941    1477.36          0      15794          2  0.000e+00
  430945798    108.484    109.434   3.392810   3.392346    33.8784    33.8775     6.5685     6.5643     6.5589     6.5546     0.0000     0.0000     0.0781    97.0011     0.0012     4.5275   14.95906    1.02754     44.701    26.5945    26.5943    1477.37          0      15795          2  0.000e+00
  430945798    108.446    109.396   3.392850   3.392346    33.8782    33.8775     6.5692     6.5643     6.5596     6.5546     0.0000     0.0000     0.0794    97.0011     0.0012     4.5275   14.94850    1.02680     44.669    26.5943    26.5943    1477.37          0      15796          2  0.000e+00
  430945798    108.490    109.440   3.392883   3.392346    33.8784    33.8773     6.5693     6.5645     6.5597     6.5548     0.0000     0.0000     0.0781    97.0011     0.0012     4.5275   14.87033    1.02142     44.435    26.5944    26.5941    1477.37          0      15797          2  0.000e+00
  430945798    108.446    109.396   3.392870   3.392371    33.8781    33.8776     6.5695     6.5644     6.5599     6.5548     0.0000     0.0000     0.0794    96.9749     0.0012     4.5263   14.84731    1.01984     44.366    26.5941    26.5944    1477.37          0      15798          2  0.000e+00
  430945798    108.446    109.396   3.392903   3.392404    33.8789    33.8772     6.5691     6.5652     6.5595     6.5556     0.0000     0.0000     0.0781    96.9488     0.0012     4.5250   14.82439    1.01827     44.298    26.5948    26.5939    1477.37          0      15799          2  0.000e+00
  430945798    108.484    109.434   3.392876   3.392455    33.8784    33.8777     6.5693     6.5652     6.5597     6.5556     0.0000     0.0000     0.0781    96.9488     0.0012     4.5250   14.80152    1.01670     44.229    26.5943    26.5944    1477.37          0      15800          2  0.000e+00
  430945798    108.446    109.396   3.392883   3.392404    33.8784    33.8772     6.5693     6.5652     6.5597     6.5556     0.0000     0.0000     0.0794    96.9488     0.0012     4.5250   14.85826    1.02060     44.399    26.5944    26.5939    1477.37          0      15801          2  0.000e+00
  430945798    108.446    109.396   3.392870   3.392384    33.8786    33.8771     6.5690     6.5651     6.5594     6.5555     0.0000     0.0000     0.0781    96.9488     0.0012     4.5250   14.85977    1.02070     44.404    26.5946    26.5939    1477.37          0      15802          2  0.000e+00
  430945799    108.396    109.346   3.392810   3.392397    33.8778    33.8774     6.5692     6.5649     6.5596     6.5553     0.0000     0.0000     0.0781    96.9488     0.0012     4.5250   14.87363    1.02166     44.445    26.5939    26.5942    1477.37          0      15803          2  0.000e+00
  430945799    108.484    109.434   3.392817   3.392384    33.8780    33.8774     6.5690     6.5648     6.5594     6.5552     0.0000     0.0000     0.0781    96.9488     0.0012     4.5250   14.88826    1.02267     44.489    26.5941    26.5942    1477.37          0      15804          2  0.000e+00
  430945799    108.396    109.346   3.392804   3.392359    33.8777    33.8773     6.5692     6.5646     6.5596     6.5550     0.0000     0.0000     0.0781    96.9488     0.0012     4.5250   14.90304    1.02368     44.533    26.5939    26.5941    1477.37          0      15805          2  0.000e+00
  430945799    108.446    109.396   3.392843   3.392397    33.8782    33.8774     6.5692     6.5649     6.5596     6.5553     0.0000     0.0000     0.0794    96.9488     0.0012     4.5250   14.90613    1.02389     44.542    26.5942    26.5942    1477.37          0      15806          2  0.000e+00
  430945799    108.446    109.396   3.392817   3.392378    33.8780    33.8775     6.5690     6.5646     6.5594     6.5550     0.0000     0.0000     0.0794    96.9488     0.0012     4.5250   14.90913    1.02410     44.551    26.5941    26.5943    1477.37          0      15807          2  0.000e+00
  430945799    108.390    109.340   3.392824   3.392378    33.8781    33.8774     6.5690     6.5648     6.5594     6.5552     0.0000     0.0000     0.0794    96.9488     0.0012     4.5250   14.91201    1.02430     44.560    26.5942    26.5942    1477.37          0      15808          2  0.000e+00
  430945799    108.446    109.396   3.392830   3.392384    33.8780    33.8776     6.5692     6.5646     6.5596     6.5550     0.0000     0.0000     0.0781    96.9488     0.0012     4.5250   14.83536    1.01903     44.331    26.5941    26.5943    1477.37          0      15809          2  0.000e+00
  430945799    108.396    109.346   3.392850   3.392397    33.8783    33.8778     6.5691     6.5646     6.5595     6.5550     0.0000     0.0000     0.0794    96.9488     0.0012     4.5250   14.88111    1.02217     44.468    26.5943    26.5945    1477.37          0      15810          2  0.000e+00
  430945799    108.446    109.396   3.392837   3.392365    33.8783    33.8772     6.5690     6.5648     6.5594     6.5552     0.0000     0.0000     0.0794    96.9488     0.0012     4.5250   14.87124    1.02150     44.438    26.5943    26.5940    1477.37          0      15811          2  0.000e+00
  430945799    108.434    109.384   3.392830   3.392333    33.8782    33.8771     6.5690     6.5646     6.5594     6.5550     0.0000     0.0000     0.0781    96.9488     0.0012     4.5250   14.87321    1.02163     44.444    26.5942    26.5939    1477.37          0      15812          2  0.000e+00
  430945799    108.446    109.396   3.392830   3.392365    33.8783    33.8772     6.5689     6.5648     6.5592     6.5552     0.0000     0.0000     0.0794    96.9488     0.0012     4.5250   14.87524    1.02177     44.450    26.5944    26.5940    1477.37          0      15813          2  0.000e+00
  430945799    108.446    109.396   3.392830   3.392352    33.8783    33.8774     6.5689     6.5644     6.5592     6.5548     0.0000     0.0000     0.0794    96.9488     0.0012     4.5250   14.94451    1.02653     44.657    26.5944    26.5942    1477.37          0      15814          2  0.000e+00
  430945799    108.396    109.346   3.392830   3.392346    33.8784    33.8770     6.5689     6.5648     6.5592     6.5552     0.0000     0.0000     0.0794    96.9488     0.0012     4.5250   14.95788    1.02745     44.697    26.5944    26.5939    1477.37          0      15815          2  0.000e+00
  430945799    108.484    109.434   3.392804   3.392333    33.8779    33.8772     6.5690     6.5644     6.5594     6.5548     0.0000     0.0000     0.0794    96.9488     0.0012     4.5250   14.90372    1.02373     44.535    26.5940    26.5941    1477.37          0      15816          2  0.000e+00
  430945799    108.446    109.396   3.392797   3.392346    33.8777    33.8772     6.5692     6.5646     6.5596     6.5550     0.0000     0.0000     0.0806    96.9488     0.0012     4.5250   14.91711    1.02465     44.575    26.5938    26.5940    1477.37          0      15817          2  0.000e+00
  430945799    108.446    109.396   3.392824   3.392320    33.8781    33.8769     6.5690     6.5646     6.5594     6.5549     0.0000     0.0000     0.0806    96.9488     0.0012     4.5250   14.91861    1.02475     44.580    26.5942    26.5938    1477.37          0      15818          2  0.000e+00
  430945882     99.738    100.610   3.415351   3.416449    33.8275    33.8245     6.8766     6.8918     6.8675     6.8828     0.0000     0.0000     0.0781    98.9631     0.0004     4.6190   24.91898    1.70014     73.967    26.5131    26.5088    1478.36          0      17797          3  0.000e+00
  430945882     99.738    100.610   3.415226   3.416404    33.8282    33.8246     6.8744     6.8913     6.8654     6.8822     0.0000     0.0000     0.0781    98.9631     0.0004     4.6190   24.91902    1.70022     73.970    26.5140    26.5088    1478.35          0      17798          3  0.000e+00
  430945882     99.876    100.749   3.415226   3.416346    33.8288    33.8243     6.8738     6.8909     6.8647     6.8818     0.0000     0.0000     0.0794    98.9893     0.0004     4.6203   24.93415    1.70127     74.016    26.5145    26.5087    1478.35          0      17799          3  0.000e+00
  430945882     99.832    100.705   3.415298   3.416404    33.8286    33.8242     6.8748     6.8916     6.8657     6.8825     0.0000     0.0000     0.0794    98.9893     0.0004     4.6203   24.95163    1.70242     74.066    26.5143    26.5085    1478.36          0      17800          3  0.000e+00
  430945882     99.832    100.705   3.415206   3.416430    33.8281    33.8248     6.8743     6.8913     6.8652     6.8822     0.0000     0.0000     0.0781    99.0154     0.0004     4.6215   24.95997    1.70302     74.092    26.5139    26.5090    1478.35          0      17801          3  0.000e+00
  430945882     99.832    100.705   3.414941   3.416281    33.8286    33.8255     6.8708     6.8890     6.8617     6.8799     0.0000     0.0000     0.0781    99.0154     0.0004     4.6215   24.97082    1.70389     74.130    26.5148    26.5099    1478.34          0      17802          3  0.000e+00
  430945882     99.876    100.749   3.414908   3.416262    33.8296    33.8251     6.8694     6.8891     6.8603     6.8800     0.0000     0.0000     0.0781    98.9893     0.0004     4.6203   24.98422    1.70485     74.172    26.5158    26.5096    1478.34          0      17803          3  0.000e+00
  430945882     99.876    100.749   3.415173   3.416249    33.8297    33.8248     6.8722     6.8893     6.8632     6.8802     0.0000     0.0000     0.0794    99.0154     0.0004     4.6215   24.99983    1.70580     74.213    26.5155    26.5093    1478.35          0      17804          3  0.000e+00
  430945882     99.876    100.749   3.415358   3.416281    33.8291    33.8249     6.8749     6.8896     6.8658     6.8805     0.0000     0.0000     0.0781    99.0154     0.0004     4.6215   25.01789    1.70693     74.263    26.5147    26.5093    1478.36          0      17805          3  0.000e+00
