ROS/FK009A_CTD021_20130822.ros
* Sea-Bird SBE 9 Data File:
* FileName = C:\Falkor-Data-2013\FK009A\CTD\FK009A_CTD021_20130822.hex
* Software Version Seasave V 7.21f
* Temperature SN = 5483
* Conductivity SN = 3916
* Number of Bytes Per Scan = 41
* Number of Voltage Words = 4
* Number of Scans Averaged by the Deck Unit = 1
* NMEA Latitude = 48 28.20 N
* NMEA Longitude = 125 19.49 W
* NMEA UTC (Time) = Aug 22 2013 07:08:54
* NMEA baud rate = 4800
** Ship: RV Falkor
** Station: MB07
** Operator: CP
# nquan = 27
# nvalues = 196                                   
# units = specified
# name 0 = timeQ: Time, NMEA [seconds]
# name 1 = depSM: Depth [salt water, m]
# name 2 = prDM: Pressure, Digiquartz [db]
# name 3 = c0S/m: Conductivity [S/m]
# name 4 = c1S/m: Conductivity, 2 [S/m]
# name 5 = sal00: Salinity, Practical [PSU]
# name 6 = sal11: Salinity, Practical, 2 [PSU]
# name 7 = t090C: Temperature [ITS-90, deg C]
# name 8 = t190C: Temperature, 2 [ITS-90, deg C]
# name 9 = potemp090C: Potential Temperature [ITS-90, deg C]
# name 10 = potemp190C: Potential Temperature, 2 [ITS-90, deg C]
# name 11 = v2: Voltage 2
# name 12 = v3: Voltage 3
# name 13 = v0: Voltage 0
# name 14 = CStarTr0: Beam Transmission, WET Labs C-Star [%]
# name 15 = CStarAt0: Beam Attenuation, WET Labs C-Star [1/m]
# name 16 = v5: Voltage 5
# name 17 = sbeox0PS: Oxygen, SBE 43 [% saturation]
# name 18 = sbeox0ML/L: Oxygen, SBE 43 [ml/l]
# name 19 = sbeox0Mm/Kg: Oxygen, SBE 43 [umol/Kg]
# name 20 = sigma-é00: Density [sigma-theta, Kg/m^3]
# name 21 = sigma-é11: Density, 2 [sigma-theta, Kg/m^3]
# name 22 = svCM: Sound Velocity [Chen-Millero, m/s]
# name 23 = modError: Modulo Error Count
# name 24 = scan: Scan Count
# name 25 = nbf: Bottles Fired
# name 26 = flag:  0.000e+00
# interval = seconds: 0.0416667
# start_time = Aug 22 2013 07:08:55 [NMEA time, first data scan]
# bad_flag = -9.990e-29
*END*
[from data line 54]
  430471085    112.673    113.663   3.379587   3.380444    33.9107    33.9215     6.3858     6.3846     6.3760     6.3747     0.0000     0.0000     0.0794    95.5361     0.0018     4.4591   11.78981    0.81310     35.371    26.6439    26.6526    1476.76          9      13168          2  0.000e+00
  430471085    112.579    113.568   3.379600   3.379873    33.9110    33.9158     6.3857     6.3839     6.3759     6.3741     0.0000     0.0000     0.0794    95.5623     0.0018     4.4603   11.69805    0.80677     35.095    26.6441    26.6482    1476.76          9      13169          2  0.000e+00
  430471085    112.617    113.606   3.379607   3.379270    33.9109    33.9104     6.3859     6.3826     6.3760     6.3728     0.0000     0.0000     0.0794    95.5885     0.0018     4.4615   11.66435    0.80445     34.994    26.6440    26.6440    1476.76          9      13170          2  0.000e+00
  430471086    112.579    113.568   3.379561   3.379238    33.9110    33.9105     6.3853     6.3822     6.3755     6.3723     0.0000     0.0000     0.0806    95.5885     0.0018     4.4615   11.62048    0.80143     34.863    26.6441    26.6442    1476.75          9      13171          2  0.000e+00
  430471086    112.536    113.524   3.379521   3.379238    33.9110    33.9110     6.3849     6.3817     6.3751     6.3719     0.0000     0.0000     0.0806    95.5885     0.0018     4.4615   11.64608    0.80321     34.940    26.6442    26.6446    1476.75          9      13172          2  0.000e+00
  430471086    112.573    113.562   3.379515   3.379257    33.9112    33.9107     6.3846     6.3822     6.3748     6.3723     0.0000     0.0000     0.0806    95.5885     0.0018     4.4615   11.61792    0.80127     34.856    26.6444    26.6444    1476.75          9      13173          2  0.000e+00
  430471086    112.536    113.524   3.379495   3.379251    33.9112    33.9107     6.3844     6.3822     6.3746     6.3723     0.0000     0.0000     0.0806    95.5885     0.0018     4.4615   11.52372    0.79478     34.573    26.6444    26.6443    1476.75          9      13174          2  0.000e+00
  430471086    112.523    113.512   3.379488   3.379263    33.9114    33.9105     6.3841     6.3825     6.3743     6.3727     0.0000     0.0000     0.0794    95.5885     0.0018     4.4615   11.41947    0.78759     34.261    26.6447    26.6442    1476.75          9      13175          2  0.000e+00
  430471086    112.442    113.430   3.379442   3.379251    33.9114    33.9107     6.3837     6.3822     6.3738     6.3724     0.0000     0.0000     0.0806    95.5885     0.0018     4.4615   11.58798    0.79922     34.767    26.6447    26.6444    1476.75          9      13176          2  0.000e+00
  430471086    112.492    113.480   3.379376   3.379212    33.9111    33.9106     6.3831     6.3819     6.3733     6.3720     0.0000     0.0000     0.0806    95.5885     0.0018     4.4615   11.72699    0.80882     35.184    26.6446    26.6443    1476.74          9      13177          2  0.000e+00
  430471086    112.480    113.468   3.379383   3.379206    33.9115    33.9114     6.3829     6.3809     6.3730     6.3711     0.0000     0.0000     0.0794    95.5885     0.0018     4.4615   11.82315    0.81545     35.473    26.6449    26.6451    1476.74          9      13178          2  0.000e+00
  430471086    112.442    113.430   3.379350   3.379142    33.9115    33.9111     6.3825     6.3806     6.3727     6.3707     0.0000     0.0000     0.0794    95.5885     0.0018     4.4615   11.78384    0.81275     35.355    26.6449    26.6449    1476.74          9      13179          2  0.000e+00
  430471086    112.442    113.430   3.379310   3.379142    33.9114    33.9111     6.3822     6.3806     6.3724     6.3708     0.0000     0.0000     0.0806    95.5885     0.0018     4.4615   11.88001    0.81939     35.644    26.6449    26.6448    1476.74          9      13180          2  0.000e+00
  430471086    112.386    113.373   3.379343   3.379148    33.9114    33.9110     6.3825     6.3808     6.3727     6.3710     0.0000     0.0000     0.0806    95.5885     0.0018     4.4615   11.98819    0.82684     35.968    26.6449    26.6448    1476.74          9      13181          2  0.000e+00
  430471086    112.398    113.386   3.379343   3.379148    33.9116    33.9110     6.3824     6.3808     6.3725     6.3710     0.0000     0.0000     0.0794    95.5885     0.0018     4.4615   12.04059    0.83046     36.126    26.6450    26.6448    1476.74          9      13182          2  0.000e+00
  430471086    112.398    113.386   3.379357   3.379174    33.9112    33.9111     6.3829     6.3809     6.3730     6.3711     0.0000     0.0000     0.0794    95.5885     0.0018     4.4615   12.02501    0.82938     36.079    26.6447    26.6448    1476.74          9      13183          2  0.000e+00
  430471086    112.386    113.373   3.379403   3.379206    33.9119    33.9110     6.3827     6.3814     6.3729     6.3716     0.0000     0.0000     0.0806    95.5885     0.0018     4.4615   11.99733    0.82747     35.996    26.6453    26.6447    1476.74          9      13184          2  0.000e+00
  430471086    112.349    113.335   3.379422   3.379161    33.9120    33.9105     6.3829     6.3814     6.3730     6.3716     0.0000     0.0000     0.0806    95.5885     0.0018     4.4615   12.03807    0.83028     36.118    26.6453    26.6443    1476.74          9      13185          2  0.000e+00
  430471086    112.349    113.335   3.379449   3.379212    33.9121    33.9113     6.3830     6.3812     6.3732     6.3714     0.0000     0.0000     0.0806    95.5885     0.0018     4.4615   12.14733    0.83781     36.445    26.6454    26.6449    1476.74          9      13186          2  0.000e+00
  430471086    112.342    113.329   3.379455   3.379218    33.9117    33.9110     6.3835     6.3816     6.3737     6.3717     0.0000     0.0000     0.0794    95.5885     0.0018     4.4615   12.18912    0.84068     36.570    26.6450    26.6447    1476.74          9      13187          2  0.000e+00
  430471086    112.349    113.335   3.379455   3.379206    33.9113    33.9106     6.3839     6.3819     6.3741     6.3720     0.0000     0.0000     0.0806    95.5885     0.0018     4.4615   12.23093    0.84356     36.696    26.6446    26.6443    1476.75          9      13188          2  0.000e+00
  430471086    112.349    113.335   3.379521   3.379257    33.9120    33.9111     6.3839     6.3819     6.3741     6.3720     0.0000     0.0000     0.0818    95.5623     0.0018     4.4603   12.28533    0.84731     36.859    26.6452    26.6447    1476.75          9      13189          2  0.000e+00
  430471086    112.292    113.279   3.379502   3.379270    33.9117    33.9112     6.3841     6.3820     6.3743     6.3722     0.0000     0.0000     0.0818    95.4838     0.0018     4.4567   12.32754    0.85022     36.985    26.6449    26.6447    1476.75          9      13190          2  0.000e+00
  430471086    112.349    113.335   3.379488   3.379289    33.9115    33.9109     6.3841     6.3825     6.3743     6.3727     0.0000     0.0000     0.0818    95.4577     0.0019     4.4554   12.43739    0.85779     37.315    26.6447    26.6445    1476.75          9      13191          2  0.000e+00
  430471086    112.305    113.291   3.379488   3.379283    33.9115    33.9108     6.3841     6.3825     6.3743     6.3727     0.0000     0.0000     0.0818    95.4315     0.0019     4.4542   12.42376    0.85685     37.274    26.6447    26.6444    1476.75          9      13192          2  0.000e+00
  430471086    112.292    113.279   3.379488   3.379315    33.9112    33.9109     6.3844     6.3828     6.3746     6.3730     0.0000     0.0000     0.0830    95.4315     0.0019     4.4542   12.39808    0.85508     37.197    26.6445    26.6444    1476.75          9      13193          2  0.000e+00
  430471086    112.305    113.291   3.379462   3.379283    33.9109    33.9107     6.3844     6.3826     6.3746     6.3728     0.0000     0.0000     0.0818    95.4315     0.0019     4.4542   12.42832    0.85717     37.288    26.6442    26.6443    1476.75          9      13194          2  0.000e+00
  430471087    112.305    113.291   3.379475   3.379270    33.9112    33.9104     6.3843     6.3828     6.3744     6.3730     0.0000     0.0000     0.0830    95.4577     0.0019     4.4554   12.45905    0.85929     37.380    26.6445    26.6440    1476.75          9      13195          2  0.000e+00
  430471087    112.249    113.234   3.379508   3.379244    33.9116    33.9103     6.3843     6.3826     6.3745     6.3728     0.0000     0.0000     0.0818    95.4577     0.0019     4.4554   12.55763    0.86608     37.675    26.6448    26.6440    1476.75          9      13196          2  0.000e+00
  430471087    112.349    113.335   3.379515   3.379289    33.9116    33.9109     6.3843     6.3825     6.3744     6.3727     0.0000     0.0000     0.0818    95.4577     0.0019     4.4554   12.60112    0.86908     37.806    26.6448    26.6445    1476.75          9      13197          2  0.000e+00
  430471087    112.261    113.247   3.379495   3.379231    33.9108    33.9106     6.3849     6.3822     6.3751     6.3724     0.0000     0.0000     0.0830    95.4315     0.0019     4.4542   12.64426    0.87205     37.935    26.6441    26.6443    1476.75          9      13198          2  0.000e+00
  430471087    112.292    113.279   3.379508   3.379251    33.9108    33.9106     6.3851     6.3823     6.3753     6.3725     0.0000     0.0000     0.0830    95.4577     0.0019     4.4554   12.67503    0.87417     38.027    26.6440    26.6443    1476.75          9      13199          2  0.000e+00
  430471087    112.305    113.291   3.379541   3.379251    33.9112    33.9105     6.3850     6.3825     6.3752     6.3727     0.0000     0.0000     0.0818    95.4315     0.0019     4.4542   12.65040    0.87247     37.953    26.6444    26.6441    1476.75          9      13200          2  0.000e+00
  430471087    112.342    113.329   3.379548   3.379283    33.9115    33.9110     6.3848     6.3823     6.3749     6.3725     0.0000     0.0000     0.0830    95.4315     0.0019     4.4542   12.68171    0.87463     38.047    26.6447    26.6445    1476.75          9      13201          2  0.000e+00
  430471087    112.261    113.247   3.379528   3.379257    33.9115    33.9107     6.3846     6.3823     6.3748     6.3725     0.0000     0.0000     0.0818    95.4577     0.0019     4.4554   12.78076    0.88147     38.345    26.6447    26.6443    1476.75          9      13202          2  0.000e+00
  430471087    112.349    113.335   3.379541   3.379238    33.9114    33.9103     6.3848     6.3825     6.3749     6.3727     0.0000     0.0000     0.0830    95.4577     0.0019     4.4554   12.83731    0.88536     38.514    26.6446    26.6440    1476.75          9      13203          2  0.000e+00
  430471087    112.292    113.279   3.379528   3.379238    33.9110    33.9105     6.3851     6.3823     6.3753     6.3725     0.0000     0.0000     0.0818    95.4577     0.0019     4.4554   12.88151    0.88841     38.647    26.6442    26.6442    1476.75          9      13204          2  0.000e+00
  430471087    112.349    113.335   3.379495   3.379238    33.9106    33.9106     6.3851     6.3822     6.3753     6.3724     0.0000     0.0000     0.0818    95.4315     0.0019     4.4542   12.92593    0.89147     38.780    26.6439    26.6443    1476.75          9      13205          2  0.000e+00
  430471087    112.349    113.335   3.379488   3.379193    33.9112    33.9106     6.3844     6.3817     6.3746     6.3719     0.0000     0.0000     0.0818    95.4315     0.0019     4.4542   12.95770    0.89367     38.876    26.6444    26.6443    1476.75          9      13206          2  0.000e+00
  430471087    112.292    113.279   3.379442   3.379218    33.9110    33.9111     6.3841     6.3816     6.3743     6.3717     0.0000     0.0000     0.0818    95.4315     0.0019     4.4542   12.92139    0.89118     38.767    26.6443    26.6447    1476.74          9      13207          2  0.000e+00
  430471087    112.398    113.386   3.379403   3.379238    33.9108    33.9112     6.3838     6.3816     6.3740     6.3717     0.0000     0.0000     0.0818    95.4577     0.0019     4.4554   12.92814    0.89165     38.788    26.6443    26.6448    1476.74          9      13208          2  0.000e+00
  430471087    112.349    113.335   3.379436   3.379238    33.9113    33.9112     6.3837     6.3816     6.3739     6.3717     0.0000     0.0000     0.0818    95.4315     0.0019     4.4542   12.87114    0.88772     38.617    26.6447    26.6449    1476.74          9      13209          2  0.000e+00
  430471087    112.386    113.373   3.379455   3.379199    33.9115    33.9108     6.3837     6.3816     6.3738     6.3717     0.0000     0.0000     0.0818    95.4577     0.0019     4.4554   12.84905    0.88620     38.550    26.6448    26.6445    1476.75          9      13210          2  0.000e+00
  430471087    112.398    113.386   3.379429   3.379225    33.9110    33.9111     6.3839     6.3816     6.3741     6.3717     0.0000     0.0000     0.0818    95.4838     0.0018     4.4567   12.82539    0.88456     38.479    26.6443    26.6447    1476.75          9      13211          2  0.000e+00
  430471274     70.458     71.070   3.382901   3.382707    33.8111    33.8105     6.5446     6.5431     6.5384     6.5369     0.0000     0.0000     0.0781    98.3353     0.0007     4.5897   14.09628    0.96924     42.167    26.5441    26.5438    1476.56          9      17703          3  0.000e+00
  430471274     70.527     71.139   3.382888   3.382733    33.8110    33.8108     6.5446     6.5431     6.5384     6.5369     0.0000     0.0000     0.0806    98.3614     0.0007     4.5910   14.09247    0.96898     42.156    26.5440    26.5440    1476.56          9      17704          3  0.000e+00
  430471274     70.458     71.070   3.382921   3.382700    33.8112    33.8104     6.5449     6.5431     6.5386     6.5369     0.0000     0.0000     0.0806    98.3353     0.0007     4.5897   14.08691    0.96859     42.139    26.5441    26.5438    1476.56          9      17705          3  0.000e+00
  430471274     70.458     71.070   3.382895   3.382700    33.8109    33.8103     6.5449     6.5433     6.5386     6.5370     0.0000     0.0000     0.0818    98.3353     0.0007     4.5897   14.09233    0.96896     42.155    26.5439    26.5436    1476.56          9      17706          3  0.000e+00
  430471274     70.414     71.026   3.382868   3.382733    33.8106    33.8105     6.5449     6.5434     6.5386     6.5372     0.0000     0.0000     0.0806    98.3353     0.0007     4.5897   14.09668    0.96927     42.168    26.5437    26.5438    1476.56          9      17707          3  0.000e+00
  430471274     70.433     71.045   3.382881   3.382739    33.8113    33.8101     6.5443     6.5439     6.5380     6.5377     0.0000     0.0000     0.0806    98.3614     0.0007     4.5910   14.03333    0.96492     41.979    26.5443    26.5434    1476.56          9      17708          3  0.000e+00
  430471274     70.365     70.975   3.382868   3.382739    33.8112    33.8100     6.5443     6.5440     6.5381     6.5378     0.0000     0.0000     0.0806    98.3353     0.0007     4.5897   14.01201    0.96345     41.915    26.5442    26.5433    1476.56          9      17709          3  0.000e+00
  430471274     70.365     70.975   3.382908   3.382765    33.8113    33.8100     6.5446     6.5443     6.5384     6.5381     0.0000     0.0000     0.0806    98.3353     0.0007     4.5897   14.00214    0.96277     41.885    26.5443    26.5432    1476.56          9      17710          3  0.000e+00
  430471274     70.365     70.975   3.382941   3.382752    33.8114    33.8093     6.5449     6.5449     6.5387     6.5387     0.0000     0.0000     0.0818    98.3353     0.0007     4.5897   13.99178    0.96205     41.854    26.5443    26.5426    1476.56          9      17711          3  0.000e+00
