ROS/FK009A_CTD033_20130826.ros
* Sea-Bird SBE 9 Data File:
* FileName = C:\Falkor-Data-2013\FK009A\CTD\FK009A_CTD033_20130826.hex
* Software Version Seasave V 7.21f
* Temperature SN = 5483
* Conductivity SN = 3916
* Number of Bytes Per Scan = 41
* Number of Voltage Words = 4
* Number of Scans Averaged by the Deck Unit = 1
* NMEA Latitude = 48 47.60 N
* NMEA Longitude = 125 15.91 W
* NMEA UTC (Time) = Aug 26 2013 16:26:48
* NMEA baud rate = 4800
** Ship: RV Falkor
** Station: MB16
** Operator: Nathan Cunningham
# nquan = 27
# nvalues = 392                                   
# units = specified
# name 0 = timeQ: Time, NMEA [seconds]
# name 1 = depSM: Depth [salt water, m]
# name 2 = prDM: Pressure, Digiquartz [db]
# name 3 = c0S/m: Conductivity [S/m]
# name 4 = c1S/m: Conductivity, 2 [S/m]
# name 5 = sal00: Salinity, Practical [PSU]
# name 6 = sal11: Salinity, Practical, 2 [PSU]
# name 7 = t090C: Temperature [ITS-90, deg C]
# name 8 = t190C: Temperature, 2 [ITS-90, deg C]
# name 9 = potemp090C: Potential Temperature [ITS-90, deg C]
# name 10 = potemp190C: Potential Temperature, 2 [ITS-90, deg C]
# name 11 = v2: Voltage 2
# name 12 = v3: Voltage 3
# name 13 = v0: Voltage 0
# name 14 = CStarTr0: Beam Transmission, WET Labs C-Star [%]
# name 15 = CStarAt0: Beam Attenuation, WET Labs C-Star [1/m]
# name 16 = v5: Voltage 5
# name 17 = sbeox0PS: Oxygen, SBE 43 [% saturation]
# name 18 = sbeox0ML/L: Oxygen, SBE 43 [ml/l]
# name 19 = sbeox0Mm/Kg: Oxygen, SBE 43 [umol/Kg]
# name 20 = sigma-é00: Density [sigma-theta, Kg/m^3]
# name 21 = sigma-é11: Density, 2 [sigma-theta, Kg/m^3]
# name 22 = svCM: Sound Velocity [Chen-Millero, m/s]
# name 23 = modError: Modulo Error Count
# name 24 = scan: Scan Count
# name 25 = nbf: Bottles Fired
# name 26 = flag:  0.000e+00
# interval = seconds: 0.0416667
# start_time = Aug 26 2013 16:26:49 [NMEA time, first data scan]
# bad_flag = -9.990e-29
*END*
[from data line 54]
  430850464     84.696     85.437   3.434247   3.434023    33.2747    33.2734     7.6660     7.6647     7.6578     7.6566     0.0000     0.0000     0.0965    86.9295     0.0056     4.0574   34.51810    2.32136    101.048    25.9684    25.9676    1480.47          0      20535          2  0.000e+00
  430850464     84.684     85.424   3.434247   3.434036    33.2745    33.2734     7.6661     7.6649     7.6580     7.6568     0.0000     0.0000     0.0965    86.9295     0.0056     4.0574   34.51334    2.32103    101.034    25.9682    25.9676    1480.47          0      20536          2  0.000e+00
  430850464     84.696     85.437   3.434227   3.434062    33.2746    33.2737     7.6658     7.6648     7.6577     7.6567     0.0000     0.0000     0.0965    86.9034     0.0056     4.0562   34.51999    2.32150    101.054    25.9684    25.9678    1480.47          0      20537          2  0.000e+00
  430850464     84.740     85.481   3.434214   3.434075    33.2741    33.2737     7.6661     7.6651     7.6580     7.6569     0.0000     0.0000     0.0965    86.9295     0.0056     4.0574   34.46044    2.31748    100.879    25.9679    25.9677    1480.47          0      20538          2  0.000e+00
  430850464     84.684     85.424   3.434254   3.434004    33.2744    33.2732     7.6663     7.6647     7.6581     7.6566     0.0000     0.0000     0.0965    86.9295     0.0056     4.0574   34.45596    2.31717    100.865    25.9682    25.9674    1480.47          0      20539          2  0.000e+00
  430850464     84.696     85.437   3.434300   3.434030    33.2752    33.2735     7.6660     7.6647     7.6578     7.6566     0.0000     0.0000     0.0965    86.9034     0.0056     4.0562   34.44055    2.31614    100.820    25.9688    25.9676    1480.47          0      20540          2  0.000e+00
  430850464     84.684     85.424   3.434260   3.434036    33.2745    33.2734     7.6663     7.6649     7.6581     7.6568     0.0000     0.0000     0.0965    86.9034     0.0056     4.0562   34.49129    2.31954    100.969    25.9682    25.9676    1480.47          0      20541          2  0.000e+00
  430850464     84.740     85.481   3.434287   3.434043    33.2749    33.2735     7.6661     7.6649     7.6580     7.6568     0.0000     0.0000     0.0965    86.9295     0.0056     4.0574   34.49859    2.32003    100.990    25.9686    25.9676    1480.47          0      20542          2  0.000e+00
  430850465     84.696     85.437   3.434307   3.434023    33.2748    33.2733     7.6664     7.6649     7.6583     7.6568     0.0000     0.0000     0.0965    86.9295     0.0056     4.0574   34.50541    2.32048    101.009    25.9685    25.9674    1480.47          0      20543          2  0.000e+00
  430850465     84.684     85.424   3.434307   3.434036    33.2748    33.2737     7.6664     7.6646     7.6583     7.6565     0.0000     0.0000     0.0965    86.8772     0.0056     4.0549   34.51239    2.32095    101.030    25.9685    25.9678    1480.47          0      20544          2  0.000e+00
  430850465     84.740     85.481   3.434307   3.434062    33.2748    33.2738     7.6664     7.6647     7.6583     7.6566     0.0000     0.0000     0.0977    86.8510     0.0056     4.0537   34.45339    2.31698    100.857    25.9684    25.9679    1480.47          0      20545          2  0.000e+00
  430850465     84.740     85.481   3.434307   3.434094    33.2748    33.2740     7.6664     7.6649     7.6583     7.6568     0.0000     0.0000     0.0965    86.8510     0.0056     4.0537   34.44964    2.31673    100.846    25.9684    25.9680    1480.47          0      20546          2  0.000e+00
  430850465     84.684     85.424   3.434240   3.434082    33.2740    33.2739     7.6666     7.6649     7.6585     7.6568     0.0000     0.0000     0.0965    86.8510     0.0056     4.0537   34.44610    2.31649    100.836    25.9678    25.9679    1480.47          0      20547          2  0.000e+00
  430850465     84.696     85.437   3.434260   3.434056    33.2745    33.2736     7.6663     7.6649     7.6581     7.6568     0.0000     0.0000     0.0965    86.8510     0.0056     4.0537   34.44336    2.31632    100.828    25.9682    25.9677    1480.47          0      20548          2  0.000e+00
  430850465     84.777     85.519   3.434227   3.434088    33.2741    33.2741     7.6663     7.6647     7.6581     7.6566     0.0000     0.0000     0.0977    86.8510     0.0056     4.0537   34.42964    2.31540    100.789    25.9679    25.9681    1480.47          0      20549          2  0.000e+00
  430850465     84.696     85.437   3.434214   3.434082    33.2741    33.2737     7.6661     7.6651     7.6580     7.6569     0.0000     0.0000     0.0977    86.8510     0.0056     4.0537   34.42695    2.31523    100.781    25.9680    25.9678    1480.47          0      20550          2  0.000e+00
  430850465     84.696     85.437   3.434214   3.434075    33.2741    33.2740     7.6661     7.6647     7.6580     7.6566     0.0000     0.0000     0.0977    86.8510     0.0056     4.0537   34.47963    2.31877    100.935    25.9680    25.9680    1480.47          0      20551          2  0.000e+00
  430850465     84.734     85.475   3.434187   3.434075    33.2737    33.2738     7.6663     7.6649     7.6581     7.6568     0.0000     0.0000     0.0977    86.8510     0.0056     4.0537   34.47698    2.31859    100.927    25.9676    25.9679    1480.47          0      20552          2  0.000e+00
  430850465     84.740     85.481   3.434181   3.434075    33.2742    33.2738     7.6656     7.6649     7.6575     7.6568     0.0000     0.0000     0.0977    86.8510     0.0056     4.0537   34.47376    2.31840    100.919    25.9681    25.9679    1480.47          0      20553          2  0.000e+00
  430850465     84.696     85.437   3.434181   3.434094    33.2741    33.2739     7.6658     7.6651     7.6577     7.6569     0.0000     0.0000     0.0977    86.8510     0.0056     4.0537   34.48153    2.31892    100.942    25.9680    25.9679    1480.47          0      20554          2  0.000e+00
  430850465     84.734     85.475   3.434181   3.434036    33.2741    33.2734     7.6658     7.6649     7.6577     7.6568     0.0000     0.0000     0.0989    86.8510     0.0056     4.0537   34.48967    2.31946    100.965    25.9679    25.9675    1480.47          0      20555          2  0.000e+00
  430850465     84.740     85.481   3.434247   3.434036    33.2746    33.2732     7.6660     7.6651     7.6578     7.6569     0.0000     0.0000     0.0977    86.8510     0.0056     4.0537   34.48594    2.31920    100.954    25.9684    25.9674    1480.47          0      20556          2  0.000e+00
  430850465     84.734     85.475   3.434254   3.434069    33.2744    33.2737     7.6663     7.6649     7.6581     7.6568     0.0000     0.0000     0.0977    86.8510     0.0056     4.0537   34.48167    2.31890    100.941    25.9681    25.9678    1480.47          0      20557          2  0.000e+00
  430850465     84.696     85.437   3.434247   3.434069    33.2745    33.2738     7.6661     7.6649     7.6580     7.6568     0.0000     0.0000     0.0977    86.8510     0.0056     4.0537   34.41053    2.31412    100.733    25.9682    25.9678    1480.47          0      20558          2  0.000e+00
  430850465     84.740     85.481   3.434267   3.434049    33.2745    33.2735     7.6663     7.6649     7.6581     7.6568     0.0000     0.0000     0.0977    86.8510     0.0056     4.0537   34.40650    2.31384    100.721    25.9682    25.9676    1480.47          0      20559          2  0.000e+00
  430850465     84.734     85.475   3.434274   3.434023    33.2746    33.2732     7.6663     7.6649     7.6581     7.6568     0.0000     0.0000     0.0977    86.8510     0.0056     4.0537   34.40272    2.31358    100.709    25.9683    25.9674    1480.47          0      20560          2  0.000e+00
  430850465     84.740     85.481   3.434254   3.434017    33.2744    33.2733     7.6663     7.6647     7.6581     7.6566     0.0000     0.0000     0.0977    86.8510     0.0056     4.0537   34.39946    2.31337    100.700    25.9681    25.9675    1480.47          0      20561          2  0.000e+00
  430850465     84.696     85.437   3.434287   3.433991    33.2749    33.2731     7.6661     7.6647     7.6580     7.6566     0.0000     0.0000     0.0977    86.8510     0.0056     4.0537   34.38473    2.31238    100.657    25.9686    25.9673    1480.47          0      20562          2  0.000e+00
  430850465     84.734     85.475   3.434260   3.433998    33.2742    33.2730     7.6666     7.6649     7.6585     7.6568     0.0000     0.0000     0.0977    86.8510     0.0056     4.0537   34.43662    2.31585    100.808    25.9679    25.9672    1480.47          0      20563          2  0.000e+00
  430850465     84.740     85.481   3.434267   3.434036    33.2747    33.2735     7.6661     7.6647     7.6580     7.6566     0.0000     0.0000     0.0977    86.7726     0.0057     4.0501   34.44465    2.31641    100.832    25.9684    25.9677    1480.47          0      20564          2  0.000e+00
  430850465     84.684     85.424   3.434273   3.434049    33.2748    33.2734     7.6661     7.6651     7.6580     7.6569     0.0000     0.0000     0.0977    86.6941     0.0057     4.0464   34.45238    2.31693    100.855    25.9685    25.9675    1480.47          0      20565          2  0.000e+00
  430850465     84.740     85.481   3.434227   3.433998    33.2743    33.2731     7.6661     7.6647     7.6580     7.6566     0.0000     0.0000     0.0977    86.6941     0.0057     4.0464   34.46060    2.31749    100.879    25.9681    25.9673    1480.47          0      20566          2  0.000e+00
  430850466     84.696     85.437   3.434214   3.433998    33.2743    33.2731     7.6660     7.6647     7.6578     7.6566     0.0000     0.0000     0.0977    86.6941     0.0057     4.0464   34.46839    2.31802    100.903    25.9681    25.9674    1480.47          0      20567          2  0.000e+00
  430850466     84.777     85.519   3.434260   3.433985    33.2745    33.2731     7.6663     7.6646     7.6581     7.6564     0.0000     0.0000     0.0977    86.6941     0.0057     4.0464   34.47671    2.31856    100.926    25.9682    25.9674    1480.47          0      20568          2  0.000e+00
  430850466     84.696     85.437   3.434293   3.433933    33.2750    33.2727     7.6661     7.6644     7.6580     7.6563     0.0000     0.0000     0.0989    86.6941     0.0057     4.0464   34.48433    2.31907    100.948    25.9686    25.9671    1480.47          0      20569          2  0.000e+00
  430850466     84.740     85.481   3.434260   3.433940    33.2745    33.2726     7.6663     7.6646     7.6581     7.6564     0.0000     0.0000     0.0977    86.6941     0.0057     4.0464   34.49250    2.31962    100.972    25.9682    25.9670    1480.47          0      20570          2  0.000e+00
  430850466     84.684     85.424   3.434293   3.433991    33.2750    33.2731     7.6661     7.6647     7.6580     7.6566     0.0000     0.0000     0.0977    86.6941     0.0057     4.0464   34.51196    2.32093    101.029    25.9686    25.9673    1480.47          0      20571          2  0.000e+00
  430850466     84.740     85.481   3.434280   3.434036    33.2750    33.2732     7.6660     7.6651     7.6578     7.6569     0.0000     0.0000     0.0977    86.6941     0.0057     4.0464   34.52066    2.32153    101.055    25.9686    25.9674    1480.47          0      20572          2  0.000e+00
  430850466     84.684     85.424   3.434273   3.434069    33.2748    33.2738     7.6661     7.6649     7.6580     7.6568     0.0000     0.0000     0.0977    86.6941     0.0057     4.0464   34.52885    2.32207    101.079    25.9685    25.9678    1480.47          0      20573          2  0.000e+00
  430850466     84.696     85.437   3.434300   3.434056    33.2751    33.2738     7.6661     7.6647     7.6580     7.6566     0.0000     0.0000     0.0989    86.6941     0.0057     4.0464   34.47106    2.31818    100.909    25.9687    25.9678    1480.47          0      20574          2  0.000e+00
  430850466     84.740     85.481   3.434333   3.434088    33.2753    33.2738     7.6663     7.6651     7.6581     7.6569     0.0000     0.0000     0.0977    86.6941     0.0057     4.0464   34.46890    2.31802    100.903    25.9688    25.9678    1480.47          0      20575          2  0.000e+00
  430850466     84.734     85.475   3.434267   3.434127    33.2745    33.2742     7.6663     7.6651     7.6581     7.6569     0.0000     0.0000     0.0977    86.6941     0.0057     4.0464   34.46699    2.31791    100.898    25.9682    25.9682    1480.47          0      20576          2  0.000e+00
  430850466     84.696     85.437   3.434247   3.434088    33.2745    33.2737     7.6661     7.6652     7.6580     7.6571     0.0000     0.0000     0.0977    86.6941     0.0057     4.0464   34.51999    2.32148    101.053    25.9682    25.9677    1480.47          0      20577          2  0.000e+00
  430850466     84.696     85.437   3.434247   3.434120    33.2744    33.2743     7.6663     7.6649     7.6581     7.6568     0.0000     0.0000     0.0977    86.6941     0.0057     4.0464   34.45135    2.31686    100.852    25.9681    25.9683    1480.47          0      20578          2  0.000e+00
  430850630     70.470     71.084   3.449039   3.449081    32.9198    32.9112     8.2148     8.2245     8.2078     8.2174     0.0000     0.0000     0.0940    96.1640     0.0016     4.4884   39.47218    2.62788    114.430    25.6099    25.6018    1481.88          0      24515          3  0.000e+00
  430850630     70.564     71.178   3.449066   3.449094    32.9201    32.9107     8.2148     8.2251     8.2078     8.2181     0.0000     0.0012     0.0940    96.1640     0.0016     4.4884   39.47766    2.62824    114.446    25.6101    25.6013    1481.88          0      24516          3  0.000e+00
  430850630     70.564     71.178   3.449033   3.449107    32.9194    32.9117     8.2152     8.2242     8.2081     8.2171     0.0000     0.0000     0.0952    96.1640     0.0016     4.4884   39.54890    2.63297    114.652    25.6096    25.6022    1481.88          0      24517          3  0.000e+00
  430850630     70.632     71.248   3.449039   3.449081    32.9187    32.9125     8.2160     8.2230     8.2090     8.2160     0.0000     0.0000     0.0940    96.1640     0.0016     4.4884   39.48841    2.62891    114.475    25.6089    25.6030    1481.88          0      24518          3  0.000e+00
  430850630     70.564     71.178   3.449046   3.449074    32.9171    32.9131     8.2177     8.2224     8.2107     8.2153     0.0000     0.0000     0.0940    96.1640     0.0016     4.4884   39.55921    2.63354    114.677    25.6074    25.6035    1481.89          0      24519          3  0.000e+00
  430850630     70.701     71.317   3.449066   3.449094    32.9183    32.9127     8.2166     8.2229     8.2096     8.2158     0.0000     0.0000     0.0940    96.1640     0.0016     4.4884   39.51055    2.63035    114.538    25.6085    25.6032    1481.88          0      24520          3  0.000e+00
  430850630     70.701     71.317   3.448960   3.449055    32.9208    32.9138     8.2128     8.2213     8.2057     8.2142     0.0000     0.0000     0.0940    96.1640     0.0016     4.4884   39.51669    2.63094    114.564    25.6110    25.6043    1481.87          0      24521          3  0.000e+00
  430850630     70.676     71.292   3.448853   3.448971    32.9253    32.9143     8.2068     8.2198     8.1998     8.2128     0.0000     0.0000     0.0940    96.1640     0.0016     4.4884   39.45748    2.62728    114.404    25.6154    25.6049    1481.86          0      24522          3  0.000e+00
  430850630     70.751     71.367   3.448734   3.448926    32.9294    32.9164     8.2010     8.2171     8.1940     8.2100     0.0000     0.0000     0.0940    96.1640     0.0016     4.4884   39.52035    2.63174    114.597    25.6195    25.6069    1481.84          0      24523          3  0.000e+00
