ROS/FK009A_CTD040_20130830.ros
* Sea-Bird SBE 9 Data File:
* FileName = C:\Falkor-Data-2013\FK009A\CTD\FK009A_CTD040_20130830.hex
* Software Version Seasave V 7.21f
* Temperature SN = 5483
* Conductivity SN = 3916
* Number of Bytes Per Scan = 41
* Number of Voltage Words = 4
* Number of Scans Averaged by the Deck Unit = 1
* NMEA Latitude = 48 25.23 N
* NMEA Longitude = 124 50.07 W
* NMEA UTC (Time) = Aug 30 2013 19:46:04
* NMEA baud rate = 4800
** Ship: RV Falkor
** Station: RD05
** Operator: CP
# nquan = 27
# nvalues = 1021                                  
# units = specified
# name 0 = timeQ: Time, NMEA [seconds]
# name 1 = depSM: Depth [salt water, m]
# name 2 = prDM: Pressure, Digiquartz [db]
# name 3 = c0S/m: Conductivity [S/m]
# name 4 = c1S/m: Conductivity, 2 [S/m]
# name 5 = sal00: Salinity, Practical [PSU]
# name 6 = sal11: Salinity, Practical, 2 [PSU]
# name 7 = t090C: Temperature [ITS-90, deg C]
# name 8 = t190C: Temperature, 2 [ITS-90, deg C]
# name 9 = potemp090C: Potential Temperature [ITS-90, deg C]
# name 10 = potemp190C: Potential Temperature, 2 [ITS-90, deg C]
# name 11 = v2: Voltage 2
# name 12 = v3: Voltage 3
# name 13 = v0: Voltage 0
# name 14 = CStarTr0: Beam Transmission, WET Labs C-Star [%]
# name 15 = CStarAt0: Beam Attenuation, WET Labs C-Star [1/m]
# name 16 = v5: Voltage 5
# name 17 = sbeox0PS: Oxygen, SBE 43 [% saturation]
# name 18 = sbeox0ML/L: Oxygen, SBE 43 [ml/l]
# name 19 = sbeox0Mm/Kg: Oxygen, SBE 43 [umol/Kg]
# name 20 = sigma-é00: Density [sigma-theta, Kg/m^3]
# name 21 = sigma-é11: Density, 2 [sigma-theta, Kg/m^3]
# name 22 = svCM: Sound Velocity [Chen-Millero, m/s]
# name 23 = modError: Modulo Error Count
# name 24 = scan: Scan Count
# name 25 = nbf: Bottles Fired
# name 26 = flag:  0.000e+00
# interval = seconds: 0.0416667
# start_time = Aug 30 2013 19:46:04 [NMEA time, first data scan]
# bad_flag = -9.990e-29
*END*
[from data line 752]
  431209557      6.194      6.247   3.902307   3.901940    31.8821    31.8803    14.4959    14.4940    14.4950    14.4931     1.4322     1.3822     0.2515    89.6763     0.0044     4.1856   93.76899    5.49658    239.800    23.6763    23.6753    1501.53          1      57413         17  0.000e+00
  431209557      6.169      6.222   3.902244   3.902014    31.8814    31.8806    14.4960    14.4945    14.4951    14.4937     1.4322     1.3822     0.2515    89.6240     0.0044     4.1832   93.71089    5.49318    239.652    23.6758    23.6754    1501.53          1      57414         17  0.000e+00
  431209557      6.151      6.203   3.902097   3.902136    31.8806    31.8807    14.4954    14.4957    14.4945    14.4948     1.4322     1.3810     0.2503    89.5717     0.0044     4.1807   93.70703    5.49305    239.646    23.6753    23.6753    1501.53          1      57415         17  0.000e+00
  431209557      6.169      6.222   3.902076   3.902320    31.8804    31.8810    14.4954    14.4973    14.4945    14.4965     1.4322     1.3834     0.2503    89.5717     0.0044     4.1807   93.64150    5.48922    239.479    23.6752    23.6752    1501.53          1      57416         17  0.000e+00
  431209557      6.107      6.159   3.902313   3.902428    31.8818    31.8808    14.4963    14.4989    14.4955    14.4980     1.4322     1.3822     0.2515    89.5717     0.0044     4.1807   93.69161    5.49200    239.600    23.6760    23.6747    1501.53          1      57417         17  0.000e+00
  431209557      6.076      6.128   3.902446   3.902469    31.8823    31.8808    14.4972    14.4994    14.4964    14.4985     1.4322     1.3822     0.2503    89.5717     0.0044     4.1807   93.68792    5.49167    239.586    23.6762    23.6746    1501.53          1      57418         17  0.000e+00
  431209557      6.076      6.128   3.902467   3.902503    31.8822    31.8807    14.4976    14.4999    14.4967    14.4990     1.4322     1.3834     0.2503    89.5717     0.0044     4.1807   93.69289    5.49193    239.597    23.6761    23.6744    1501.53          1      57419         17  0.000e+00
  431209557      6.057      6.109   3.902411   3.902483    31.8817    31.8804    14.4976    14.5000    14.4967    14.4991     1.4322     1.3822     0.2503    89.5717     0.0044     4.1807   93.69796    5.49224    239.611    23.6757    23.6741    1501.53          1      57420         17  0.000e+00
  431209557      6.032      6.084   3.902397   3.902455    31.8815    31.8802    14.4977    14.4999    14.4968    14.4990     1.4322     1.3822     0.2491    89.5717     0.0044     4.1807   93.70329    5.49255    239.624    23.6755    23.6741    1501.53          1      57421         17  0.000e+00
  431209557      6.014      6.065   3.902369   3.902421    31.8815    31.8802    14.4974    14.4996    14.4965    14.4987     1.4322     1.3834     0.2503    89.5717     0.0044     4.1807   93.64692    5.48928    239.481    23.6756    23.6741    1501.53          1      57422         17  0.000e+00
  431209557      5.989      6.040   3.902383   3.902381    31.8819    31.8804    14.4971    14.4989    14.4962    14.4980     1.4322     1.3834     0.2503    89.5717     0.0044     4.1807   93.70741    5.49285    239.637    23.6760    23.6744    1501.53          1      57423         17  0.000e+00
  431209557      5.939      5.989   3.902397   3.902272    31.8820    31.8799    14.4971    14.4984    14.4963    14.4975     1.4322     1.3846     0.2503    89.5717     0.0044     4.1807   93.71377    5.49321    239.653    23.6760    23.6741    1501.53          1      57424         17  0.000e+00
  431209557      5.970      6.021   3.902397   3.902157    31.8819    31.8795    14.4972    14.4975    14.4964    14.4967     1.4335     1.3834     0.2503    89.5717     0.0044     4.1807   93.71315    5.49316    239.651    23.6759    23.6740    1501.53          1      57425         17  0.000e+00
  431209557      5.895      5.945   3.902369   3.902109    31.8818    31.8799    14.4971    14.4965    14.4962    14.4957     1.4322     1.3822     0.2503    89.5717     0.0044     4.1807   93.64917    5.48944    239.488    23.6759    23.6745    1501.53          1      57426         17  0.000e+00
  431209557      5.877      5.927   3.902362   3.902021    31.8817    31.8799    14.4971    14.4955    14.4963    14.4947     1.4322     1.3834     0.2503    89.5717     0.0044     4.1807   93.70244    5.49255    239.624    23.6758    23.6747    1501.53          1      57427         17  0.000e+00
  431209558      5.895      5.945   3.902432   3.902021    31.8824    31.8806    14.4971    14.4947    14.4962    14.4938     1.4310     1.3834     0.2503    89.5717     0.0044     4.1807   93.71028    5.49300    239.643    23.6763    23.6754    1501.53          1      57428         17  0.000e+00
  431209558      5.827      5.876   3.902383   3.902034    31.8817    31.8805    14.4974    14.4951    14.4965    14.4942     1.4322     1.3822     0.2503    89.5717     0.0044     4.1807   93.71741    5.49340    239.661    23.6757    23.6752    1501.53          1      57429         17  0.000e+00
  431209558      5.852      5.901   3.902383   3.902055    31.8816    31.8806    14.4975    14.4951    14.4966    14.4942     1.4310     1.3834     0.2503    89.5717     0.0044     4.1807   93.71770    5.49341    239.662    23.6756    23.6754    1501.53          1      57430         17  0.000e+00
  431209558      5.802      5.851   3.902418   3.902041    31.8822    31.8805    14.4972    14.4951    14.4964    14.4942     1.4322     1.3822     0.2491    89.5717     0.0044     4.1807   93.77922    5.49703    239.819    23.6761    23.6753    1501.53          1      57431         17  0.000e+00
  431209558      5.783      5.832   3.902404   3.902055    31.8819    31.8808    14.4974    14.4949    14.4966    14.4940     1.4322     1.3822     0.2491    89.5717     0.0044     4.1807   93.72450    5.49381    239.679    23.6759    23.6755    1501.53          1      57432         17  0.000e+00
  431209558      5.758      5.807   3.902446   3.902041    31.8823    31.8807    14.4974    14.4949    14.4966    14.4940     1.4322     1.3822     0.2491    89.5717     0.0044     4.1807   93.72388    5.49376    239.677    23.6762    23.6755    1501.53          1      57433         17  0.000e+00
  431209558      5.739      5.788   3.902536   3.902007    31.8826    31.8808    14.4980    14.4944    14.4972    14.4935     1.4322     1.3834     0.2503    89.5978     0.0044     4.1819   93.78542    5.49729    239.831    23.6763    23.6757    1501.53          1      57434         17  0.000e+00
  431209558      5.715      5.763   3.902613   3.901946    31.8823    31.8805    14.4993    14.4940    14.4984    14.4932     1.4322     1.3834     0.2491    89.6240     0.0044     4.1832   93.79240    5.49757    239.843    23.6758    23.6755    1501.53          1      57435         17  0.000e+00
  431209558      5.690      5.738   3.902578   3.901851    31.8819    31.8801    14.4994    14.4935    14.4986    14.4927     1.4322     1.3834     0.2503    89.6240     0.0044     4.1832   93.79905    5.49796    239.860    23.6754    23.6753    1501.53          1      57436         17  0.000e+00
  431209558      5.715      5.763   3.902488   3.901804    31.8815    31.8805    14.4988    14.4925    14.4980    14.4917     1.4322     1.3822     0.2503    89.6240     0.0044     4.1832   93.74387    5.49480    239.722    23.6753    23.6758    1501.53          1      57437         17  0.000e+00
  431209558      5.646      5.694   3.902383   3.901817    31.8813    31.8806    14.4979    14.4925    14.4971    14.4917     1.4322     1.3834     0.2503    89.6240     0.0044     4.1832   93.74174    5.49478    239.722    23.6753    23.6759    1501.53          1      57438         17  0.000e+00
  431209558      5.621      5.669   3.902404   3.901831    31.8818    31.8809    14.4976    14.4924    14.4968    14.4916     1.4322     1.3834     0.2503    89.6240     0.0044     4.1832   93.74012    5.49471    239.718    23.6758    23.6761    1501.53          1      57439         17  0.000e+00
  431209558      5.577      5.625   3.902550   3.901776    31.8823    31.8805    14.4986    14.4922    14.4978    14.4914     1.4322     1.3822     0.2491    89.6240     0.0044     4.1832   93.73827    5.49447    239.708    23.6759    23.6759    1501.53          1      57440         18  0.000e+00
  431209558      5.602      5.650   3.902620   3.901708    31.8819    31.8806    14.4999    14.4914    14.4991    14.4906     1.4322     1.3822     0.2491    89.6240     0.0044     4.1832   93.73723    5.49428    239.700    23.6753    23.6761    1501.53          1      57441         18  0.000e+00
  431209558      5.577      5.625   3.902683   3.901695    31.8822    31.8809    14.5003    14.4909    14.4995    14.4901     1.4322     1.3846     0.2503    89.6240     0.0044     4.1832   93.74388    5.49462    239.714    23.6755    23.6764    1501.53          1      57442         18  0.000e+00
  431209558      5.553      5.600   3.902808   3.901641    31.8827    31.8806    14.5010    14.4907    14.5002    14.4899     1.4322     1.3834     0.2430    89.6240     0.0044     4.1832   93.74259    5.49445    239.707    23.6757    23.6762    1501.54          1      57443         18  0.000e+00
  431209558      5.484      5.531   3.902864   3.901647    31.8824    31.8808    14.5021    14.4906    14.5013    14.4898     1.4322     1.3834     0.2369    89.6240     0.0044     4.1832   93.80288    5.49787    239.856    23.6752    23.6764    1501.54          1      57444         18  0.000e+00
  431209558      5.509      5.556   3.902899   3.901525    31.8818    31.8796    14.5031    14.4906    14.5023    14.4898     1.4322     1.3834     0.2344    89.6240     0.0044     4.1832   93.80978    5.49818    239.870    23.6746    23.6755    1501.54          1      57445         18  0.000e+00
  431209558      5.484      5.531   3.902913   3.901566    31.8815    31.8798    14.5037    14.4909    14.5029    14.4901     1.4322     1.3834     0.2357    89.6502     0.0044     4.1844   93.75367    5.49484    239.724    23.6742    23.6756    1501.54          1      57446         18  0.000e+00
  431209558      5.484      5.531   3.903143   3.901797    31.8826    31.8812    14.5049    14.4917    14.5041    14.4909     1.4322     1.3846     0.2357    89.6240     0.0044     4.1832   93.76027    5.49505    239.733    23.6748    23.6765    1501.55          1      57447         18  0.000e+00
  431209558      5.415      5.462   3.903526   3.902197    31.8832    31.8828    14.5084    14.4942    14.5077    14.4934     1.4322     1.3846     0.2357    89.6240     0.0044     4.1832   93.75810    5.49451    239.710    23.6745    23.6772    1501.56          1      57448         18  0.000e+00
  431209558      5.434      5.480   3.903708   3.902713    31.8822    31.8827    14.5116    14.5000    14.5108    14.4992     1.4322     1.3846     0.2357    89.6502     0.0044     4.1844   93.75698    5.49413    239.694    23.6731    23.6759    1501.57          1      57449         18  0.000e+00
  431209558      5.372      5.418   3.903652   3.903086    31.8813    31.8821    14.5121    14.5049    14.5114    14.5041     1.4322     1.3846     0.2357    89.6502     0.0044     4.1844   93.75491    5.49398    239.687    23.6723    23.6745    1501.57          1      57450         18  0.000e+00
  431209558      5.391      5.436   3.903478   3.903290    31.8812    31.8812    14.5103    14.5082    14.5095    14.5074     1.4322     1.3822     0.2357    89.6240     0.0044     4.1832   93.75382    5.49413    239.693    23.6726    23.6731    1501.56          1      57451         18  0.000e+00
  431209559      5.372      5.418   3.903345   3.903304    31.8813    31.8800    14.5088    14.5098    14.5080    14.5091     1.4310     1.3822     0.2357    89.6240     0.0044     4.1832   93.75229    5.49420    239.697    23.6730    23.6718    1501.56          1      57452         18  0.000e+00
  431209559      5.347      5.392   3.903289   3.903175    31.8816    31.8791    14.5078    14.5095    14.5070    14.5087     1.4310     1.3834     0.2357    89.6240     0.0044     4.1832   93.75068    5.49421    239.697    23.6734    23.6712    1501.55          1      57453         18  0.000e+00
  431209559      5.322      5.367   3.903234   3.902822    31.8816    31.8794    14.5071    14.5053    14.5063    14.5046     1.4322     1.3834     0.2357    89.6240     0.0044     4.1832   93.74907    5.49418    239.696    23.6736    23.6722    1501.55          1      57454         18  0.000e+00
  431209559      5.347      5.392   3.903373   3.902618    31.8822    31.8790    14.5080    14.5035    14.5072    14.5028     1.4310     1.3834     0.2357    89.6502     0.0044     4.1844   93.74803    5.49401    239.688    23.6739    23.6723    1501.56          1      57455         18  0.000e+00
  431209559      5.297      5.342   3.903471   3.902625    31.8822    31.8785    14.5091    14.5042    14.5084    14.5034     1.4322     1.3834     0.2357    89.6763     0.0044     4.1856   93.75438    5.49425    239.699    23.6736    23.6718    1501.56          1      57456         18  0.000e+00
  431209559      5.235      5.279   3.903443   3.902747    31.8813    31.8788    14.5099    14.5052    14.5092    14.5044     1.4322     1.3846     0.2357    89.6763     0.0044     4.1856   93.75264    5.49409    239.692    23.6727    23.6718    1501.56          1      57457         18  0.000e+00
  431209559      5.297      5.342   3.903401   3.902761    31.8813    31.8785    14.5095    14.5057    14.5087    14.5049     1.4322     1.3846     0.2357    89.6763     0.0044     4.1856   93.75239    5.49413    239.694    23.6728    23.6715    1501.56          1      57458         18  0.000e+00
  431209559      5.235      5.279   3.903394   3.902720    31.8819    31.8790    14.5086    14.5047    14.5078    14.5039     1.4322     1.3846     0.2357    89.6502     0.0044     4.1844   93.75067    5.49410    239.692    23.6735    23.6721    1501.56          1      57459         18  0.000e+00
  431209559      5.254      5.298   3.903492   3.902665    31.8821    31.8796    14.5095    14.5034    14.5087    14.5026     1.4322     1.3834     0.2369    89.6763     0.0044     4.1856   93.74162    5.49347    239.665    23.6735    23.6728    1501.56          1      57460         18  0.000e+00
  431209559      5.185      5.229   3.903833   3.902570    31.8828    31.8797    14.5124    14.5022    14.5117    14.5015     1.4322     1.3834     0.2357    89.6502     0.0044     4.1844   93.80155    5.49663    239.803    23.6734    23.6731    1501.57          1      57461         18  0.000e+00
  431209559      5.254      5.298   3.904168   3.902672    31.8825    31.8809    14.5164    14.5018    14.5157    14.5011     1.4322     1.3834     0.2357    89.6763     0.0044     4.1856   93.81688    5.49709    239.823    23.6723    23.6741    1501.58          1      57462         18  0.000e+00
  431209559      5.185      5.229   3.904426   3.903080    31.8820    31.8813    14.5199    14.5058    14.5192    14.5051     1.4322     1.3846     0.2357    89.6763     0.0044     4.1856   93.76023    5.49340    239.662    23.6712    23.6736    1501.59          1      57463         18  0.000e+00
  431209559      5.160      5.204   3.904565   3.903765    31.8820    31.8821    14.5215    14.5125    14.5207    14.5118     1.4322     1.3834     0.2357    89.6502     0.0044     4.1844   93.75827    5.49312    239.650    23.6709    23.6728    1501.60          1      57464         18  0.000e+00
  431209559      5.160      5.204   3.904642   3.904281    31.8815    31.8813    14.5230    14.5192    14.5222    14.5185     1.4322     1.3846     0.2357    89.6763     0.0044     4.1856   93.74834    5.49239    239.618    23.6701    23.6708    1501.60          1      57465         18  0.000e+00
