ROS/FK009A_CTD006_20130820.ros
* Sea-Bird SBE 9 Data File:
* FileName = C:\Falkor-Data-2013\FK009A\CTD\FK009A_CTD006_20130820.hex
* Software Version Seasave V 7.21f
* Temperature SN = 5483
* Conductivity SN = 3916
* Number of Bytes Per Scan = 41
* Number of Voltage Words = 4
* Number of Scans Averaged by the Deck Unit = 1
* NMEA Latitude = 48 24.36 N
* NMEA Longitude = 125 53.59 W
* NMEA UTC (Time) = Aug 20 2013 00:47:16
* NMEA baud rate = 4800
** Ship:
** Station: BCC2
** Operator:
# nquan = 27
# nvalues = 441                                   
# units = specified
# name 0 = timeQ: Time, NMEA [seconds]
# name 1 = depSM: Depth [salt water, m]
# name 2 = prDM: Pressure, Digiquartz [db]
# name 3 = c0S/m: Conductivity [S/m]
# name 4 = c1S/m: Conductivity, 2 [S/m]
# name 5 = sal00: Salinity, Practical [PSU]
# name 6 = sal11: Salinity, Practical, 2 [PSU]
# name 7 = t090C: Temperature [ITS-90, deg C]
# name 8 = t190C: Temperature, 2 [ITS-90, deg C]
# name 9 = potemp090C: Potential Temperature [ITS-90, deg C]
# name 10 = potemp190C: Potential Temperature, 2 [ITS-90, deg C]
# name 11 = v2: Voltage 2
# name 12 = v3: Voltage 3
# name 13 = v0: Voltage 0
# name 14 = CStarTr0: Beam Transmission, WET Labs C-Star [%]
# name 15 = CStarAt0: Beam Attenuation, WET Labs C-Star [1/m]
# name 16 = v5: Voltage 5
# name 17 = sbeox0PS: Oxygen, SBE 43 [% saturation]
# name 18 = sbeox0ML/L: Oxygen, SBE 43 [ml/l]
# name 19 = sbeox0Mm/Kg: Oxygen, SBE 43 [umol/Kg]
# name 20 = sigma-é00: Density [sigma-theta, Kg/m^3]
# name 21 = sigma-é11: Density, 2 [sigma-theta, Kg/m^3]
# name 22 = svCM: Sound Velocity [Chen-Millero, m/s]
# name 23 = modError: Modulo Error Count
# name 24 = scan: Scan Count
# name 25 = nbf: Bottles Fired
# name 26 = flag:  0.000e+00
# interval = seconds: 0.0416667
# start_time = Jan 01 2000 00:47:16 [NMEA time, first data scan]
# bad_flag = -9.990e-29
*END*
[from data line 162]
  430275602     99.464    100.333   3.449040   3.448817    33.8370    33.8356     7.2428     7.2418     7.2335     7.2325     2.2918     0.8510     0.0769   100.0357    -0.0000     4.6691   36.38581    2.46157    107.099    26.4704    26.4694    1479.79          0      18375          4  0.000e+00
  430275602     99.420    100.289   3.449060   3.448817    33.8369    33.8353     7.2432     7.2421     7.2338     7.2327     2.2918     0.8498     0.0769   100.0357    -0.0000     4.6691   36.30490    2.45608    106.860    26.4703    26.4692    1479.79          0      18376          4  0.000e+00
  430275602     99.464    100.333   3.449046   3.448836    33.8371    33.8357     7.2428     7.2419     7.2335     7.2326     2.2906     0.8510     0.0769   100.0357    -0.0000     4.6691   36.35839    2.45972    107.018    26.4705    26.4695    1479.79          0      18377          4  0.000e+00
  430275602     99.464    100.333   3.449060   3.448823    33.8372    33.8355     7.2428     7.2420     7.2335     7.2326     2.2918     0.8510     0.0757   100.0357    -0.0000     4.6691   36.35646    2.45958    107.012    26.4706    26.4694    1479.79          0      18378          4  0.000e+00
  430275602     99.507    100.378   3.449066   3.448836    33.8373    33.8355     7.2428     7.2421     7.2335     7.2327     2.2918     0.8498     0.0769   100.0357    -0.0000     4.6691   36.35475    2.45947    107.007    26.4706    26.4694    1479.79          0      18379          4  0.000e+00
  430275602     99.557    100.428   3.449086   3.448843    33.8372    33.8357     7.2432     7.2419     7.2338     7.2326     2.2918     0.8498     0.0769   100.0357    -0.0000     4.6691   36.41976    2.46385    107.198    26.4705    26.4695    1479.79          0      18380          4  0.000e+00
  430275602     99.557    100.428   3.449093   3.448843    33.8371    33.8353     7.2433     7.2423     7.2340     7.2330     2.2918     0.8498     0.0757   100.0357    -0.0000     4.6691   36.36217    2.45994    107.028    26.4704    26.4692    1479.79          0      18381          4  0.000e+00
  430275602     99.557    100.428   3.449093   3.448843    33.8368    33.8356     7.2436     7.2421     7.2343     7.2327     2.2906     0.8498     0.0769   100.0357    -0.0000     4.6691   36.42647    2.46428    107.217    26.4701    26.4694    1479.79          0      18382          4  0.000e+00
  430275602     99.601    100.472   3.449120   3.448843    33.8370    33.8357     7.2436     7.2419     7.2343     7.2326     2.2918     0.8498     0.0769   100.0095    -0.0000     4.6679   36.42331    2.46406    107.207    26.4703    26.4695    1479.79          0      18383          4  0.000e+00
  430275602     99.651    100.522   3.449133   3.448862    33.8368    33.8357     7.2440     7.2421     7.2346     7.2328     2.2918     0.8510     0.0781   100.0095    -0.0000     4.6679   36.48592    2.46828    107.391    26.4701    26.4695    1479.79          0      18384          4  0.000e+00
  430275602     99.695    100.567   3.449153   3.448895    33.8373    33.8359     7.2436     7.2422     7.2343     7.2329     2.2918     0.8498     0.0781   100.0095    -0.0000     4.6679   36.43722    2.46500    107.248    26.4706    26.4697    1479.79          0      18385          4  0.000e+00
  430275602     99.695    100.567   3.449140   3.448882    33.8369    33.8355     7.2440     7.2425     7.2346     7.2331     2.2918     0.8498     0.0781    99.9833     0.0000     4.6667   36.37625    2.46086    107.068    26.4702    26.4693    1479.80          0      18386          4  0.000e+00
  430275602     99.738    100.611   3.449153   3.448875    33.8372    33.8350     7.2438     7.2429     7.2344     7.2335     2.2918     0.8498     0.0781    99.9833     0.0000     4.6667   36.37069    2.46049    107.052    26.4704    26.4689    1479.80          0      18387          4  0.000e+00
  430275602     99.788    100.661   3.449140   3.448895    33.8373    33.8348     7.2435     7.2434     7.2341     7.2340     2.2918     0.8510     0.0781    99.9833     0.0000     4.6667   36.43191    2.46465    107.233    26.4706    26.4686    1479.80          0      18388          4  0.000e+00
  430275602     99.832    100.705   3.449106   3.448907    33.8366    33.8347     7.2438     7.2436     7.2344     7.2342     2.2918     0.8486     0.0781    99.9833     0.0000     4.6667   36.43739    2.46501    107.249    26.4700    26.4685    1479.80          0      18389          4  0.000e+00
  430275602     99.832    100.705   3.449146   3.448933    33.8372    33.8349     7.2436     7.2437     7.2343     7.2343     2.2918     0.8498     0.0781    99.9833     0.0000     4.6667   36.44221    2.46534    107.263    26.4705    26.4686    1479.80          0      18390          4  0.000e+00
  430275602     99.876    100.749   3.449166   3.448940    33.8371    33.8349     7.2440     7.2437     7.2346     7.2343     2.2906     0.8498     0.0781    99.9833     0.0000     4.6667   36.43470    2.46481    107.240    26.4703    26.4687    1479.80          0      18391          4  0.000e+00
  430275602     99.926    100.800   3.449186   3.448959    33.8374    33.8350     7.2438     7.2438     7.2344     7.2344     2.2918     0.8498     0.0781    99.9833     0.0000     4.6667   36.35955    2.45973    107.019    26.4706    26.4687    1479.80          0      18392          4  0.000e+00
  430275602     99.969    100.844   3.449146   3.448946    33.8370    33.8348     7.2438     7.2438     7.2344     7.2344     2.2918     0.8498     0.0781    99.9833     0.0000     4.6667   36.41783    2.46368    107.191    26.4703    26.4685    1479.80          0      18393          4  0.000e+00
  430275602     99.969    100.844   3.449153   3.448940    33.8374    33.8347     7.2435     7.2438     7.2341     7.2344     2.2918     0.8510     0.0769    99.9833     0.0000     4.6667   36.42026    2.46386    107.198    26.4706    26.4685    1479.80          0      18394          4  0.000e+00
  430275603    100.063    100.938   3.449199   3.448959    33.8377    33.8351     7.2436     7.2436     7.2342     7.2342     2.2918     0.8498     0.0781    99.9833     0.0000     4.6667   36.35588    2.45949    107.008    26.4708    26.4689    1479.80          0      18395          4  0.000e+00
  430275603    100.063    100.938   3.449173   3.448972    33.8374    33.8350     7.2436     7.2438     7.2342     7.2344     2.2918     0.8498     0.0781    99.9833     0.0000     4.6667   36.42502    2.46417    107.212    26.4706    26.4687    1479.80          0      18396          4  0.000e+00
  430275603    100.107    100.982   3.449166   3.448946    33.8373    33.8348     7.2436     7.2438     7.2342     7.2344     2.2918     0.8510     0.0781    99.9833     0.0000     4.6667   36.36042    2.45980    107.022    26.4705    26.4685    1479.80          0      18397          4  0.000e+00
  430275603    100.157    101.033   3.449186   3.448959    33.8373    33.8348     7.2438     7.2438     7.2344     7.2344     2.2918     0.8498     0.0781    99.9833     0.0000     4.6667   36.36305    2.45997    107.029    26.4706    26.4686    1479.80          0      18398          4  0.000e+00
  430275603    100.200    101.077   3.449193   3.448972    33.8374    33.8356     7.2438     7.2432     7.2344     7.2338     2.2918     0.8510     0.0781    99.9833     0.0000     4.6667   36.42085    2.46388    107.199    26.4706    26.4692    1479.80          0      18399          4  0.000e+00
  430275603    100.244    101.121   3.449193   3.448946    33.8370    33.8354     7.2441     7.2431     7.2347     7.2337     2.2918     0.8510     0.0781    99.9833     0.0000     4.6667   36.42296    2.46401    107.205    26.4703    26.4691    1479.80          0      18400          4  0.000e+00
  430275603    100.244    101.121   3.449173   3.448979    33.8371    33.8356     7.2438     7.2432     7.2344     7.2338     2.2918     0.8498     0.0781    99.9833     0.0000     4.6667   36.42443    2.46413    107.210    26.4704    26.4693    1479.80          0      18401          4  0.000e+00
  430275603    100.338    101.215   3.449166   3.449018    33.8369    33.8363     7.2440     7.2429     7.2345     7.2335     2.2918     0.8510     0.0781    99.9833     0.0000     4.6667   36.42582    2.46422    107.214    26.4702    26.4699    1479.81          0      18402          4  0.000e+00
  430275603    100.387    101.266   3.449166   3.449011    33.8372    33.8361     7.2436     7.2429     7.2342     7.2335     2.2918     0.8498     0.0769    99.9833     0.0000     4.6667   36.42656    2.46428    107.217    26.4704    26.4697    1479.81          0      18403          4  0.000e+00
  430275603    100.387    101.266   3.449166   3.448979    33.8372    33.8360     7.2436     7.2427     7.2342     7.2333     2.2918     0.8498     0.0769    99.9833     0.0000     4.6667   36.42656    2.46428    107.217    26.4704    26.4697    1479.81          0      18404          4  0.000e+00
  430275603    100.475    101.354   3.449166   3.448972    33.8371    33.8362     7.2436     7.2424     7.2342     7.2329     2.2918     0.8510     0.0781   100.0095    -0.0000     4.6679   36.42650    2.46428    107.217    26.4704    26.4699    1479.81          0      18405          4  0.000e+00
  430275603    100.475    101.354   3.449166   3.448972    33.8374    33.8366     7.2433     7.2420     7.2339     7.2325     2.2918     0.8510     0.0781   100.0095    -0.0000     4.6679   36.42555    2.46423    107.214    26.4707    26.4703    1479.81          0      18406          4  0.000e+00
  430275603    100.525    101.404   3.449140   3.448947    33.8371    33.8365     7.2433     7.2418     7.2339     7.2323     2.2918     0.8510     0.0781   100.0095    -0.0000     4.6679   36.42435    2.46415    107.211    26.4705    26.4702    1479.81          0      18407          4  0.000e+00
  430275603    100.525    101.404   3.449173   3.448940    33.8378    33.8364     7.2430     7.2418     7.2336     7.2324     2.2918     0.8498     0.0781    99.9833     0.0000     4.6667   36.42245    2.46403    107.206    26.4710    26.4701    1479.81          0      18408          4  0.000e+00
  430275736     72.262     72.889   3.444008   3.443661    33.6937    33.6888     7.3472     7.3483     7.3404     7.3415     2.1197     0.8571     0.0745   100.0357    -0.0000     4.6691   45.01026    3.04065    132.310    26.3427    26.3387    1479.56          0      21583          5  0.000e+00
  430275736     72.281     72.908   3.443982   3.443680    33.6936    33.6892     7.3470     7.3481     7.3402     7.3413     2.1197     0.8571     0.0745   100.0357    -0.0000     4.6691   45.01560    3.04102    132.326    26.3426    26.3390    1479.56          0      21584          5  0.000e+00
  430275736     72.262     72.889   3.443995   3.443699    33.6935    33.6899     7.3472     7.3476     7.3404     7.3408     2.1197     0.8584     0.0757   100.0618    -0.0000     4.6703   45.02069    3.04135    132.341    26.3426    26.3397    1479.56          0      21585          5  0.000e+00
  430275736     72.306     72.933   3.443982   3.443686    33.6931    33.6899     7.3475     7.3475     7.3407     7.3407     2.1197     0.8571     0.0757   100.0618    -0.0000     4.6703   45.01429    3.04091    132.321    26.3422    26.3397    1479.56          0      21586          5  0.000e+00
  430275736     72.325     72.952   3.443995   3.443680    33.6929    33.6896     7.3478     7.3476     7.3410     7.3408     2.1197     0.8571     0.0757   100.0618    -0.0000     4.6703   45.00726    3.04042    132.300    26.3420    26.3395    1479.56          0      21587          5  0.000e+00
  430275736     72.356     72.984   3.443982   3.443680    33.6926    33.6891     7.3480     7.3481     7.3412     7.3413     2.1197     0.8584     0.0757   100.0618    -0.0000     4.6703   45.01170    3.04071    132.313    26.3417    26.3390    1479.56          0      21588          5  0.000e+00
  430275736     72.356     72.984   3.443955   3.443699    33.6922    33.6895     7.3480     7.3480     7.3412     7.3412     2.1197     0.8584     0.0745   100.0618    -0.0000     4.6703   45.01596    3.04100    132.325    26.3415    26.3393    1479.56          0      21589          5  0.000e+00
  430275736     72.399     73.028   3.443949   3.443686    33.6920    33.6893     7.3481     7.3480     7.3413     7.3412     2.1197     0.8571     0.0757   100.0618    -0.0000     4.6703   45.02048    3.04130    132.339    26.3413    26.3392    1479.56          0      21590          5  0.000e+00
  430275736     72.418     73.047   3.443969   3.443725    33.6924    33.6899     7.3480     7.3478     7.3411     7.3410     2.1197     0.8584     0.0757   100.0618    -0.0000     4.6703   45.02487    3.04160    132.352    26.3416    26.3396    1479.56          0      21591          5  0.000e+00
  430275736     72.449     73.078   3.443942   3.443719    33.6919    33.6902     7.3481     7.3475     7.3413     7.3407     2.1197     0.8571     0.0757   100.0618    -0.0000     4.6703   45.04117    3.04270    132.400    26.3412    26.3399    1479.56          0      21592          5  0.000e+00
  430275736     72.449     73.078   3.443962   3.443712    33.6924    33.6899     7.3479     7.3476     7.3410     7.3408     2.1197     0.8571     0.0745   100.0357    -0.0000     4.6691   45.04593    3.04303    132.414    26.3416    26.3397    1479.56          0      21593          5  0.000e+00
  430275736     72.462     73.091   3.443975   3.443712    33.6929    33.6902     7.3475     7.3473     7.3407     7.3405     2.1197     0.8584     0.0757   100.0618    -0.0000     4.6703   45.03892    3.04258    132.394    26.3421    26.3400    1479.56          0      21594          5  0.000e+00
  430275736     72.493     73.122   3.443995   3.443732    33.6933    33.6903     7.3473     7.3475     7.3405     7.3406     2.1197     0.8584     0.0757   100.0357    -0.0000     4.6691   45.03152    3.04208    132.372    26.3424    26.3400    1479.56          0      21595          5  0.000e+00
  430275736     72.493     73.122   3.444008   3.443719    33.6934    33.6898     7.3474     7.3478     7.3406     7.3410     2.1197     0.8571     0.0757   100.0357    -0.0000     4.6691   44.96896    3.03785    132.188    26.3425    26.3396    1479.56          0      21596          5  0.000e+00
  430275736     72.555     73.185   3.444008   3.443712    33.6934    33.6895     7.3473     7.3480     7.3405     7.3412     2.1197     0.8584     0.0769   100.0357    -0.0000     4.6691   45.02857    3.04188    132.363    26.3425    26.3393    1479.56          0      21597          5  0.000e+00
  430275736     72.537     73.166   3.444008   3.443661    33.6932    33.6884     7.3475     7.3486     7.3407     7.3418     2.1197     0.8584     0.0781   100.0357    -0.0000     4.6691   44.96636    3.03767    132.180    26.3423    26.3384    1479.57          0      21598          5  0.000e+00
  430275736     72.537     73.166   3.443962   3.443622    33.6924    33.6875     7.3478     7.3491     7.3410     7.3423     2.1197     0.8571     0.0781   100.0357    -0.0000     4.6691   44.95970    3.03721    132.161    26.3417    26.3376    1479.57          0      21599          5  0.000e+00
  430275736     72.555     73.185   3.443969   3.443615    33.6921    33.6876     7.3482     7.3489     7.3413     7.3421     2.1197     0.8571     0.0769   100.0357    -0.0000     4.6691   44.95361    3.03678    132.142    26.3414    26.3377    1479.57          0      21600          5  0.000e+00
