ROS/FK009A_CTD038_20130827.ros
* Sea-Bird SBE 9 Data File:
* FileName = C:\Falkor-Data-2013\FK009A\CTD\FK009A_CTD038_20130827.hex
* Software Version Seasave V 7.21f
* Temperature SN = 5483
* Conductivity SN = 3916
* Number of Bytes Per Scan = 41
* Number of Voltage Words = 4
* Number of Scans Averaged by the Deck Unit = 1
* NMEA Latitude = 48 21.13 N
* NMEA Longitude = 125 18.85 W
* NMEA UTC (Time) = Aug 27 2013 20:17:29
* NMEA baud rate = 4800
** Ship: RV Falkor
** Station: NN03
** Operator: CP
# nquan = 27
# nvalues = 392                                   
# units = specified
# name 0 = timeQ: Time, NMEA [seconds]
# name 1 = depSM: Depth [salt water, m]
# name 2 = prDM: Pressure, Digiquartz [db]
# name 3 = c0S/m: Conductivity [S/m]
# name 4 = c1S/m: Conductivity, 2 [S/m]
# name 5 = sal00: Salinity, Practical [PSU]
# name 6 = sal11: Salinity, Practical, 2 [PSU]
# name 7 = t090C: Temperature [ITS-90, deg C]
# name 8 = t190C: Temperature, 2 [ITS-90, deg C]
# name 9 = potemp090C: Potential Temperature [ITS-90, deg C]
# name 10 = potemp190C: Potential Temperature, 2 [ITS-90, deg C]
# name 11 = v2: Voltage 2
# name 12 = v3: Voltage 3
# name 13 = v0: Voltage 0
# name 14 = CStarTr0: Beam Transmission, WET Labs C-Star [%]
# name 15 = CStarAt0: Beam Attenuation, WET Labs C-Star [1/m]
# name 16 = v5: Voltage 5
# name 17 = sbeox0PS: Oxygen, SBE 43 [% saturation]
# name 18 = sbeox0ML/L: Oxygen, SBE 43 [ml/l]
# name 19 = sbeox0Mm/Kg: Oxygen, SBE 43 [umol/Kg]
# name 20 = sigma-é00: Density [sigma-theta, Kg/m^3]
# name 21 = sigma-é11: Density, 2 [sigma-theta, Kg/m^3]
# name 22 = svCM: Sound Velocity [Chen-Millero, m/s]
# name 23 = modError: Modulo Error Count
# name 24 = scan: Scan Count
# name 25 = nbf: Bottles Fired
# name 26 = flag:  0.000e+00
# interval = seconds: 0.0416667
# start_time = Jan 01 2000 20:17:29 [NMEA time, first data scan]
# bad_flag = -9.990e-29
*END*
[from data line 162]
  430950651     61.078     61.606   3.402494   3.402317    33.6609    33.6578     6.9218     6.9229     6.9162     6.9173     0.0000     0.0000     0.0806    97.8121     0.0009     4.5653   20.65761    1.40948     61.330    26.3753    26.3727    1477.69          0      19240          4  0.000e+00
  430950651     61.128     61.656   3.402507   3.402279    33.6607    33.6576     6.9221     6.9226     6.9165     6.9171     0.0000     0.0000     0.0818    97.8121     0.0009     4.5653   20.71218    1.41320     61.491    26.3751    26.3726    1477.69          0      19241          4  0.000e+00
  430950651     61.128     61.656   3.402514   3.402291    33.6606    33.6580     6.9222     6.9224     6.9167     6.9168     0.0000     0.0000     0.0806    97.8121     0.0009     4.5653   20.71121    1.41312     61.488    26.3750    26.3730    1477.69          0      19242          4  0.000e+00
  430950651     61.128     61.656   3.402494   3.402304    33.6601    33.6581     6.9226     6.9225     6.9170     6.9169     0.0000     0.0000     0.0794    97.8121     0.0009     4.5653   20.64324    1.40848     61.286    26.3746    26.3730    1477.69          0      19243          4  0.000e+00
  430950651     61.078     61.606   3.402488   3.402330    33.6603    33.6577     6.9222     6.9232     6.9167     6.9177     0.0000     0.0000     0.0794    97.8121     0.0009     4.5653   20.64216    1.40842     61.284    26.3748    26.3726    1477.69          0      19244          4  0.000e+00
  430950651     61.152     61.681   3.402461   3.402362    33.6603    33.6580     6.9219     6.9232     6.9164     6.9177     0.0000     0.0000     0.0794    97.8121     0.0009     4.5653   20.69633    1.41212     61.445    26.3748    26.3728    1477.69          0      19245          4  0.000e+00
  430950651     61.171     61.700   3.402474   3.402317    33.6609    33.6582     6.9214     6.9225     6.9159     6.9169     0.0000     0.0000     0.0781    97.8121     0.0009     4.5653   20.62845    1.40750     61.244    26.3754    26.3731    1477.69          0      19246          4  0.000e+00
  430950651     61.128     61.656   3.402461   3.402259    33.6613    33.6575     6.9209     6.9225     6.9154     6.9170     0.0000     0.0000     0.0781    97.8121     0.0009     4.5653   20.61532    1.40662     61.205    26.3757    26.3725    1477.69          0      19247          4  0.000e+00
  430950651     61.171     61.700   3.402455   3.402311    33.6614    33.6585     6.9208     6.9221     6.9152     6.9165     0.0000     0.0000     0.0781    97.8121     0.0009     4.5653   20.66892    1.41028     61.365    26.3758    26.3734    1477.69          0      19248          4  0.000e+00
  430950651     61.171     61.700   3.402455   3.402311    33.6614    33.6587     6.9208     6.9219     6.9152     6.9163     0.0000     0.0000     0.0781    97.8121     0.0009     4.5653   20.66699    1.41015     61.359    26.3758    26.3736    1477.69          0      19249          4  0.000e+00
  430950651     61.128     61.656   3.402455   3.402279    33.6615    33.6582     6.9206     6.9221     6.9151     6.9165     0.0000     0.0000     0.0781    97.8121     0.0009     4.5653   20.66447    1.40998     61.351    26.3760    26.3731    1477.69          0      19250          4  0.000e+00
  430950651     61.171     61.700   3.402428   3.402253    33.6612    33.6584     6.9206     6.9216     6.9151     6.9160     0.0000     0.0000     0.0794    97.8121     0.0009     4.5653   20.66169    1.40979     61.343    26.3757    26.3734    1477.69          0      19251          4  0.000e+00
  430950651     61.215     61.744   3.402375   3.402266    33.6611    33.6589     6.9201     6.9211     6.9146     6.9156     0.0000     0.0000     0.0794    97.8121     0.0009     4.5653   20.65845    1.40959     61.334    26.3757    26.3738    1477.68          0      19252          4  0.000e+00
  430950651     61.171     61.700   3.402415   3.402272    33.6615    33.6585     6.9201     6.9216     6.9146     6.9161     0.0000     0.0000     0.0781    97.8121     0.0009     4.5653   20.58797    1.40478     61.125    26.3760    26.3735    1477.68          0      19253          4  0.000e+00
  430950651     61.171     61.700   3.402375   3.402292    33.6616    33.6590     6.9197     6.9213     6.9141     6.9158     0.0000     0.0012     0.0781    97.8644     0.0009     4.5678   20.58461    1.40456     61.116    26.3761    26.3739    1477.68          0      19254          4  0.000e+00
  430950651     61.215     61.744   3.402402   3.402279    33.6620    33.6589     6.9195     6.9213     6.9139     6.9157     0.0000     0.0000     0.0781    98.0475     0.0008     4.5763   20.58184    1.40437     61.108    26.3765    26.3738    1477.68          0      19255          4  0.000e+00
  430950651     61.171     61.700   3.402402   3.402272    33.6624    33.6590     6.9192     6.9211     6.9136     6.9156     0.0000     0.0000     0.0794    98.1521     0.0007     4.5812   20.56726    1.40339     61.065    26.3768    26.3739    1477.68          0      19256          4  0.000e+00
  430950651     61.171     61.700   3.402395   3.402272    33.6624    33.6596     6.9190     6.9206     6.9135     6.9150     0.0000     0.0000     0.0781    98.1521     0.0007     4.5812   20.61929    1.40694     61.219    26.3769    26.3744    1477.68          0      19257          4  0.000e+00
  430950651     61.171     61.700   3.402415   3.402227    33.6625    33.6588     6.9192     6.9208     6.9136     6.9153     0.0000     0.0000     0.0781    98.1260     0.0008     4.5800   20.61591    1.40670     61.209    26.3769    26.3738    1477.68          0      19258          4  0.000e+00
  430950652     61.215     61.744   3.402422   3.402253    33.6622    33.6590     6.9195     6.9209     6.9139     6.9153     0.0000     0.0012     0.0781    98.1260     0.0008     4.5800   20.62422    1.40726     61.233    26.3767    26.3740    1477.68          0      19259          4  0.000e+00
  430950652     61.215     61.744   3.402375   3.402253    33.6612    33.6591     6.9200     6.9208     6.9144     6.9153     0.0000     0.0000     0.0794    98.1260     0.0008     4.5800   20.63240    1.40782     61.257    26.3758    26.3740    1477.68          0      19260          4  0.000e+00
  430950652     61.215     61.744   3.402362   3.402221    33.6613    33.6597     6.9198     6.9199     6.9143     6.9143     0.0000     0.0000     0.0794    98.1260     0.0008     4.5800   20.62855    1.40756     61.246    26.3759    26.3746    1477.68          0      19261          4  0.000e+00
  430950652     61.171     61.700   3.402402   3.402214    33.6616    33.6597     6.9200     6.9198     6.9144     6.9142     0.0000     0.0000     0.0781    98.1260     0.0008     4.5800   20.63615    1.40807     61.268    26.3761    26.3746    1477.68          0      19262          4  0.000e+00
  430950652     61.215     61.744   3.402402   3.402189    33.6615    33.6596     6.9200     6.9195     6.9144     6.9140     0.0000     0.0000     0.0781    98.1260     0.0008     4.5800   20.58954    1.40489     61.130    26.3761    26.3746    1477.68          0      19263          4  0.000e+00
  430950652     61.215     61.744   3.402395   3.402182    33.6615    33.6600     6.9200     6.9191     6.9144     6.9136     0.0000     0.0000     0.0781    98.1260     0.0008     4.5800   20.59871    1.40551     61.157    26.3760    26.3749    1477.68          0      19264          4  0.000e+00
  430950652     61.171     61.700   3.402369   3.402201    33.6617    33.6602     6.9195     6.9191     6.9139     6.9135     0.0000     0.0000     0.0781    98.1260     0.0008     4.5800   20.60875    1.40621     61.188    26.3762    26.3752    1477.68          0      19265          4  0.000e+00
  430950652     61.215     61.744   3.402369   3.402163    33.6615    33.6600     6.9197     6.9189     6.9141     6.9134     0.0000     0.0000     0.0794    98.1260     0.0008     4.5800   20.60789    1.40615     61.185    26.3761    26.3750    1477.68          0      19266          4  0.000e+00
  430950652     61.215     61.744   3.402362   3.402169    33.6618    33.6600     6.9193     6.9190     6.9137     6.9134     0.0000     0.0000     0.0781    98.1260     0.0008     4.5800   20.60742    1.40613     61.184    26.3763    26.3750    1477.68          0      19267          4  0.000e+00
  430950652     61.171     61.700   3.402336   3.402201    33.6621    33.6601     6.9187     6.9192     6.9131     6.9137     0.0000     0.0000     0.0794    98.1260     0.0008     4.5800   20.59527    1.40531     61.148    26.3767    26.3750    1477.68          0      19268          4  0.000e+00
  430950652     61.215     61.744   3.402349   3.402189    33.6625    33.6599     6.9184     6.9193     6.9128     6.9137     0.0000     0.0000     0.0806    98.1260     0.0008     4.5800   20.57127    1.40368     61.077    26.3771    26.3748    1477.68          0      19269          4  0.000e+00
  430950652     61.171     61.700   3.402382   3.402201    33.6626    33.6598     6.9187     6.9195     6.9131     6.9140     0.0000     0.0000     0.0818    98.1260     0.0008     4.5800   20.62510    1.40735     61.237    26.3771    26.3747    1477.68          0      19270          4  0.000e+00
  430950652     61.171     61.700   3.402435   3.402189    33.6624    33.6593     6.9195     6.9199     6.9139     6.9143     0.0000     0.0000     0.0818    98.1260     0.0008     4.5800   20.63569    1.40804     61.267    26.3768    26.3743    1477.68          0      19271          4  0.000e+00
  430950652     61.215     61.744   3.402494   3.402201    33.6618    33.6597     6.9208     6.9196     6.9152     6.9140     0.0000     0.0000     0.0806    98.1260     0.0008     4.5800   20.64637    1.40874     61.297    26.3761    26.3747    1477.69          0      19272          4  0.000e+00
  430950652     61.171     61.700   3.402560   3.402163    33.6613    33.6594     6.9221     6.9195     6.9165     6.9140     0.0000     0.0000     0.0806    98.1260     0.0008     4.5800   20.65682    1.40941     61.327    26.3755    26.3744    1477.69          0      19273          4  0.000e+00
  430950750     51.473     51.917   3.407904   3.407653    33.5876    33.5861     7.0623     7.0610     7.0576     7.0563     0.0000     0.0000     0.0794    98.2045     0.0007     4.5836   23.45322    1.59584     69.444    26.2983    26.2973    1477.98          0      21621          5  0.000e+00
  430950750     51.442     51.885   3.407884   3.407673    33.5872    33.5863     7.0625     7.0610     7.0578     7.0563     0.0000     0.0000     0.0806    98.2045     0.0007     4.5836   23.45837    1.59619     69.459    26.2980    26.2975    1477.98          0      21622          5  0.000e+00
  430950750     51.473     51.917   3.407877   3.407660    33.5871    33.5861     7.0625     7.0610     7.0578     7.0563     0.0000     0.0000     0.0806    98.2045     0.0007     4.5836   23.45178    1.59574     69.440    26.2980    26.2974    1477.98          0      21623          5  0.000e+00
  430950750     51.516     51.961   3.407884   3.407653    33.5876    33.5864     7.0620     7.0607     7.0573     7.0560     0.0000     0.0000     0.0806    98.2045     0.0007     4.5836   23.51107    1.59979     69.616    26.2984    26.2976    1477.98          0      21624          5  0.000e+00
  430950750     51.516     51.961   3.407858   3.407602    33.5873    33.5859     7.0620     7.0606     7.0573     7.0559     0.0000     0.0000     0.0794    98.2045     0.0007     4.5836   23.51441    1.60002     69.626    26.2982    26.2973    1477.98          0      21625          5  0.000e+00
  430950750     51.516     51.961   3.407871   3.407589    33.5872    33.5863     7.0623     7.0601     7.0576     7.0553     0.0000     0.0000     0.0794    98.2045     0.0007     4.5836   23.46243    1.59647     69.471    26.2980    26.2976    1477.98          0      21626          5  0.000e+00
  430950750     51.579     52.024   3.407838   3.407544    33.5871    33.5858     7.0620     7.0601     7.0573     7.0553     0.0000     0.0000     0.0806    98.2045     0.0007     4.5836   23.46550    1.59669     69.481    26.2980    26.2972    1477.98          0      21627          5  0.000e+00
  430950750     51.610     52.055   3.407864   3.407550    33.5874    33.5863     7.0620     7.0596     7.0573     7.0549     0.0000     0.0000     0.0794    98.2045     0.0007     4.5836   23.39021    1.59157     69.258    26.2982    26.2977    1477.98          0      21628          5  0.000e+00
  430950751     51.610     52.055   3.407858   3.407563    33.5873    33.5866     7.0620     7.0595     7.0573     7.0547     0.0000     0.0000     0.0794    98.2045     0.0007     4.5836   23.38161    1.59098     69.233    26.2982    26.2979    1477.98          0      21629          5  0.000e+00
  430950751     51.610     52.055   3.407871   3.407538    33.5873    33.5865     7.0622     7.0593     7.0574     7.0546     0.0000     0.0000     0.0806    98.2045     0.0007     4.5836   23.37348    1.59042     69.208    26.2981    26.2979    1477.98          0      21630          5  0.000e+00
  430950751     51.622     52.068   3.407904   3.407550    33.5876    33.5864     7.0622     7.0595     7.0574     7.0547     0.0000     0.0000     0.0794    98.2045     0.0007     4.5836   23.43218    1.59441     69.382    26.2984    26.2978    1477.99          0      21631          5  0.000e+00
  430950751     51.610     52.055   3.407891   3.407538    33.5878    33.5860     7.0619     7.0598     7.0571     7.0550     0.0000     0.0000     0.0794    98.2045     0.0007     4.5836   23.43598    1.59468     69.393    26.2986    26.2974    1477.98          0      21632          5  0.000e+00
  430950751     51.704     52.149   3.407858   3.407570    33.5874    33.5868     7.0619     7.0593     7.0571     7.0546     0.0000     0.0000     0.0806    98.1783     0.0007     4.5824   23.44009    1.59496     69.406    26.2983    26.2981    1477.98          0      21633          5  0.000e+00
  430950751     51.654     52.099   3.407851   3.407589    33.5874    33.5865     7.0619     7.0598     7.0571     7.0550     0.0000     0.0000     0.0806    98.2045     0.0007     4.5836   23.44376    1.59521     69.417    26.2982    26.2979    1477.98          0      21634          5  0.000e+00
  430950751     51.716     52.162   3.407831   3.407608    33.5874    33.5866     7.0615     7.0599     7.0568     7.0552     0.0000     0.0000     0.0794    98.2045     0.0007     4.5836   23.43584    1.59469     69.394    26.2983    26.2979    1477.98          0      21635          5  0.000e+00
  430950751     51.704     52.149   3.407825   3.407621    33.5874    33.5867     7.0615     7.0599     7.0568     7.0552     0.0000     0.0000     0.0806    98.2045     0.0007     4.5836   23.42720    1.59410     69.368    26.2983    26.2980    1477.98          0      21636          5  0.000e+00
  430950751     51.747     52.193   3.407844   3.407621    33.5877    33.5862     7.0614     7.0604     7.0566     7.0556     0.0000     0.0000     0.0794    98.2045     0.0007     4.5836   23.35196    1.58898     69.146    26.2986    26.2976    1477.98          0      21637          5  0.000e+00
  430950751     51.704     52.149   3.407851   3.407621    33.5877    33.5859     7.0615     7.0608     7.0568     7.0561     0.0000     0.0000     0.0806    98.2045     0.0007     4.5836   23.40953    1.59289     69.316    26.2985    26.2972    1477.98          0      21638          5  0.000e+00
