ROS/FK009A_CTD021_20130822.ros
* Sea-Bird SBE 9 Data File:
* FileName = C:\Falkor-Data-2013\FK009A\CTD\FK009A_CTD021_20130822.hex
* Software Version Seasave V 7.21f
* Temperature SN = 5483
* Conductivity SN = 3916
* Number of Bytes Per Scan = 41
* Number of Voltage Words = 4
* Number of Scans Averaged by the Deck Unit = 1
* NMEA Latitude = 48 28.20 N
* NMEA Longitude = 125 19.49 W
* NMEA UTC (Time) = Aug 22 2013 07:08:54
* NMEA baud rate = 4800
** Ship: RV Falkor
** Station: MB07
** Operator: CP
# nquan = 27
# nvalues = 196                                   
# units = specified
# name 0 = timeQ: Time, NMEA [seconds]
# name 1 = depSM: Depth [salt water, m]
# name 2 = prDM: Pressure, Digiquartz [db]
# name 3 = c0S/m: Conductivity [S/m]
# name 4 = c1S/m: Conductivity, 2 [S/m]
# name 5 = sal00: Salinity, Practical [PSU]
# name 6 = sal11: Salinity, Practical, 2 [PSU]
# name 7 = t090C: Temperature [ITS-90, deg C]
# name 8 = t190C: Temperature, 2 [ITS-90, deg C]
# name 9 = potemp090C: Potential Temperature [ITS-90, deg C]
# name 10 = potemp190C: Potential Temperature, 2 [ITS-90, deg C]
# name 11 = v2: Voltage 2
# name 12 = v3: Voltage 3
# name 13 = v0: Voltage 0
# name 14 = CStarTr0: Beam Transmission, WET Labs C-Star [%]
# name 15 = CStarAt0: Beam Attenuation, WET Labs C-Star [1/m]
# name 16 = v5: Voltage 5
# name 17 = sbeox0PS: Oxygen, SBE 43 [% saturation]
# name 18 = sbeox0ML/L: Oxygen, SBE 43 [ml/l]
# name 19 = sbeox0Mm/Kg: Oxygen, SBE 43 [umol/Kg]
# name 20 = sigma-é00: Density [sigma-theta, Kg/m^3]
# name 21 = sigma-é11: Density, 2 [sigma-theta, Kg/m^3]
# name 22 = svCM: Sound Velocity [Chen-Millero, m/s]
# name 23 = modError: Modulo Error Count
# name 24 = scan: Scan Count
# name 25 = nbf: Bottles Fired
# name 26 = flag:  0.000e+00
# interval = seconds: 0.0416667
# start_time = Aug 22 2013 07:08:55 [NMEA time, first data scan]
# bad_flag = -9.990e-29
*END*
  430470862    158.252    159.660   3.372296   3.372167    33.9182    33.9184     6.2737     6.2720     6.2599     6.2583     0.0000     0.0000     0.0818    94.6729     0.0022     4.4188    7.80945    0.53997     23.489    26.6648    26.6651    1477.08          7       7829          1  0.000e+00
  430470862    158.252    159.660   3.372303   3.372141    33.9184    33.9179     6.2735     6.2722     6.2598     6.2584     0.0000     0.0000     0.0830    94.6729     0.0022     4.4188    7.75219    0.53601     23.317    26.6650    26.6648    1477.08          7       7830          1  0.000e+00
  430470862    158.209    159.616   3.372290   3.372148    33.9183    33.9182     6.2735     6.2720     6.2598     6.2583     0.0000     0.0000     0.0830    94.6729     0.0022     4.4188    7.75111    0.53594     23.313    26.6649    26.6650    1477.08          7       7831          1  0.000e+00
  430470862    158.159    159.566   3.372303   3.372141    33.9183    33.9180     6.2737     6.2722     6.2599     6.2584     0.0000     0.0000     0.0830    94.6729     0.0022     4.4188    7.75055    0.53590     23.312    26.6649    26.6648    1477.08          7       7832          1  0.000e+00
  430470862    158.115    159.521   3.372290   3.372129    33.9185    33.9180     6.2733     6.2720     6.2596     6.2583     0.0000     0.0000     0.0830    94.6729     0.0022     4.4188    7.75051    0.53590     23.312    26.6651    26.6648    1477.08          7       7833          1  0.000e+00
  430470862    158.115    159.521   3.372283   3.372129    33.9184    33.9178     6.2733     6.2722     6.2596     6.2585     0.0000     0.0000     0.0818    94.6729     0.0022     4.4188    7.75103    0.53593     23.313    26.6650    26.6647    1477.08          7       7834          1  0.000e+00
  430470863    158.065    159.471   3.372283   3.372148    33.9183    33.9182     6.2735     6.2720     6.2598     6.2583     0.0000     0.0000     0.0830    94.6729     0.0022     4.4188    7.82007    0.54071     23.521    26.6649    26.6650    1477.08          7       7835          1  0.000e+00
  430470863    158.021    159.427   3.372283   3.372161    33.9183    33.9182     6.2735     6.2722     6.2598     6.2585     0.0000     0.0000     0.0830    94.6729     0.0022     4.4188    7.76533    0.53692     23.356    26.6649    26.6650    1477.07          7       7836          1  0.000e+00
  430470863    158.021    159.427   3.372283   3.372161    33.9181    33.9184     6.2737     6.2720     6.2599     6.2583     0.0000     0.0000     0.0830    94.6729     0.0022     4.4188    7.76687    0.53703     23.361    26.6647    26.6652    1477.07          7       7837          1  0.000e+00
  430470863    157.977    159.383   3.372303   3.372161    33.9184    33.9181     6.2737     6.2723     6.2599     6.2586     0.0000     0.0000     0.0830    94.6729     0.0022     4.4188    7.83694    0.54187     23.571    26.6649    26.6649    1477.07          7       7838          1  0.000e+00
  430470863    157.927    159.332   3.372289   3.372135    33.9186    33.9178     6.2733     6.2723     6.2596     6.2586     0.0000     0.0000     0.0830    94.6729     0.0022     4.4188    7.83844    0.54198     23.576    26.6651    26.6647    1477.07          7       7839          1  0.000e+00
  430470863    157.977    159.383   3.372283   3.372167    33.9178    33.9180     6.2740     6.2726     6.2603     6.2588     0.0000     0.0000     0.0830    94.6729     0.0022     4.4188    7.77145    0.53734     23.374    26.6645    26.6647    1477.07          7       7840          1  0.000e+00
  430470863    157.840    159.244   3.372303   3.372167    33.9186    33.9181     6.2735     6.2725     6.2598     6.2588     0.0000     0.0000     0.0818    94.6729     0.0022     4.4188    7.77286    0.53744     23.379    26.6651    26.6649    1477.07          7       7841          1  0.000e+00
  430470863    157.884    159.288   3.372336   3.372212    33.9188    33.9182     6.2737     6.2729     6.2599     6.2591     0.0000     0.0000     0.0818    94.6729     0.0022     4.4188    7.77496    0.53758     23.385    26.6653    26.6649    1477.07          7       7842          1  0.000e+00
  430470863    157.840    159.244   3.372276   3.372173    33.9180    33.9180     6.2738     6.2727     6.2601     6.2589     0.0000     0.0000     0.0830    94.6729     0.0022     4.4188    7.77748    0.53776     23.393    26.6646    26.6648    1477.07          7       7843          1  0.000e+00
  430470863    157.834    159.238   3.372342   3.372180    33.9189    33.9179     6.2737     6.2728     6.2600     6.2591     0.0000     0.0000     0.0818    94.6729     0.0022     4.4188    7.76771    0.53708     23.363    26.6653    26.6647    1477.07          7       7844          1  0.000e+00
  430470863    157.703    159.105   3.372329   3.372205    33.9186    33.9184     6.2738     6.2727     6.2601     6.2590     0.0000     0.0000     0.0830    94.6729     0.0022     4.4188    7.75781    0.53640     23.333    26.6651    26.6651    1477.07          7       7845          1  0.000e+00
  430470863    157.790    159.194   3.372289   3.372193    33.9180    33.9179     6.2740     6.2730     6.2603     6.2593     0.0000     0.0000     0.0818    94.6729     0.0022     4.4188    7.81619    0.54043     23.509    26.6646    26.6647    1477.07          7       7846          1  0.000e+00
  430470863    157.703    159.105   3.372329   3.372193    33.9186    33.9182     6.2738     6.2727     6.2601     6.2590     0.0000     0.0000     0.0830    94.6729     0.0022     4.4188    7.83101    0.54146     23.553    26.6651    26.6649    1477.07          7       7847          1  0.000e+00
  430470863    157.696    159.099   3.372296   3.372186    33.9178    33.9182     6.2743     6.2727     6.2606     6.2590     0.0000     0.0000     0.0830    94.6729     0.0022     4.4188    7.83306    0.54160     23.559    26.6644    26.6649    1477.07          7       7848          1  0.000e+00
  430470863    157.653    159.055   3.372283   3.372167    33.9180    33.9180     6.2740     6.2727     6.2603     6.2590     0.0000     0.0000     0.0830    94.6729     0.0022     4.4188    7.83456    0.54170     23.564    26.6646    26.6647    1477.07          7       7849          1  0.000e+00
  430470863    157.653    159.055   3.372283   3.372180    33.9180    33.9180     6.2740     6.2728     6.2603     6.2591     0.0000     0.0000     0.0830    94.6729     0.0022     4.4188    7.78038    0.53796     23.401    26.6646    26.6647    1477.07          7       7850          1  0.000e+00
  430470863    157.609    159.011   3.372303   3.372167    33.9182    33.9179     6.2740     6.2728     6.2603     6.2591     0.0000     0.0000     0.0830    94.6729     0.0022     4.4188    7.85045    0.54280     23.612    26.6648    26.6647    1477.07          7       7851          1  0.000e+00
  430470863    157.559    158.960   3.372316   3.372180    33.9185    33.9183     6.2739     6.2726     6.2602     6.2589     0.0000     0.0000     0.0818    94.6729     0.0022     4.4188    7.79673    0.53909     23.450    26.6650    26.6650    1477.07          7       7852          1  0.000e+00
  430470863    157.609    159.011   3.372316   3.372167    33.9183    33.9180     6.2741     6.2727     6.2604     6.2590     0.0000     0.0000     0.0830    94.6729     0.0022     4.4188    7.79935    0.53927     23.458    26.6648    26.6648    1477.07          7       7853          1  0.000e+00
  430470863    157.559    158.960   3.372289   3.372135    33.9181    33.9175     6.2740     6.2729     6.2603     6.2592     0.0000     0.0000     0.0818    94.6729     0.0022     4.4188    7.80239    0.53948     23.467    26.6647    26.6643    1477.07          7       7854          1  0.000e+00
  430470863    157.515    158.916   3.372302   3.372167    33.9183    33.9183     6.2740     6.2725     6.2603     6.2588     0.0000     0.0000     0.0830    94.6729     0.0022     4.4188    7.79309    0.53883     23.439    26.6648    26.6650    1477.07          7       7855          1  0.000e+00
  430470863    157.515    158.916   3.372289   3.372167    33.9180    33.9178     6.2741     6.2730     6.2604     6.2593     0.0000     0.0000     0.0830    94.6729     0.0022     4.4188    7.85190    0.54290     23.616    26.6646    26.6645    1477.07          7       7856          1  0.000e+00
  430470863    157.515    158.916   3.372302   3.372160    33.9184    33.9180     6.2738     6.2727     6.2601     6.2590     0.0000     0.0000     0.0818    94.6729     0.0022     4.4188    7.78642    0.53837     23.419    26.6650    26.6647    1477.07          7       7857          1  0.000e+00
  430470863    157.465    158.866   3.372289   3.372160    33.9180    33.9180     6.2741     6.2727     6.2604     6.2590     0.0000     0.0000     0.0830    94.6729     0.0022     4.4188    7.78945    0.53858     23.428    26.6646    26.6648    1477.07          7       7858          1  0.000e+00
  430470864    157.471    158.872   3.372302   3.372180    33.9183    33.9181     6.2740     6.2729     6.2603     6.2592     0.0000     0.0000     0.0830    94.6729     0.0022     4.4188    7.86111    0.54354     23.644    26.6648    26.6648    1477.07          7       7859          1  0.000e+00
  430470864    157.465    158.866   3.372316   3.372167    33.9183    33.9181     6.2741     6.2727     6.2604     6.2590     0.0000     0.0000     0.0830    94.6729     0.0022     4.4188    7.79613    0.53904     23.448    26.6648    26.6649    1477.07          7       7860          1  0.000e+00
  430470864    157.421    158.821   3.372316   3.372160    33.9188    33.9182     6.2737     6.2726     6.2600     6.2589     0.0000     0.0000     0.0818    94.6729     0.0022     4.4188    7.78684    0.53840     23.421    26.6653    26.6649    1477.07          7       7861          1  0.000e+00
  430470864    157.421    158.821   3.372289   3.372160    33.9183    33.9182     6.2738     6.2725     6.2602     6.2588     0.0000     0.0000     0.0818    94.6729     0.0022     4.4188    7.77759    0.53776     23.393    26.6649    26.6650    1477.07          7       7862          1  0.000e+00
  430470864    157.421    158.821   3.372283   3.372160    33.9183    33.9181     6.2738     6.2727     6.2602     6.2590     0.0000     0.0000     0.0830    94.6729     0.0022     4.4188    7.76834    0.53712     23.365    26.6648    26.6648    1477.07          7       7863          1  0.000e+00
  430470864    157.421    158.821   3.372329   3.372180    33.9186    33.9182     6.2740     6.2727     6.2603     6.2590     0.0000     0.0000     0.0830    94.6729     0.0022     4.4188    7.75908    0.53648     23.337    26.6651    26.6649    1477.07          7       7864          1  0.000e+00
  430470864    157.421    158.821   3.372322   3.372141    33.9185    33.9180     6.2740     6.2725     6.2603     6.2588     0.0000     0.0000     0.0830    94.6729     0.0022     4.4188    7.74983    0.53584     23.309    26.6650    26.6648    1477.07          7       7865          1  0.000e+00
  430470864    157.378    158.777   3.372289   3.372154    33.9184    33.9181     6.2738     6.2726     6.2602     6.2589     0.0000     0.0000     0.0818    94.6205     0.0022     4.4164    7.80860    0.53991     23.486    26.6649    26.6649    1477.07          7       7866          1  0.000e+00
  430470864    157.421    158.821   3.372302   3.372180    33.9183    33.9183     6.2740     6.2727     6.2603     6.2590     0.0000     0.0000     0.0806    94.5682     0.0022     4.4139    7.82406    0.54098     23.532    26.6648    26.6650    1477.07          7       7867          1  0.000e+00
  430470864    157.378    158.777   3.372270   3.372167    33.9180    33.9182     6.2740     6.2727     6.2603     6.2590     0.0000     0.0000     0.0806    94.5682     0.0022     4.4139    7.83943    0.54204     23.579    26.6646    26.6649    1477.07          7       7868          1  0.000e+00
  430470864    157.421    158.821   3.372296   3.372160    33.9181    33.9180     6.2741     6.2727     6.2604     6.2590     0.0000     0.0000     0.0806    94.5682     0.0022     4.4139    7.78684    0.53840     23.420    26.6647    26.6648    1477.07          7       7869          1  0.000e+00
  430470864    157.421    158.821   3.372335   3.372160    33.9186    33.9179     6.2741     6.2728     6.2604     6.2591     0.0000     0.0000     0.0818    94.5682     0.0022     4.4139    7.79044    0.53865     23.431    26.6650    26.6647    1477.07          7       7870          1  0.000e+00
  430470864    157.378    158.777   3.372322   3.372160    33.9187    33.9179     6.2738     6.2729     6.2602     6.2592     0.0000     0.0000     0.0818    94.5682     0.0022     4.4139    7.78166    0.53804     23.405    26.6652    26.6646    1477.07          7       7871          1  0.000e+00
  430470864    157.421    158.821   3.372289   3.372180    33.9181    33.9183     6.2741     6.2727     6.2604     6.2590     0.0000     0.0000     0.0818    94.5682     0.0022     4.4139    7.77296    0.53744     23.379    26.6646    26.6650    1477.07          7       7872          1  0.000e+00
  430470864    157.421    158.821   3.372329   3.372167    33.9186    33.9178     6.2740     6.2730     6.2603     6.2593     0.0000     0.0000     0.0806    94.5682     0.0022     4.4139    7.76423    0.53684     23.352    26.6651    26.6645    1477.07          7       7873          1  0.000e+00
  430470864    157.421    158.821   3.372296   3.372160    33.9183    33.9179     6.2740     6.2728     6.2603     6.2591     0.0000     0.0000     0.0806    94.5682     0.0022     4.4139    7.82355    0.54094     23.531    26.6648    26.6647    1477.07          7       7874          1  0.000e+00
  430470864    157.465    158.866   3.372283   3.372160    33.9182    33.9177     6.2738     6.2730     6.2601     6.2593     0.0000     0.0000     0.0806    94.5682     0.0022     4.4139    7.83953    0.54205     23.579    26.6648    26.6645    1477.07          7       7875          1  0.000e+00
  430470864    157.471    158.872   3.372302   3.372186    33.9185    33.9180     6.2738     6.2730     6.2601     6.2593     0.0000     0.0000     0.0818    94.5682     0.0022     4.4139    7.78741    0.53844     23.422    26.6650    26.6647    1477.07          7       7876          1  0.000e+00
  430470864    157.465    158.866   3.372316   3.372186    33.9186    33.9180     6.2738     6.2730     6.2601     6.2593     0.0000     0.0000     0.0806    94.5682     0.0022     4.4139    7.79152    0.53873     23.435    26.6651    26.6647    1477.07          7       7877          1  0.000e+00
  430471085    112.673    113.663   3.379620   3.379533    33.9109    33.9106     6.3860     6.3854     6.3761     6.3755     0.0000     0.0000     0.0806    95.5623     0.0018     4.4603   11.96861    0.82543     35.907    26.6440    26.6439    1476.76          9      13163          2  0.000e+00
  430471085    112.754    113.745   3.379633   3.379520    33.9111    33.9103     6.3859     6.3855     6.3760     6.3757     0.0000     0.0000     0.0794    95.5623     0.0018     4.4603   11.93348    0.82301     35.802    26.6442    26.6436    1476.76          9      13164          2  0.000e+00
  430471085    112.673    113.663   3.379594   3.379533    33.9109    33.9104     6.3857     6.3855     6.3758     6.3757     0.0000     0.0000     0.0794    95.5361     0.0018     4.4591   11.90012    0.82071     35.702    26.6441    26.6437    1476.76          9      13165          2  0.000e+00
  430471085    112.717    113.707   3.379554   3.379507    33.9104    33.9101     6.3857     6.3855     6.3759     6.3757     0.0000     0.0000     0.0794    95.5623     0.0018     4.4603   11.80149    0.81391     35.406    26.6437    26.6435    1476.76          9      13166          2  0.000e+00
