ROS/FK009A_CTD013_20130820.ros
* Sea-Bird SBE 9 Data File:
* FileName = C:\Falkor-Data-2013\FK009A\CTD\FK009A_CTD013_20130820.hex
* Software Version Seasave V 7.21f
* Temperature SN = 5483
* Conductivity SN = 3916
* Number of Bytes Per Scan = 41
* Number of Voltage Words = 4
* Number of Scans Averaged by the Deck Unit = 1
* NMEA Latitude = 48 18.94 N
* NMEA Longitude = 126 26.67 W
* NMEA UTC (Time) = Aug 20 2013 18:24:28
* NMEA baud rate = 4800
** Ship: RV Falkor
** Station: LC11
** Operator: CP
# nquan = 27
# nvalues = 833                                   
# units = specified
# name 0 = timeQ: Time, NMEA [seconds]
# name 1 = depSM: Depth [salt water, m]
# name 2 = prDM: Pressure, Digiquartz [db]
# name 3 = c0S/m: Conductivity [S/m]
# name 4 = c1S/m: Conductivity, 2 [S/m]
# name 5 = sal00: Salinity, Practical [PSU]
# name 6 = sal11: Salinity, Practical, 2 [PSU]
# name 7 = t090C: Temperature [ITS-90, deg C]
# name 8 = t190C: Temperature, 2 [ITS-90, deg C]
# name 9 = potemp090C: Potential Temperature [ITS-90, deg C]
# name 10 = potemp190C: Potential Temperature, 2 [ITS-90, deg C]
# name 11 = v2: Voltage 2
# name 12 = v3: Voltage 3
# name 13 = v0: Voltage 0
# name 14 = CStarTr0: Beam Transmission, WET Labs C-Star [%]
# name 15 = CStarAt0: Beam Attenuation, WET Labs C-Star [1/m]
# name 16 = v5: Voltage 5
# name 17 = sbeox0PS: Oxygen, SBE 43 [% saturation]
# name 18 = sbeox0ML/L: Oxygen, SBE 43 [ml/l]
# name 19 = sbeox0Mm/Kg: Oxygen, SBE 43 [umol/Kg]
# name 20 = sigma-é00: Density [sigma-theta, Kg/m^3]
# name 21 = sigma-é11: Density, 2 [sigma-theta, Kg/m^3]
# name 22 = svCM: Sound Velocity [Chen-Millero, m/s]
# name 23 = modError: Modulo Error Count
# name 24 = scan: Scan Count
# name 25 = nbf: Bottles Fired
# name 26 = flag:  0.000e+00
# interval = seconds: 0.0416667
# start_time = Aug 20 2013 18:24:29 [NMEA time, first data scan]
# bad_flag = -9.990e-29
*END*
[from data line 591]
  430344134     71.249     71.867   3.354432   3.354259    32.7115    32.7092     7.3590     7.3595     7.3524     7.3529     1.6801     0.8584     0.0830   100.4019    -0.0002     4.6862   76.60618    5.20712    226.752    25.5685    25.5666    1478.36          0     140777         13  0.000e+00
  430344134     71.187     71.804   3.354353   3.354246    32.7104    32.7085     7.3593     7.3601     7.3527     7.3535     1.6801     0.8571     0.0818   100.4019    -0.0002     4.6862   76.60125    5.20679    226.738    25.5675    25.5660    1478.36          0     140778         13  0.000e+00
  430344134     71.137     71.753   3.354386   3.354259    32.7101    32.7085     7.3600     7.3602     7.3534     7.3536     1.6813     0.8571     0.0818   100.4019    -0.0002     4.6862   76.59641    5.20639    226.721    25.5673    25.5660    1478.36          0     140779         13  0.000e+00
  430344134     71.137     71.753   3.354366   3.354266    32.7097    32.7081     7.3602     7.3607     7.3536     7.3541     1.6801     0.8584     0.0830   100.4019    -0.0002     4.6862   76.65844    5.21059    226.904    25.5669    25.5656    1478.36          0     140780         13  0.000e+00
  430344134     71.068     71.684   3.354392   3.354266    32.7098    32.7081     7.3605     7.3607     7.3539     7.3542     1.6801     0.8584     0.0830   100.4019    -0.0002     4.6862   76.73069    5.21547    227.116    25.5669    25.5656    1478.36          0     140781         13  0.000e+00
  430344134     71.049     71.665   3.354373   3.354221    32.7094    32.7077     7.3606     7.3607     7.3540     7.3542     1.6801     0.8571     0.0818   100.4019    -0.0002     4.6862   76.68121    5.21210    226.970    25.5666    25.5652    1478.36          0     140782         13  0.000e+00
  430344134     71.049     71.665   3.354327   3.354208    32.7087    32.7075     7.3609     7.3607     7.3543     7.3542     1.6801     0.8571     0.0830   100.4019    -0.0002     4.6862   76.68639    5.21245    226.985    25.5660    25.5651    1478.36          0     140783         13  0.000e+00
  430344135     70.956     71.571   3.354360   3.354208    32.7092    32.7077     7.3608     7.3606     7.3542     7.3540     1.6801     0.8584     0.0830   100.4019    -0.0002     4.6862   76.62388    5.20820    226.800    25.5664    25.5653    1478.36          0     140784         13  0.000e+00
  430344135     70.931     71.546   3.354333   3.354182    32.7088    32.7079     7.3609     7.3601     7.3544     7.3535     1.6801     0.8584     0.0830   100.4019    -0.0002     4.6862   76.55065    5.20321    226.583    25.5661    25.5655    1478.36          0     140785         13  0.000e+00
  430344135     70.862     71.476   3.354346   3.354176    32.7094    32.7085     7.3605     7.3595     7.3539     7.3529     1.6813     0.8596     0.0830   100.4019    -0.0002     4.6862   76.53249    5.20201    226.530    25.5666    25.5660    1478.36          0     140786         13  0.000e+00
  430344135     70.862     71.476   3.354327   3.354195    32.7095    32.7091     7.3601     7.3590     7.3535     7.3524     1.6813     0.8596     0.0818   100.4019    -0.0002     4.6862   76.58181    5.20541    226.678    25.5668    25.5666    1478.36          0     140787         13  0.000e+00
  430344135     70.819     71.432   3.354340   3.354182    32.7098    32.7092     7.3600     7.3588     7.3534     7.3522     1.6801     0.8571     0.0830   100.4019    -0.0002     4.6862   76.64203    5.20950    226.856    25.5670    25.5667    1478.36          0     140788         13  0.000e+00
  430344135     70.775     71.388   3.354287   3.354176    32.7094    32.7093     7.3598     7.3586     7.3533     7.3521     1.6801     0.8571     0.0830   100.4019    -0.0002     4.6862   76.64683    5.20986    226.872    25.5667    25.5668    1478.36          0     140789         13  0.000e+00
  430344135     70.744     71.357   3.354281   3.354176    32.7094    32.7092     7.3598     7.3588     7.3532     7.3522     1.6801     0.8571     0.0818   100.4019    -0.0002     4.6862   76.65126    5.21017    226.885    25.5667    25.5667    1478.36          0     140790         13  0.000e+00
  430344135     70.725     71.338   3.354307   3.354176    32.7096    32.7090     7.3598     7.3590     7.3533     7.3524     1.6813     0.8596     0.0830   100.4019    -0.0002     4.6862   76.65533    5.21043    226.897    25.5669    25.5665    1478.36          0     140791         13  0.000e+00
  430344135     70.631     71.244   3.354294   3.354150    32.7094    32.7091     7.3600     7.3586     7.3534     7.3521     1.6813     0.8584     0.0830   100.4019    -0.0002     4.6862   76.65817    5.21061    226.905    25.5667    25.5666    1478.35          0     140792         13  0.000e+00
  430344135     70.631     71.244   3.354267   3.354144    32.7087    32.7084     7.3604     7.3593     7.3539     7.3528     1.6801     0.8571     0.0818   100.4019    -0.0002     4.6862   76.59511    5.20630    226.717    25.5661    25.5660    1478.36          0     140793         13  0.000e+00
  430344135     70.563     71.174   3.354307   3.354125    32.7090    32.7081     7.3606     7.3595     7.3541     7.3529     1.6801     0.8584     0.0830   100.3757    -0.0002     4.6850   76.58634    5.20567    226.690    25.5662    25.5657    1478.36          0     140794         13  0.000e+00
  430344135     70.588     71.200   3.354274   3.354157    32.7084    32.7081     7.3608     7.3598     7.3542     7.3532     1.6801     0.8571     0.0818   100.3757    -0.0002     4.6850   76.57851    5.20514    226.666    25.5658    25.5657    1478.36          0     140795         13  0.000e+00
  430344135     70.544     71.155   3.354281   3.354131    32.7084    32.7079     7.3609     7.3598     7.3544     7.3532     1.6801     0.8584     0.0830   100.4019    -0.0002     4.6862   76.57000    5.20454    226.641    25.5658    25.5655    1478.36          0     140796         13  0.000e+00
  430344135     70.494     71.105   3.354267   3.354137    32.7083    32.7075     7.3609     7.3602     7.3543     7.3537     1.6801     0.8571     0.0818   100.4019    -0.0002     4.6862   76.49513    5.19946    226.419    25.5657    25.5652    1478.35          0     140797         13  0.000e+00
  430344135     70.426     71.036   3.354234   3.354125    32.7078    32.7071     7.3611     7.3606     7.3546     7.3541     1.6801     0.8571     0.0818   100.3757    -0.0002     4.6850   76.54179    5.20263    226.557    25.5653    25.5648    1478.35          0     140798         13  0.000e+00
  430344135     70.451     71.061   3.354248   3.354118    32.7079    32.7071     7.3611     7.3604     7.3546     7.3539     1.6801     0.8596     0.0818   100.4019    -0.0002     4.6862   76.53446    5.20212    226.535    25.5654    25.5648    1478.35          0     140799         13  0.000e+00
  430344135     70.407     71.017   3.354234   3.354137    32.7074    32.7074     7.3615     7.3604     7.3550     7.3539     1.6801     0.8584     0.0830   100.3757    -0.0002     4.6850   76.59271    5.20605    226.706    25.5649    25.5650    1478.35          0     140800         13  0.000e+00
  430344135     70.357     70.967   3.354208   3.354144    32.7069    32.7069     7.3617     7.3611     7.3552     7.3545     1.6801     0.8584     0.0830   100.3757    -0.0002     4.6850   76.59550    5.20623    226.714    25.5645    25.5646    1478.35          0     140801         13  0.000e+00
  430344135     70.332     70.941   3.354221   3.354125    32.7071    32.7062     7.3617     7.3615     7.3552     7.3550     1.6801     0.8571     0.0830   100.4019    -0.0002     4.6862   76.59810    5.20640    226.722    25.5646    25.5640    1478.35          0     140802         13  0.000e+00
  430344135     70.263     70.872   3.354267   3.354137    32.7075    32.7066     7.3618     7.3614     7.3553     7.3548     1.6801     0.8571     0.0818   100.3757    -0.0002     4.6850   76.59977    5.20649    226.725    25.5649    25.5643    1478.35          0     140803         13  0.000e+00
  430344135     70.313     70.923   3.354221   3.354125    32.7065    32.7059     7.3624     7.3619     7.3559     7.3553     1.6801     0.8584     0.0830   100.4019    -0.0002     4.6862   76.53577    5.20211    226.535    25.5641    25.5637    1478.35          0     140804         13  0.000e+00
  430344135     70.220     70.828   3.354202   3.354118    32.7062    32.7057     7.3625     7.3620     7.3560     7.3555     1.6801     0.8584     0.0830   100.4019    -0.0002     4.6862   76.53719    5.20220    226.539    25.5638    25.5635    1478.35          0     140805         13  0.000e+00
  430344135     70.220     70.828   3.354248   3.354118    32.7064    32.7056     7.3628     7.3622     7.3563     7.3557     1.6801     0.8571     0.0818   100.4019    -0.0002     4.6862   76.46183    5.19703    226.314    25.5639    25.5634    1478.35          0     140806         13  0.000e+00
  430344135     70.238     70.847   3.354234   3.354118    32.7065    32.7052     7.3625     7.3626     7.3560     7.3561     1.6801     0.8596     0.0818   100.4019    -0.0002     4.6862   76.52031    5.20104    226.488    25.5641    25.5630    1478.35          0     140807         13  0.000e+00
  430344136     70.176     70.784   3.354208   3.354093    32.7061    32.7048     7.3627     7.3628     7.3562     7.3563     1.6801     0.8584     0.0830   100.4019    -0.0002     4.6862   76.52346    5.20125    226.498    25.5637    25.5627    1478.35          0     140808         13  0.000e+00
  430344136     70.126     70.734   3.354221   3.354086    32.7062    32.7046     7.3628     7.3629     7.3563     7.3564     1.6801     0.8571     0.0818   100.3757    -0.0002     4.6850   76.52722    5.20149    226.508    25.5638    25.5625    1478.35          0     140809         13  0.000e+00
  430344136     70.126     70.734   3.354228   3.354086    32.7062    32.7047     7.3629     7.3628     7.3564     7.3563     1.6801     0.8571     0.0830   100.3757    -0.0002     4.6850   76.53195    5.20180    226.522    25.5638    25.5626    1478.35          0     140810         13  0.000e+00
  430344136     70.151     70.759   3.354247   3.354105    32.7062    32.7049     7.3630     7.3628     7.3565     7.3563     1.6801     0.8596     0.0818   100.4019    -0.0002     4.6862   76.47106    5.19764    226.341    25.5638    25.5628    1478.35          0     140811         13  0.000e+00
  430344136     70.083     70.690   3.354221   3.354093    32.7061    32.7048     7.3629     7.3628     7.3564     7.3563     1.6801     0.8584     0.0830   100.4019    -0.0002     4.6862   76.46519    5.19727    226.324    25.5637    25.5627    1478.35          0     140812         13  0.000e+00
  430344136     70.083     70.690   3.354201   3.354086    32.7058    32.7050     7.3630     7.3625     7.3565     7.3560     1.6801     0.8584     0.0818   100.4019    -0.0002     4.6862   76.51539    5.20068    226.473    25.5635    25.5629    1478.35          0     140813         13  0.000e+00
  430344136     70.083     70.690   3.354241   3.354105    32.7064    32.7052     7.3629     7.3625     7.3564     7.3560     1.6801     0.8571     0.0818   100.4019    -0.0002     4.6862   76.52251    5.20115    226.493    25.5639    25.5631    1478.35          0     140814         13  0.000e+00
  430344136     70.008     70.614   3.354261   3.354093    32.7066    32.7055     7.3629     7.3621     7.3564     7.3556     1.6801     0.8596     0.0818   100.4019    -0.0002     4.6862   76.52934    5.20161    226.513    25.5641    25.5633    1478.35          0     140815         13  0.000e+00
  430344136     70.039     70.646   3.354241   3.354086    32.7072    32.7056     7.3620     7.3619     7.3555     7.3554     1.6801     0.8584     0.0830   100.4019    -0.0002     4.6862   76.53781    5.20227    226.542    25.5647    25.5635    1478.35          0     140816         13  0.000e+00
  430344136     70.039     70.646   3.354274   3.354105    32.7081    32.7058     7.3614     7.3619     7.3549     7.3554     1.6789     0.8571     0.0830   100.4019    -0.0002     4.6862   76.53457    5.20209    226.534    25.5655    25.5636    1478.35          0     140817         13  0.000e+00
  430344136     70.039     70.646   3.354287   3.354137    32.7087    32.7062     7.3609     7.3619     7.3544     7.3554     1.6801     0.8596     0.0818   100.4019    -0.0002     4.6862   76.53132    5.20190    226.526    25.5660    25.5639    1478.35          0     140818         13  0.000e+00
  430344136     69.989     70.595   3.354267   3.354144    32.7087    32.7072     7.3607     7.3609     7.3542     7.3544     1.6801     0.8571     0.0818   100.4019    -0.0002     4.6862   76.52753    5.20167    226.515    25.5660    25.5648    1478.35          0     140819         13  0.000e+00
  430344136     69.964     70.570   3.354287   3.354144    32.7092    32.7078     7.3605     7.3602     7.3540     7.3537     1.6801     0.8584     0.0830   100.4019    -0.0002     4.6862   76.57848    5.20515    226.667    25.5664    25.5654    1478.34          0     140820         13  0.000e+00
  430344136     70.039     70.646   3.354287   3.354144    32.7093    32.7084     7.3603     7.3596     7.3538     7.3531     1.6801     0.8571     0.0830   100.4019    -0.0002     4.6862   76.58634    5.20570    226.691    25.5666    25.5659    1478.35          0     140821         13  0.000e+00
  430344136     69.945     70.551   3.354267   3.354169    32.7090    32.7088     7.3604     7.3595     7.3539     7.3530     1.6801     0.8596     0.0818   100.4019    -0.0002     4.6862   76.52572    5.20157    226.511    25.5663    25.5663    1478.34          0     140822         13  0.000e+00
  430344268     50.464     50.899   3.390511   3.391379    32.5030    32.5003     8.0054     8.0183     8.0005     8.0134     1.5800     0.9035     0.1013   100.0880    -0.0000     4.6716   85.99614    5.76797    251.238    25.3132    25.3092    1480.24          0     143982         14  0.000e+00
  430344268     50.477     50.912   3.390432   3.391392    32.5027    32.5016     8.0048     8.0170     7.9999     8.0121     1.5800     0.9048     0.1013   100.0880    -0.0000     4.6716   85.98767    5.76749    251.217    25.3130    25.3104    1480.23          0     143983         14  0.000e+00
  430344268     50.464     50.899   3.390419   3.391437    32.5029    32.5023     8.0044     8.0168     7.9995     8.0119     1.5800     0.9048     0.1013   100.0880    -0.0000     4.6716   85.99078    5.76774    251.228    25.3133    25.3110    1480.23          0     143984         14  0.000e+00
  430344268     50.414     50.849   3.390393   3.391456    32.5024    32.5025     8.0047     8.0168     7.9998     8.0119     1.5800     0.9035     0.1013   100.1141    -0.0000     4.6728   85.99430    5.76796    251.238    25.3129    25.3111    1480.23          0     143985         14  0.000e+00
  430344268     50.477     50.912   3.390366   3.391437    32.5035    32.5037     8.0033     8.0152     7.9983     8.0103     1.5800     0.9060     0.1013   100.0880    -0.0000     4.6716   86.00019    5.76850    251.261    25.3139    25.3123    1480.23          0     143986         14  0.000e+00
  430344268     50.508     50.943   3.390347   3.391418    32.5047    32.5049     8.0017     8.0137     7.9968     8.0088     1.5788     0.9060     0.1013   100.0880    -0.0000     4.6716   86.07236    5.77350    251.479    25.3151    25.3135    1480.22          0     143987         14  0.000e+00
  430344268     50.464     50.899   3.390281   3.391360    32.5047    32.5039     8.0009     8.0141     7.9960     8.0092     1.5788     0.9048     0.1013   100.0880    -0.0000     4.6716   86.08931    5.77474    251.532    25.3152    25.3127    1480.22          0     143988         14  0.000e+00
