ROS/FK009A_CTD033_20130826.ros
* Sea-Bird SBE 9 Data File:
* FileName = C:\Falkor-Data-2013\FK009A\CTD\FK009A_CTD033_20130826.hex
* Software Version Seasave V 7.21f
* Temperature SN = 5483
* Conductivity SN = 3916
* Number of Bytes Per Scan = 41
* Number of Voltage Words = 4
* Number of Scans Averaged by the Deck Unit = 1
* NMEA Latitude = 48 47.60 N
* NMEA Longitude = 125 15.91 W
* NMEA UTC (Time) = Aug 26 2013 16:26:48
* NMEA baud rate = 4800
** Ship: RV Falkor
** Station: MB16
** Operator: Nathan Cunningham
# nquan = 27
# nvalues = 392                                   
# units = specified
# name 0 = timeQ: Time, NMEA [seconds]
# name 1 = depSM: Depth [salt water, m]
# name 2 = prDM: Pressure, Digiquartz [db]
# name 3 = c0S/m: Conductivity [S/m]
# name 4 = c1S/m: Conductivity, 2 [S/m]
# name 5 = sal00: Salinity, Practical [PSU]
# name 6 = sal11: Salinity, Practical, 2 [PSU]
# name 7 = t090C: Temperature [ITS-90, deg C]
# name 8 = t190C: Temperature, 2 [ITS-90, deg C]
# name 9 = potemp090C: Potential Temperature [ITS-90, deg C]
# name 10 = potemp190C: Potential Temperature, 2 [ITS-90, deg C]
# name 11 = v2: Voltage 2
# name 12 = v3: Voltage 3
# name 13 = v0: Voltage 0
# name 14 = CStarTr0: Beam Transmission, WET Labs C-Star [%]
# name 15 = CStarAt0: Beam Attenuation, WET Labs C-Star [1/m]
# name 16 = v5: Voltage 5
# name 17 = sbeox0PS: Oxygen, SBE 43 [% saturation]
# name 18 = sbeox0ML/L: Oxygen, SBE 43 [ml/l]
# name 19 = sbeox0Mm/Kg: Oxygen, SBE 43 [umol/Kg]
# name 20 = sigma-é00: Density [sigma-theta, Kg/m^3]
# name 21 = sigma-é11: Density, 2 [sigma-theta, Kg/m^3]
# name 22 = svCM: Sound Velocity [Chen-Millero, m/s]
# name 23 = modError: Modulo Error Count
# name 24 = scan: Scan Count
# name 25 = nbf: Bottles Fired
# name 26 = flag:  0.000e+00
# interval = seconds: 0.0416667
# start_time = Aug 26 2013 16:26:49 [NMEA time, first data scan]
# bad_flag = -9.990e-29
*END*
[from data line 323]
  430851198     10.355     10.444   3.615764   3.614709    31.5687    31.5592    11.6502    11.6494    11.6490    11.6481     0.0000     0.0000     1.1050    81.3836     0.0082     3.7985  106.97625    6.66435    290.657    23.9896    23.9823    1491.69          0      38142          7  0.000e+00
  430851198     10.374     10.463   3.615953   3.614360    31.5701    31.5569    11.6507    11.6481    11.6495    11.6468     0.0000     0.0000     1.1050    81.3836     0.0082     3.7985  107.01056    6.66635    290.744    23.9906    23.9808    1491.69          0      38143          7  0.000e+00
  430851198     10.330     10.419   3.615933   3.614373    31.5695    31.5572    11.6512    11.6479    11.6500    11.6467     0.0000     0.0000     1.1050    81.2528     0.0083     3.7924  107.09979    6.67187    290.985    23.9900    23.9810    1491.69          0      38144          7  0.000e+00
  430851198     10.355     10.444   3.615912   3.614327    31.5689    31.5574    11.6517    11.6471    11.6504    11.6459     0.0000     0.0000     1.1050    80.9389     0.0085     3.7778  107.13684    6.67414    291.084    23.9895    23.9814    1491.69          0      38145          7  0.000e+00
  430851198     10.374     10.463   3.615885   3.614288    31.5686    31.5572    11.6517    11.6469    11.6505    11.6457     0.0000     0.0000     1.1050    80.8342     0.0085     3.7729  107.17496    6.67652    291.188    23.9892    23.9812    1491.69          0      38146          7  0.000e+00
  430851198     10.330     10.419   3.615682   3.614182    31.5669    31.5563    11.6514    11.6468    11.6501    11.6455     0.0000     0.0000     1.1050    80.8604     0.0085     3.7741  107.27672    6.68298    291.470    23.9880    23.9806    1491.69          0      38147          7  0.000e+00
  430851198     10.268     10.356   3.615520   3.614070    31.5656    31.5555    11.6511    11.6465    11.6498    11.6452     0.0000     0.0000     1.1050    80.8604     0.0085     3.7741  107.32474    6.68607    291.605    23.9870    23.9800    1491.69          0      38148          7  0.000e+00
  430851198     10.280     10.368   3.615371   3.613609    31.5647    31.5510    11.6504    11.6465    11.6492    11.6452     0.0000     0.0000     1.1050    80.8604     0.0085     3.7741  107.37456    6.68930    291.746    23.9864    23.9765    1491.68          0      38149          7  0.000e+00
  430851198     10.280     10.368   3.615425   3.613451    31.5653    31.5501    11.6504    11.6458    11.6492    11.6445     0.0000     0.0000     1.1050    80.8604     0.0085     3.7741  107.41546    6.69182    291.856    23.9869    23.9759    1491.68          0      38150          7  0.000e+00
  430851198     10.237     10.324   3.615655   3.613511    31.5673    31.5512    11.6507    11.6452    11.6495    11.6439     0.0000     0.0000     1.1050    80.8604     0.0085     3.7741  107.45612    6.69423    291.961    23.9884    23.9769    1491.69          0      38151          7  0.000e+00
  430851198     10.268     10.356   3.615621   3.613655    31.5669    31.5525    11.6507    11.6453    11.6495    11.6440     0.0000     0.0000     1.1050    80.8604     0.0085     3.7741  107.49821    6.69687    292.076    23.9881    23.9778    1491.69          0      38152          7  0.000e+00
  430851198     10.237     10.324   3.615513   3.613840    31.5656    31.5532    11.6511    11.6466    11.6498    11.6453     0.0000     0.0000     1.1050    80.8604     0.0085     3.7741  107.59366    6.70282    292.336    23.9870    23.9782    1491.69          0      38153          7  0.000e+00
  430851198     10.193     10.280   3.615615   3.613919    31.5659    31.5535    11.6519    11.6471    11.6506    11.6459     0.0000     0.0000     1.1050    80.8604     0.0085     3.7741  107.63428    6.70522    292.440    23.9871    23.9783    1491.69          0      38154          7  0.000e+00
  430851198     10.218     10.306   3.615533   3.613991    31.5650    31.5534    11.6520    11.6481    11.6508    11.6468     0.0000     0.0000     1.1050    80.8604     0.0085     3.7741  107.73884    6.71176    292.726    23.9863    23.9781    1491.69          0      38155          7  0.000e+00
  430851198     10.193     10.280   3.615175   3.614018    31.5615    31.5532    11.6520    11.6486    11.6508    11.6473     0.0000     0.0000     1.1050    80.8604     0.0085     3.7741  107.78773    6.71495    292.866    23.9837    23.9779    1491.68          0      38156          7  0.000e+00
  430851198     10.193     10.280   3.614776   3.614070    31.5578    31.5532    11.6519    11.6492    11.6506    11.6480     0.0000     0.0000     1.1050    80.8604     0.0085     3.7741  107.83621    6.71815    293.006    23.9808    23.9777    1491.68          0      38157          7  0.000e+00
  430851198     10.175     10.262   3.614539   3.614031    31.5555    31.5522    11.6519    11.6499    11.6506    11.6487     0.0000     0.0000     1.1026    80.8604     0.0085     3.7741  107.88366    6.72120    293.140    23.9790    23.9768    1491.67          0      38158          7  0.000e+00
  430851198     10.193     10.280   3.614322   3.613899    31.5534    31.5514    11.6519    11.6494    11.6506    11.6481     0.0000     0.0000     0.9890    80.8604     0.0085     3.7741  107.92141    6.72364    293.247    23.9774    23.9763    1491.67          0      38159          7  0.000e+00
  430851199     10.143     10.230   3.614018   3.613734    31.5507    31.5497    11.6515    11.6496    11.6503    11.6483     0.0000     0.0000     0.9170    80.8604     0.0085     3.7741  108.01097    6.72939    293.498    23.9754    23.9749    1491.67          0      38160          7  0.000e+00
  430851199     10.125     10.211   3.613889   3.613695    31.5495    31.5489    11.6515    11.6501    11.6503    11.6488     0.0000     0.0000     0.9084    80.8604     0.0085     3.7741  108.05425    6.73213    293.618    23.9744    23.9742    1491.67          0      38161          7  0.000e+00
  430851300      6.299      6.353   3.610823   3.610104    31.4433    31.4424    11.7435    11.7364    11.7427    11.7356     0.0000     0.0000     0.7680    81.8806     0.0080     3.8217   99.89562    6.21586    271.127    23.8753    23.8758    1491.79          3      40569          8  0.000e+00
  430851300      6.368      6.422   3.610836   3.610117    31.4433    31.4428    11.7437    11.7360    11.7429    11.7352     0.0000     0.0000     0.7753    81.8806     0.0080     3.8217   99.97969    6.22107    271.354    23.8752    23.8762    1491.80          3      40570          8  0.000e+00
  430851300      6.343      6.397   3.610782   3.610157    31.4430    31.4431    11.7434    11.7361    11.7426    11.7353     0.0000     0.0000     0.7802    81.8806     0.0080     3.8217  100.00085    6.22244    271.414    23.8750    23.8765    1491.79          3      40571          8  0.000e+00
  430851300      6.324      6.378   3.610694   3.610150    31.4426    31.4426    11.7429    11.7367    11.7421    11.7359     0.0000     0.0000     0.7814    81.8806     0.0080     3.8217   99.96036    6.22000    271.308    23.8748    23.8759    1491.79          3      40572          8  0.000e+00
  430851300      6.299      6.353   3.610694   3.610124    31.4426    31.4421    11.7429    11.7370    11.7421    11.7362     0.0000     0.0000     0.7802    81.8806     0.0080     3.8217   99.96644    6.22038    271.324    23.8748    23.8755    1491.79          3      40573          8  0.000e+00
  430851300      6.368      6.422   3.610721   3.610137    31.4427    31.4424    11.7431    11.7368    11.7423    11.7360     0.0000     0.0000     0.7802    81.8806     0.0080     3.8217   99.97521    6.22090    271.347    23.8748    23.8757    1491.79          3      40574          8  0.000e+00
  430851300      6.299      6.353   3.610755   3.610150    31.4431    31.4426    11.7431    11.7367    11.7423    11.7359     0.0000     0.0000     0.7802    81.8806     0.0080     3.8217  100.04701    6.22535    271.541    23.8751    23.8759    1491.79          3      40575          8  0.000e+00
  430851300      6.299      6.353   3.610694   3.610150    31.4425    31.4418    11.7431    11.7376    11.7423    11.7368     0.0000     0.0000     0.7802    82.0114     0.0079     3.8278  100.06659    6.22659    271.595    23.8747    23.8752    1491.79          3      40576          8  0.000e+00
  430851300      6.324      6.378   3.610694   3.610163    31.4425    31.4412    11.7430    11.7385    11.7422    11.7377     0.0000     0.0000     0.7802    82.0376     0.0079     3.8291  100.02437    6.22397    271.481    23.8747    23.8745    1491.79          3      40577          8  0.000e+00
  430851300      6.299      6.353   3.610748   3.610249    31.4428    31.4405    11.7433    11.7403    11.7425    11.7395     0.0000     0.0000     0.7802    82.0638     0.0079     3.8303  100.03722    6.22473    271.514    23.8749    23.8737    1491.79          3      40578          8  0.000e+00
  430851300      6.280      6.334   3.610742   3.610394    31.4429    31.4412    11.7431    11.7412    11.7423    11.7404     0.0000     0.0000     0.7802    82.0376     0.0079     3.8291  100.04227    6.22506    271.529    23.8750    23.8740    1491.79          3      40579          8  0.000e+00
  430851300      6.249      6.303   3.610613   3.610459    31.4412    31.4409    11.7437    11.7423    11.7429    11.7415     0.0000     0.0000     0.7802    82.0638     0.0079     3.8303  100.05766    6.22600    271.570    23.8735    23.8736    1491.79          3      40580          8  0.000e+00
  430851300      6.280      6.334   3.610573   3.610473    31.4409    31.4410    11.7436    11.7423    11.7428    11.7415     0.0000     0.0000     0.7802    82.0376     0.0079     3.8291  100.13863    6.23107    271.791    23.8733    23.8736    1491.79          3      40581          8  0.000e+00
  430851300      6.206      6.259   3.610593   3.610433    31.4412    31.4404    11.7434    11.7426    11.7426    11.7418     0.0000     0.0000     0.7802    82.0376     0.0079     3.8291  100.15576    6.23214    271.838    23.8736    23.8731    1491.79          3      40582          8  0.000e+00
  430851300      6.299      6.353   3.610606   3.610361    31.4412    31.4406    11.7436    11.7415    11.7428    11.7407     0.0000     0.0000     0.7814    82.0376     0.0079     3.8291  100.18518    6.23396    271.917    23.8736    23.8735    1491.79          3      40583          8  0.000e+00
  430851300      6.187      6.240   3.610654   3.610268    31.4415    31.4410    11.7438    11.7400    11.7430    11.7392     0.0000     0.0000     0.7802    82.0376     0.0079     3.8291  100.21311    6.23565    271.991    23.8738    23.8741    1491.79          3      40584          8  0.000e+00
  430851300      6.206      6.259   3.610647   3.610268    31.4413    31.4387    11.7439    11.7427    11.7431    11.7420     0.0000     0.0000     0.7802    82.0376     0.0079     3.8291  100.23443    6.23697    272.048    23.8736    23.8718    1491.79          3      40585          8  0.000e+00
  430851300      6.187      6.240   3.610640   3.610321    31.4417    31.4328    11.7434    11.7503    11.7426    11.7495     0.0000     0.0000     0.7802    82.0376     0.0079     3.8291  100.25606    6.23837    272.109    23.8740    23.8658    1491.79          3      40586          8  0.000e+00
  430851301      6.162      6.215   3.610566   3.610360    31.4413    31.4287    11.7431    11.7556    11.7423    11.7548     0.0000     0.0000     0.7802    82.0376     0.0079     3.8291  100.27835    6.23982    272.172    23.8737    23.8617    1491.79          3      40587          8  0.000e+00
  430851301      6.143      6.196   3.610613   3.610387    31.4412    31.4271    11.7437    11.7578    11.7429    11.7571     0.0000     0.0000     0.7802    82.0376     0.0079     3.8291  100.29201    6.24058    272.206    23.8736    23.8600    1491.79          3      40588          8  0.000e+00
  430851301      6.112      6.164   3.610660   3.610400    31.4413    31.4265    11.7442    11.7587    11.7434    11.7579     0.0000     0.0000     0.7802    82.0376     0.0079     3.8291  100.30589    6.24138    272.241    23.8735    23.8594    1491.79          3      40589          8  0.000e+00
  430851301      6.112      6.164   3.610647   3.610354    31.4361    31.4241    11.7501    11.7609    11.7494    11.7602     0.0000     0.0000     0.7802    82.0376     0.0079     3.8291  100.31084    6.24111    272.230    23.8684    23.8572    1491.81          3      40590          8  0.000e+00
  430851301      6.094      6.146   3.610613   3.610387    31.4283    31.4225    11.7590    11.7633    11.7582    11.7625     0.0000     0.0000     0.7802    82.0376     0.0079     3.8291  100.32478    6.24111    272.232    23.8608    23.8555    1491.83          3      40591          8  0.000e+00
  430851301      6.025      6.077   3.610606   3.610452    31.4228    31.4210    11.7654    11.7658    11.7647    11.7651     0.0000     0.0000     0.7802    82.0376     0.0079     3.8291  100.41123    6.24585    272.441    23.8554    23.8539    1491.84          3      40592          8  0.000e+00
  430851301      6.050      6.102   3.610674   3.610492    31.4188    31.4191    11.7710    11.7685    11.7702    11.7678     0.0000     0.0000     0.7802    82.0376     0.0079     3.8291  100.43567    6.24680    272.483    23.8512    23.8519    1491.86          3      40593          8  0.000e+00
  430851301      6.025      6.077   3.610701   3.610518    31.4161    31.4171    11.7744    11.7712    11.7737    11.7705     0.0000     0.0000     0.7802    82.0376     0.0079     3.8291  100.52282    6.25186    272.705    23.8485    23.8498    1491.86          3      40594          8  0.000e+00
  430851301      5.956      6.007   3.610701   3.610386    31.4145    31.4148    11.7764    11.7725    11.7757    11.7717     0.0000     0.0000     0.7705    82.0376     0.0079     3.8291  100.48227    6.24914    272.586    23.8469    23.8478    1491.87          3      40595          8  0.000e+00
  430851301      5.975      6.026   3.610802   3.610439    31.4113    31.4152    11.7814    11.7725    11.7806    11.7718     0.0000     0.0000     0.7497    81.8545     0.0080     3.8205  100.49650    6.24950    272.603    23.8435    23.8482    1491.88          3      40596          8  0.000e+00
  430851301      5.932      5.982   3.610836   3.610492    31.4051    31.4160    11.7891    11.7722    11.7883    11.7714     0.0000     0.0000     0.7424    81.7237     0.0081     3.8144  100.50936    6.24952    272.605    23.8373    23.8488    1491.90          3      40597          8  0.000e+00
  430851301      5.913      5.963   3.610856   3.610505    31.4027    31.4167    11.7922    11.7715    11.7914    11.7708     0.0000     0.0000     0.7424    81.7237     0.0081     3.8144  100.52246    6.25002    272.628    23.8348    23.8495    1491.91          3      40598          8  0.000e+00
  430851301      5.838      5.888   3.610842   3.610492    31.4064    31.4171    11.7877    11.7710    11.7870    11.7703     0.0000     0.0000     0.7424    81.7237     0.0081     3.8144  100.59815    6.25518    272.852    23.8385    23.8499    1491.90          3      40599          8  0.000e+00
  430851301      5.863      5.913   3.610876   3.610452    31.4132    31.4180    11.7800    11.7694    11.7793    11.7687     0.0000     0.0000     0.7436    81.7237     0.0081     3.8144  100.55716    6.25338    272.772    23.8452    23.8509    1491.88          3      40600          8  0.000e+00
