ROS/FK009A_CTD040_20130830.ros
* Sea-Bird SBE 9 Data File:
* FileName = C:\Falkor-Data-2013\FK009A\CTD\FK009A_CTD040_20130830.hex
* Software Version Seasave V 7.21f
* Temperature SN = 5483
* Conductivity SN = 3916
* Number of Bytes Per Scan = 41
* Number of Voltage Words = 4
* Number of Scans Averaged by the Deck Unit = 1
* NMEA Latitude = 48 25.23 N
* NMEA Longitude = 124 50.07 W
* NMEA UTC (Time) = Aug 30 2013 19:46:04
* NMEA baud rate = 4800
** Ship: RV Falkor
** Station: RD05
** Operator: CP
# nquan = 27
# nvalues = 1021                                  
# units = specified
# name 0 = timeQ: Time, NMEA [seconds]
# name 1 = depSM: Depth [salt water, m]
# name 2 = prDM: Pressure, Digiquartz [db]
# name 3 = c0S/m: Conductivity [S/m]
# name 4 = c1S/m: Conductivity, 2 [S/m]
# name 5 = sal00: Salinity, Practical [PSU]
# name 6 = sal11: Salinity, Practical, 2 [PSU]
# name 7 = t090C: Temperature [ITS-90, deg C]
# name 8 = t190C: Temperature, 2 [ITS-90, deg C]
# name 9 = potemp090C: Potential Temperature [ITS-90, deg C]
# name 10 = potemp190C: Potential Temperature, 2 [ITS-90, deg C]
# name 11 = v2: Voltage 2
# name 12 = v3: Voltage 3
# name 13 = v0: Voltage 0
# name 14 = CStarTr0: Beam Transmission, WET Labs C-Star [%]
# name 15 = CStarAt0: Beam Attenuation, WET Labs C-Star [1/m]
# name 16 = v5: Voltage 5
# name 17 = sbeox0PS: Oxygen, SBE 43 [% saturation]
# name 18 = sbeox0ML/L: Oxygen, SBE 43 [ml/l]
# name 19 = sbeox0Mm/Kg: Oxygen, SBE 43 [umol/Kg]
# name 20 = sigma-é00: Density [sigma-theta, Kg/m^3]
# name 21 = sigma-é11: Density, 2 [sigma-theta, Kg/m^3]
# name 22 = svCM: Sound Velocity [Chen-Millero, m/s]
# name 23 = modError: Modulo Error Count
# name 24 = scan: Scan Count
# name 25 = nbf: Bottles Fired
# name 26 = flag:  0.000e+00
# interval = seconds: 0.0416667
# start_time = Aug 30 2013 19:46:04 [NMEA time, first data scan]
# bad_flag = -9.990e-29
*END*
[from data line 108]
  431208148    250.355    252.638   3.421851   3.421598    33.8928    33.8918     6.8076     6.8057     6.7846     6.7828     2.7094     0.8193     0.0794    97.2889     0.0011     4.5409   21.37727    1.46019     63.524    26.5758    26.5753    1480.67          1      23595          3  0.000e+00
  431208148    250.355    252.638   3.421837   3.421559    33.8928    33.8914     6.8075     6.8057     6.7845     6.7828     2.7094     0.8193     0.0806    97.2889     0.0011     4.5409   21.37883    1.46030     63.529    26.5758    26.5749    1480.67          1      23596          3  0.000e+00
  431208148    250.311    252.594   3.421837   3.421565    33.8928    33.8914     6.8074     6.8059     6.7845     6.7829     2.7094     0.8205     0.0806    97.2889     0.0011     4.5409   21.36735    1.45952     63.495    26.5758    26.5749    1480.67          1      23597          3  0.000e+00
  431208148    250.355    252.638   3.421851   3.421553    33.8929    33.8911     6.8075     6.8059     6.7845     6.7830     2.7094     0.8205     0.0806    97.2889     0.0011     4.5409   21.35559    1.45871     63.460    26.5759    26.5747    1480.67          1      23598          3  0.000e+00
  431208148    250.311    252.594   3.421857   3.421591    33.8929    33.8915     6.8076     6.8060     6.7846     6.7831     2.7094     0.8205     0.0806    97.2889     0.0011     4.5409   21.27430    1.45315     63.218    26.5759    26.5750    1480.67          1      23599          3  0.000e+00
  431208148    250.355    252.638   3.421857   3.421559    33.8930    33.8914     6.8074     6.8057     6.7845     6.7828     2.7094     0.8205     0.0794    97.2889     0.0011     4.5409   21.33132    1.45705     63.387    26.5760    26.5749    1480.67          1      23600          3  0.000e+00
  431208148    250.311    252.594   3.421837   3.421546    33.8929    33.8908     6.8073     6.8062     6.7844     6.7832     2.7094     0.8193     0.0794    97.2889     0.0011     4.5409   21.33172    1.45708     63.389    26.5759    26.5744    1480.67          1      23601          3  0.000e+00
  431208148    250.311    252.594   3.421811   3.421591    33.8927    33.8917     6.8072     6.8058     6.7843     6.7828     2.7094     0.8181     0.0794    97.2889     0.0011     4.5409   21.34515    1.45801     63.429    26.5758    26.5752    1480.67          1      23602          3  0.000e+00
  431208148    250.261    252.543   3.421817   3.421565    33.8925    33.8915     6.8076     6.8057     6.7846     6.7828     2.7094     0.8181     0.0794    97.2889     0.0011     4.5409   21.34603    1.45806     63.431    26.5755    26.5750    1480.67          1      23603          3  0.000e+00
  431208148    250.355    252.638   3.421804   3.421572    33.8927    33.8917     6.8071     6.8056     6.7842     6.7826     2.7094     0.8193     0.0806    97.2889     0.0011     4.5409   21.34734    1.45816     63.436    26.5758    26.5752    1480.67          1      23604          3  0.000e+00
  431208148    250.261    252.543   3.421844   3.421598    33.8931    33.8917     6.8072     6.8059     6.7843     6.7830     2.7094     0.8193     0.0806    97.2889     0.0011     4.5409   21.42980    1.46378     63.680    26.5761    26.5751    1480.67          1      23605          3  0.000e+00
  431208148    250.330    252.613   3.421818   3.421585    33.8929    33.8916     6.8071     6.8059     6.7842     6.7829     2.7094     0.8193     0.0794    97.2889     0.0011     4.5409   21.45634    1.46560     63.759    26.5759    26.5750    1480.67          1      23606          3  0.000e+00
  431208148    250.261    252.543   3.421824   3.421578    33.8929    33.8915     6.8072     6.8059     6.7843     6.7829     2.7094     0.8193     0.0794    97.2889     0.0011     4.5409   21.48248    1.46739     63.837    26.5759    26.5750    1480.67          1      23607          3  0.000e+00
  431208148    250.311    252.594   3.421798   3.421598    33.8927    33.8920     6.8071     6.8056     6.7841     6.7826     2.7094     0.8193     0.0794    97.2889     0.0011     4.5409   21.42729    1.46362     63.673    26.5758    26.5754    1480.67          1      23608          3  0.000e+00
  431208148    250.261    252.543   3.421824   3.421611    33.8928    33.8920     6.8073     6.8058     6.7844     6.7828     2.7094     0.8205     0.0794    97.2889     0.0011     4.5409   21.42817    1.46367     63.675    26.5758    26.5754    1480.67          1      23609          3  0.000e+00
  431208148    250.261    252.543   3.421824   3.421585    33.8930    33.8917     6.8071     6.8057     6.7841     6.7828     2.7082     0.8205     0.0794    97.2889     0.0011     4.5409   21.49799    1.46845     63.883    26.5760    26.5752    1480.67          1      23610          3  0.000e+00
  431208148    250.311    252.594   3.421784   3.421578    33.8924    33.8916     6.8072     6.8057     6.7843     6.7828     2.7082     0.8193     0.0794    97.2365     0.0011     4.5385   21.49812    1.46846     63.884    26.5755    26.5751    1480.67          1      23611          3  0.000e+00
  431208148    250.261    252.543   3.421791   3.421578    33.8926    33.8917     6.8071     6.8057     6.7842     6.7828     2.7094     0.8205     0.0794    97.2365     0.0011     4.5385   21.37232    1.45987     63.510    26.5757    26.5751    1480.67          1      23612          3  0.000e+00
  431208148    250.311    252.594   3.421791   3.421598    33.8927    33.8918     6.8071     6.8058     6.7841     6.7828     2.7082     0.8205     0.0781    97.2104     0.0011     4.5372   21.42884    1.46373     63.678    26.5757    26.5752    1480.67          1      23613          3  0.000e+00
  431208148    250.261    252.543   3.421771   3.421565    33.8926    33.8914     6.8070     6.8059     6.7840     6.7829     2.7082     0.8193     0.0781    97.2104     0.0011     4.5372   21.42871    1.46372     63.678    26.5757    26.5749    1480.67          1      23614          3  0.000e+00
  431208148    250.261    252.543   3.421811   3.421572    33.8929    33.8914     6.8071     6.8059     6.7841     6.7829     2.7094     0.8193     0.0781    97.2365     0.0011     4.5385   21.42871    1.46372     63.677    26.5759    26.5749    1480.67          1      23615          3  0.000e+00
  431208149    250.261    252.543   3.421804   3.421598    33.8928    33.8919     6.8071     6.8057     6.7841     6.7828     2.7094     0.8205     0.0794    97.2365     0.0011     4.5385   21.41579    1.46284     63.639    26.5759    26.5753    1480.67          1      23616          3  0.000e+00
  431208149    250.261    252.543   3.421804   3.421585    33.8929    33.8915     6.8070     6.8059     6.7840     6.7830     2.7094     0.8181     0.0781    97.2104     0.0011     4.5372   21.40237    1.46192     63.599    26.5760    26.5750    1480.67          1      23617          3  0.000e+00
  431208149    250.261    252.543   3.421844   3.421578    33.8929    33.8915     6.8074     6.8059     6.7845     6.7829     2.7094     0.8205     0.0794    97.2104     0.0011     4.5372   21.38841    1.46095     63.557    26.5759    26.5750    1480.67          1      23618          3  0.000e+00
  431208149    250.261    252.543   3.421837   3.421598    33.8932    33.8920     6.8071     6.8056     6.7841     6.7826     2.7094     0.8193     0.0781    97.2365     0.0011     4.5385   21.38687    1.46086     63.553    26.5762    26.5754    1480.67          1      23619          3  0.000e+00
  431208149    250.311    252.594   3.421824   3.421585    33.8931    33.8916     6.8070     6.8059     6.7840     6.7829     2.7094     0.8205     0.0794    97.2365     0.0011     4.5385   21.31670    1.45607     63.345    26.5761    26.5750    1480.67          1      23620          3  0.000e+00
  431208149    250.261    252.543   3.421784   3.421578    33.8924    33.8916     6.8072     6.8058     6.7843     6.7828     2.7094     0.8205     0.0794    97.2365     0.0011     4.5385   21.37189    1.45984     63.508    26.5755    26.5751    1480.67          1      23621          3  0.000e+00
  431208149    250.217    252.499   3.421791   3.421553    33.8928    33.8913     6.8070     6.8059     6.7840     6.7829     2.7094     0.8205     0.0794    97.2365     0.0011     4.5385   21.37075    1.45976     63.505    26.5759    26.5748    1480.66          1      23622          3  0.000e+00
  431208149    250.261    252.543   3.421817   3.421591    33.8930    33.8918     6.8071     6.8057     6.7841     6.7828     2.7094     0.8205     0.0781    97.2104     0.0011     4.5372   21.38275    1.46058     63.541    26.5760    26.5753    1480.67          1      23623          3  0.000e+00
  431208149    250.280    252.562   3.421804   3.421559    33.8930    33.8914     6.8069     6.8057     6.7840     6.7828     2.7082     0.8181     0.0781    97.2104     0.0011     4.5372   21.38229    1.46055     63.540    26.5760    26.5750    1480.67          1      23624          3  0.000e+00
  431208149    250.261    252.543   3.421791   3.421565    33.8926    33.8913     6.8071     6.8059     6.7842     6.7830     2.7082     0.8205     0.0794    97.2365     0.0011     4.5385   21.36880    1.45963     63.499    26.5757    26.5748    1480.67          1      23625          3  0.000e+00
  431208149    250.261    252.543   3.421771   3.421553    33.8926    33.8915     6.8069     6.8056     6.7840     6.7826     2.7094     0.8193     0.0781    97.2365     0.0011     4.5385   21.36778    1.45956     63.497    26.5757    26.5751    1480.66          1      23626          3  0.000e+00
  431208149    250.311    252.594   3.421771   3.421546    33.8924    33.8911     6.8071     6.8059     6.7841     6.7829     2.7094     0.8205     0.0794    97.2365     0.0011     4.5385   21.42274    1.46331     63.660    26.5756    26.5747    1480.67          1      23627          3  0.000e+00
  431208149    250.261    252.543   3.421784   3.421565    33.8925    33.8915     6.8071     6.8057     6.7842     6.7828     2.7094     0.8205     0.0781    97.2365     0.0011     4.5385   21.35124    1.45843     63.447    26.5756    26.5750    1480.67          1      23628          3  0.000e+00
  431208149    250.261    252.543   3.421824   3.421553    33.8930    33.8913     6.8071     6.8058     6.7841     6.7828     2.7094     0.8205     0.0781    97.2365     0.0011     4.5385   21.33575    1.45737     63.401    26.5760    26.5749    1480.67          1      23629          3  0.000e+00
  431208149    250.261    252.543   3.421798   3.421546    33.8929    33.8916     6.8070     6.8054     6.7840     6.7825     2.7094     0.8205     0.0781    97.2104     0.0011     4.5372   21.26389    1.45246     63.188    26.5759    26.5751    1480.67          1      23630          3  0.000e+00
  431208149    250.311    252.594   3.421798   3.421546    33.8927    33.8914     6.8071     6.8056     6.7841     6.7826     2.7094     0.8193     0.0781    97.2104     0.0011     4.5372   21.31781    1.45614     63.348    26.5758    26.5750    1480.67          1      23631          3  0.000e+00
  431208149    250.261    252.543   3.421804   3.421565    33.8930    33.8917     6.8069     6.8056     6.7840     6.7826     2.7082     0.8205     0.0781    97.2365     0.0011     4.5385   21.31510    1.45596     63.340    26.5760    26.5752    1480.67          1      23632          3  0.000e+00
  431208149    250.261    252.543   3.421791   3.421578    33.8928    33.8916     6.8070     6.8058     6.7840     6.7828     2.7094     0.8205     0.0794    97.2365     0.0011     4.5385   21.31252    1.45579     63.332    26.5758    26.5751    1480.67          1      23633          3  0.000e+00
  431208294    200.642    202.447   3.433888   3.433662    33.8371    33.8356     7.0233     7.0223     7.0047     7.0037     2.7790     0.8352     0.0794    96.5041     0.0014     4.5043   19.57695    1.33109     57.912    26.5021    26.5010    1480.61          1      27113          4  0.000e+00
  431208294    200.661    202.466   3.433888   3.433682    33.8371    33.8360     7.0233     7.0222     7.0047     7.0036     2.7790     0.8352     0.0794    96.5041     0.0014     4.5043   19.56845    1.33051     57.887    26.5021    26.5013    1480.61          1      27114          4  0.000e+00
  431208294    200.661    202.466   3.433908   3.433688    33.8373    33.8360     7.0233     7.0222     7.0047     7.0036     2.7790     0.8352     0.0794    96.5041     0.0014     4.5043   19.55940    1.32989     57.860    26.5022    26.5014    1480.61          1      27115          4  0.000e+00
  431208294    200.692    202.497   3.433921   3.433630    33.8371    33.8355     7.0237     7.0220     7.0050     7.0034     2.7790     0.8352     0.0794    96.5041     0.0014     4.5043   19.54991    1.32924     57.831    26.5020    26.5010    1480.62          1      27116          4  0.000e+00
  431208294    200.711    202.516   3.433921   3.433695    33.8375    33.8362     7.0233     7.0220     7.0046     7.0034     2.7790     0.8339     0.0781    96.5041     0.0014     4.5043   19.53992    1.32857     57.802    26.5024    26.5016    1480.62          1      27117          4  0.000e+00
  431208294    200.711    202.516   3.433921   3.433675    33.8373    33.8357     7.0235     7.0223     7.0049     7.0037     2.7790     0.8339     0.0781    96.5041     0.0014     4.5043   19.59739    1.33247     57.972    26.5022    26.5011    1480.62          1      27118          4  0.000e+00
  431208294    200.736    202.541   3.433895   3.433682    33.8367    33.8359     7.0238     7.0222     7.0052     7.0035     2.7790     0.8364     0.0781    96.5041     0.0014     4.5043   19.52991    1.32788     57.772    26.5016    26.5013    1480.62          1      27119          4  0.000e+00
  431208295    200.711    202.516   3.433888   3.433656    33.8370    33.8357     7.0235     7.0222     7.0048     7.0035     2.7790     0.8352     0.0794    96.5041     0.0014     4.5043   19.51779    1.32707     57.737    26.5019    26.5011    1480.62          1      27120          4  0.000e+00
  431208295    200.798    202.605   3.433908   3.433701    33.8368    33.8361     7.0238     7.0222     7.0052     7.0035     2.7790     0.8352     0.0794    96.5041     0.0014     4.5043   19.50543    1.32622     57.700    26.5017    26.5014    1480.62          1      27121          4  0.000e+00
  431208295    200.786    202.592   3.433895   3.433695    33.8368    33.8360     7.0237     7.0222     7.0050     7.0035     2.7790     0.8352     0.0794    96.5041     0.0014     4.5043   19.49233    1.32533     57.661    26.5018    26.5014    1480.62          1      27122          4  0.000e+00
  431208295    200.754    202.560   3.433928   3.433669    33.8372    33.8356     7.0237     7.0223     7.0050     7.0037     2.7790     0.8352     0.0794    96.5041     0.0014     4.5043   19.54672    1.32902     57.822    26.5021    26.5010    1480.62          1      27123          4  0.000e+00
  431208295    200.798    202.605   3.433928   3.433695    33.8369    33.8360     7.0239     7.0222     7.0053     7.0035     2.7790     0.8339     0.0781    96.5041     0.0014     4.5043   19.62491    1.33434     58.053    26.5018    26.5014    1480.62          1      27124          4  0.000e+00
  431208295    200.873    202.680   3.433941   3.433688    33.8371    33.8356     7.0238     7.0225     7.0052     7.0038     2.7790     0.8339     0.0781    96.5041     0.0014     4.5043   19.57819    1.33116     57.915    26.5020    26.5010    1480.62          1      27125          4  0.000e+00
  431208295    200.892    202.699   3.433901   3.433688    33.8366    33.8358     7.0238     7.0223     7.0052     7.0037     2.7790     0.8339     0.0781    96.5041     0.0014     4.5043   19.58679    1.33175     57.940    26.5016    26.5012    1480.62          1      27126          4  0.000e+00
