ROS/FK009A_CTD018_20130821.ros
* Sea-Bird SBE 9 Data File:
* FileName = C:\Falkor-Data-2013\FK009A\CTD\FK009A_CTD018_20130821.hex
* Software Version Seasave V 7.21f
* Temperature SN = 5483
* Conductivity SN = 3916
* Number of Bytes Per Scan = 41
* Number of Voltage Words = 4
* Number of Scans Averaged by the Deck Unit = 1
* NMEA Latitude = 48 36.44 N
* NMEA Longitude = 125 53.99 W
* NMEA UTC (Time) = Aug 21 2013 03:21:12
* NMEA baud rate = 4800
** Ship: RV Falkor
** Station: LC06
** Operator: CP
# nquan = 27
# nvalues = 343                                   
# units = specified
# name 0 = timeQ: Time, NMEA [seconds]
# name 1 = depSM: Depth [salt water, m]
# name 2 = prDM: Pressure, Digiquartz [db]
# name 3 = c0S/m: Conductivity [S/m]
# name 4 = c1S/m: Conductivity, 2 [S/m]
# name 5 = sal00: Salinity, Practical [PSU]
# name 6 = sal11: Salinity, Practical, 2 [PSU]
# name 7 = t090C: Temperature [ITS-90, deg C]
# name 8 = t190C: Temperature, 2 [ITS-90, deg C]
# name 9 = potemp090C: Potential Temperature [ITS-90, deg C]
# name 10 = potemp190C: Potential Temperature, 2 [ITS-90, deg C]
# name 11 = v2: Voltage 2
# name 12 = v3: Voltage 3
# name 13 = v0: Voltage 0
# name 14 = CStarTr0: Beam Transmission, WET Labs C-Star [%]
# name 15 = CStarAt0: Beam Attenuation, WET Labs C-Star [1/m]
# name 16 = v5: Voltage 5
# name 17 = sbeox0PS: Oxygen, SBE 43 [% saturation]
# name 18 = sbeox0ML/L: Oxygen, SBE 43 [ml/l]
# name 19 = sbeox0Mm/Kg: Oxygen, SBE 43 [umol/Kg]
# name 20 = sigma-é00: Density [sigma-theta, Kg/m^3]
# name 21 = sigma-é11: Density, 2 [sigma-theta, Kg/m^3]
# name 22 = svCM: Sound Velocity [Chen-Millero, m/s]
# name 23 = modError: Modulo Error Count
# name 24 = scan: Scan Count
# name 25 = nbf: Bottles Fired
# name 26 = flag:  0.000e+00
# interval = seconds: 0.0416667
# start_time = Aug 21 2013 03:21:12 [NMEA time, first data scan]
# bad_flag = -9.990e-29
*END*
  430370872     86.719     87.477   3.399307   3.399183    33.8313    33.8309     6.6999     6.6989     6.6921     6.6911     0.0000     0.0000     0.0830    95.9809     0.0016     4.4799   17.50777    1.19934     52.178    26.5397    26.5395    1477.46          1       9593          1  0.000e+00
  430370872     86.813     87.571   3.399294   3.399196    33.8312    33.8310     6.6997     6.6989     6.6919     6.6911     0.0000     0.0000     0.0830    95.9809     0.0016     4.4799   17.57936    1.20425     52.391    26.5397    26.5396    1477.46          1       9594          1  0.000e+00
  430370872     86.669     87.426   3.399307   3.399183    33.8315    33.8309     6.6997     6.6989     6.6919     6.6911     0.0000     0.0000     0.0830    95.9809     0.0016     4.4799   17.52783    1.20072     52.238    26.5398    26.5395    1477.46          1       9595          1  0.000e+00
  430370872     86.719     87.477   3.399320   3.399183    33.8315    33.8309     6.6998     6.6989     6.6920     6.6911     0.0000     0.0000     0.0818    95.9547     0.0017     4.4786   17.53187    1.20099     52.250    26.5399    26.5395    1477.46          1       9596          1  0.000e+00
  430370872     86.676     87.433   3.399294   3.399202    33.8311    33.8310     6.6999     6.6990     6.6921     6.6912     0.0000     0.0000     0.0830    95.9547     0.0017     4.4786   17.54800    1.20210     52.298    26.5396    26.5395    1477.46          1       9597          1  0.000e+00
  430370872     86.713     87.470   3.399267   3.399164    33.8307    33.8310     6.7000     6.6985     6.6923     6.6908     0.0000     0.0000     0.0830    95.9547     0.0017     4.4786   17.56480    1.20325     52.348    26.5392    26.5396    1477.46          1       9598          1  0.000e+00
  430370872     86.632     87.388   3.399280   3.399170    33.8310    33.8310     6.6999     6.6987     6.6922     6.6909     0.0000     0.0000     0.0818    95.9547     0.0017     4.4786   17.64878    1.20900     52.598    26.5394    26.5396    1477.46          1       9599          1  0.000e+00
  430370872     86.632     87.388   3.399307   3.399157    33.8315    33.8310     6.6997     6.6985     6.6919     6.6908     0.0000     0.0000     0.0818    95.9547     0.0017     4.4786   17.59857    1.20556     52.448    26.5398    26.5396    1477.46          1       9600          1  0.000e+00
  430370872     86.669     87.426   3.399294   3.399132    33.8313    33.8305     6.6997     6.6987     6.6919     6.6909     0.0000     0.0000     0.0830    95.9285     0.0017     4.4774   17.52433    1.20048     52.227    26.5397    26.5392    1477.46          1       9601          1  0.000e+00
  430370872     86.582     87.338   3.399307   3.399164    33.8313    33.8311     6.6999     6.6985     6.6922     6.6908     0.0000     0.0000     0.0818    95.9024     0.0017     4.4762   17.50494    1.19914     52.169    26.5397    26.5397    1477.46          1       9602          1  0.000e+00
  430370872     86.538     87.294   3.399320   3.399196    33.8313    33.8315     6.7000     6.6985     6.6923     6.6907     0.0000     0.0000     0.0818    95.9024     0.0017     4.4762   17.41872    1.19323     51.912    26.5397    26.5400    1477.46          1       9603          1  0.000e+00
  430370872     86.576     87.332   3.399267   3.399164    33.8307    33.8311     6.7000     6.6985     6.6923     6.6908     0.0000     0.0000     0.0818    95.9024     0.0017     4.4762   17.45526    1.19574     52.021    26.5392    26.5397    1477.46          1       9604          1  0.000e+00
  430370872     86.538     87.294   3.399300   3.399151    33.8311    33.8309     6.7000     6.6985     6.6923     6.6908     0.0000     0.0000     0.0818    95.9024     0.0017     4.4762   17.44878    1.19529     52.002    26.5395    26.5396    1477.46          1       9605          1  0.000e+00
  430370873     86.538     87.294   3.399294   3.399131    33.8312    33.8307     6.6999     6.6985     6.6922     6.6908     0.0000     0.0000     0.0818    95.9024     0.0017     4.4762   17.50982    1.19948     52.184    26.5396    26.5394    1477.46          1       9606          1  0.000e+00
  430370873     86.482     87.237   3.399287   3.399164    33.8312    33.8310     6.6999     6.6987     6.6921     6.6910     0.0000     0.0000     0.0806    95.9024     0.0017     4.4762   17.51560    1.19988     52.201    26.5396    26.5396    1477.46          1       9607          1  0.000e+00
  430370873     86.488     87.244   3.399307   3.399112    33.8314    33.8304     6.6999     6.6987     6.6921     6.6910     0.0000     0.0000     0.0806    95.9024     0.0017     4.4762   17.50922    1.19944     52.182    26.5397    26.5391    1477.46          1       9608          1  0.000e+00
  430370873     86.488     87.244   3.399320   3.399157    33.8315    33.8310     6.6999     6.6985     6.6922     6.6908     0.0000     0.0000     0.0806    95.9024     0.0017     4.4762   17.51463    1.19981     52.198    26.5398    26.5396    1477.46          1       9609          1  0.000e+00
  430370873     86.389     87.143   3.399294   3.399183    33.8311    33.8311     6.7000     6.6989     6.6923     6.6911     0.0000     0.0000     0.0806    95.9024     0.0017     4.4762   17.51981    1.20016     52.213    26.5395    26.5396    1477.46          1       9610          1  0.000e+00
  430370873     86.445     87.200   3.399267   3.399157    33.8308    33.8311     6.7000     6.6985     6.6923     6.6908     0.0000     0.0000     0.0818    95.9024     0.0017     4.4762   17.45841    1.19596     52.031    26.5393    26.5397    1477.46          1       9611          1  0.000e+00
  430370873     86.401     87.156   3.399280   3.399144    33.8311    33.8308     6.6999     6.6987     6.6922     6.6910     0.0000     0.0000     0.0806    95.9024     0.0017     4.4762   17.51935    1.20013     52.212    26.5395    26.5394    1477.46          1       9612          1  0.000e+00
  430370873     86.389     87.143   3.399307   3.399125    33.8314    33.8306     6.6999     6.6987     6.6921     6.6910     0.0000     0.0000     0.0806    95.9024     0.0017     4.4762   17.52523    1.20053     52.230    26.5398    26.5393    1477.46          1       9613          1  0.000e+00
  430370873     86.401     87.156   3.399267   3.399125    33.8310    33.8307     6.6999     6.6985     6.6921     6.6908     0.0000     0.0000     0.0806    95.9024     0.0017     4.4762   17.53116    1.20094     52.248    26.5394    26.5394    1477.45          1       9614          1  0.000e+00
  430370873     86.351     87.105   3.399300   3.399144    33.8314    33.8309     6.6999     6.6986     6.6921     6.6909     0.0000     0.0000     0.0818    95.9024     0.0017     4.4762   17.47001    1.19675     52.065    26.5397    26.5395    1477.45          1       9615          1  0.000e+00
  430370873     86.301     87.055   3.399294   3.399131    33.8314    33.8308     6.6998     6.6985     6.6920     6.6908     0.0000     0.0000     0.0806    95.9024     0.0017     4.4762   17.46449    1.19638     52.049    26.5398    26.5395    1477.45          1       9616          1  0.000e+00
  430370873     86.307     87.061   3.399307   3.399144    33.8315    33.8310     6.6999     6.6985     6.6921     6.6908     0.0000     0.0000     0.0818    95.9024     0.0017     4.4762   17.45958    1.19604     52.034    26.5398    26.5396    1477.45          1       9617          1  0.000e+00
  430370873     86.307     87.061   3.399294   3.399131    33.8313    33.8307     6.6999     6.6987     6.6921     6.6910     0.0000     0.0000     0.0806    95.9024     0.0017     4.4762   17.45516    1.19573     52.021    26.5397    26.5394    1477.45          1       9618          1  0.000e+00
  430370873     86.301     87.055   3.399260   3.399144    33.8308    33.8308     6.7001     6.6987     6.6924     6.6910     0.0000     0.0000     0.0818    95.9024     0.0017     4.4762   17.43891    1.19462     51.972    26.5392    26.5395    1477.45          1       9619          1  0.000e+00
  430370873     86.264     87.017   3.399274   3.399196    33.8310    33.8314     6.7000     6.6987     6.6923     6.6910     0.0000     0.0000     0.0818    95.9024     0.0017     4.4762   17.42260    1.19350     51.924    26.5394    26.5399    1477.45          1       9620          1  0.000e+00
  430370873     86.264     87.017   3.399287   3.399138    33.8313    33.8306     6.6999     6.6989     6.6921     6.6911     0.0000     0.0000     0.0806    95.9285     0.0017     4.4774   17.47331    1.19698     52.075    26.5397    26.5393    1477.45          1       9621          1  0.000e+00
  430370873     86.208     86.960   3.399287   3.399093    33.8313    33.8305     6.6999     6.6985     6.6922     6.6908     0.0000     0.0000     0.0806    95.9547     0.0017     4.4786   17.54750    1.20206     52.296    26.5396    26.5392    1477.45          1       9622          1  0.000e+00
  430370873     86.214     86.967   3.399287   3.399131    33.8313    33.8307     6.6999     6.6987     6.6921     6.6910     0.0000     0.0000     0.0818    95.9809     0.0016     4.4799   17.49927    1.19876     52.152    26.5397    26.5394    1477.45          1       9623          1  0.000e+00
  430370873     86.214     86.967   3.399287   3.399151    33.8313    33.8311     6.6999     6.6985     6.6921     6.6908     0.0000     0.0000     0.0818    95.9547     0.0017     4.4786   17.50615    1.19923     52.173    26.5397    26.5397    1477.45          1       9624          1  0.000e+00
  430370873     86.164     86.916   3.399307   3.399106    33.8314    33.8306     6.7000     6.6985     6.6923     6.6908     0.0000     0.0000     0.0806    95.9547     0.0017     4.4786   17.51292    1.19969     52.193    26.5397    26.5393    1477.45          1       9625          1  0.000e+00
  430370873     86.170     86.923   3.399247   3.399131    33.8307    33.8309     6.7001     6.6985     6.6924     6.6908     0.0000     0.0000     0.0806    95.9809     0.0016     4.4799   17.51981    1.20016     52.214    26.5392    26.5395    1477.45          1       9626          1  0.000e+00
  430370873     86.170     86.923   3.399247   3.399131    33.8307    33.8310     6.7000     6.6985     6.6923     6.6908     0.0000     0.0000     0.0806    95.9809     0.0016     4.4799   17.45976    1.19605     52.035    26.5392    26.5396    1477.45          1       9627          1  0.000e+00
  430370873     86.114     86.866   3.399300   3.399125    33.8313    33.8307     6.7000     6.6987     6.6923     6.6910     0.0000     0.0000     0.0818    95.9547     0.0017     4.4786   17.45521    1.19573     52.021    26.5397    26.5394    1477.45          1       9628          1  0.000e+00
  430370873     86.077     86.828   3.399320   3.399144    33.8318    33.8311     6.6998     6.6985     6.6920     6.6908     0.0000     0.0000     0.0818    95.9547     0.0017     4.4786   17.43891    1.19462     51.972    26.5401    26.5397    1477.45          1       9629          1  0.000e+00
  430370874     86.120     86.872   3.399267   3.399163    33.8310    33.8311     6.7000     6.6987     6.6923     6.6910     0.0000     0.0000     0.0806    95.9547     0.0017     4.4786   17.48971    1.19810     52.124    26.5394    26.5397    1477.45          1       9630          1  0.000e+00
  430370874     86.070     86.822   3.399254   3.399131    33.8310    33.8311     6.6999     6.6984     6.6922     6.6907     0.0000     0.0000     0.0818    95.9547     0.0017     4.4786   17.48468    1.19776     52.109    26.5394    26.5397    1477.45          1       9631          1  0.000e+00
  430370874     86.120     86.872   3.399254   3.399144    33.8308    33.8309     6.7000     6.6987     6.6923     6.6910     0.0000     0.0000     0.0818    95.9547     0.0017     4.4786   17.47938    1.19739     52.093    26.5393    26.5395    1477.45          1       9632          1  0.000e+00
  430370874     86.033     86.784   3.399274   3.399131    33.8315    33.8310     6.6996     6.6985     6.6919     6.6908     0.0000     0.0000     0.0830    95.9547     0.0017     4.4786   17.48559    1.19783     52.112    26.5399    26.5396    1477.45          1       9633          1  0.000e+00
  430370874     86.070     86.822   3.399260   3.399125    33.8312    33.8309     6.6997     6.6985     6.6920     6.6908     0.0000     0.0000     0.0830    95.9547     0.0017     4.4786   17.42513    1.19368     51.932    26.5396    26.5395    1477.45          1       9634          1  0.000e+00
  430370874     86.077     86.828   3.399254   3.399099    33.8310    33.8308     6.6999     6.6984     6.6922     6.6907     0.0000     0.0000     0.0818    95.9547     0.0017     4.4786   17.42022    1.19334     51.917    26.5394    26.5394    1477.45          1       9635          1  0.000e+00
  430370874     85.983     86.734   3.399274   3.399112    33.8314    33.8305     6.6998     6.6989     6.6921     6.6912     0.0000     0.0000     0.0818    95.9547     0.0017     4.4786   17.41559    1.19303     51.903    26.5397    26.5392    1477.45          1       9636          1  0.000e+00
  430370874     86.070     86.822   3.399267   3.399125    33.8313    33.8307     6.6997     6.6987     6.6920     6.6910     0.0000     0.0000     0.0818    95.9547     0.0017     4.4786   17.41186    1.19277     51.892    26.5397    26.5394    1477.45          1       9637          1  0.000e+00
  430370874     86.033     86.784   3.399234   3.399144    33.8308    33.8310     6.6999     6.6987     6.6922     6.6910     0.0000     0.0000     0.0830    95.9547     0.0017     4.4786   17.40833    1.19253     51.882    26.5393    26.5396    1477.45          1       9638          1  0.000e+00
  430370874     85.983     86.734   3.399247   3.399118    33.8311    33.8309     6.6998     6.6985     6.6921     6.6908     0.0000     0.0000     0.0818    95.9809     0.0016     4.4799   17.47220    1.19691     52.072    26.5395    26.5396    1477.45          1       9639          1  0.000e+00
  430370874     86.020     86.771   3.399274   3.399118    33.8311    33.8308     6.7000     6.6985     6.6923     6.6908     0.0000     0.0000     0.0818    95.9547     0.0017     4.4786   17.48113    1.19751     52.098    26.5395    26.5395    1477.45          1       9640          1  0.000e+00
  430370874     85.983     86.734   3.399260   3.399144    33.8314    33.8315     6.6995     6.6982     6.6918     6.6905     0.0000     0.0000     0.0818    95.9809     0.0016     4.4799   17.48991    1.19812     52.125    26.5398    26.5400    1477.45          1       9641          1  0.000e+00
  430370995     70.190     70.800   3.401006   3.400811    33.8193    33.8185     6.7394     6.7379     6.7331     6.7316     0.0000     0.0000     0.0794    97.3935     0.0011     4.5458   18.66300    1.27741     55.575    26.5247    26.5244    1477.33          2      12530          2  0.000e+00
  430370995     70.240     70.851   3.400986   3.400804    33.8189    33.8188     6.7395     6.7376     6.7332     6.7313     0.0000     0.0000     0.0794    97.3935     0.0011     4.5458   18.65921    1.27715     55.564    26.5244    26.5246    1477.33          2      12531          2  0.000e+00
  430370995     70.303     70.914   3.400979   3.400824    33.8189    33.8186     6.7394     6.7379     6.7331     6.7316     0.0000     0.0000     0.0794    97.3935     0.0011     4.5458   18.65546    1.27690     55.553    26.5244    26.5244    1477.33          2      12532          2  0.000e+00
  430370995     70.284     70.895   3.400953   3.400836    33.8188    33.8188     6.7392     6.7379     6.7329     6.7316     0.0000     0.0000     0.0794    97.3935     0.0011     4.5458   18.66372    1.27747     55.578    26.5244    26.5245    1477.33          2      12533          2  0.000e+00
