ROS/FK009A_CTD016_20130821.ros
* Sea-Bird SBE 9 Data File:
* FileName = C:\Falkor-Data-2013\FK009A\CTD\FK009A_CTD016_20130821.hex
* Software Version Seasave V 7.21f
* Temperature SN = 5483
* Conductivity SN = 3916
* Number of Bytes Per Scan = 41
* Number of Voltage Words = 4
* Number of Scans Averaged by the Deck Unit = 1
* NMEA Latitude = 48 29.37 N
* NMEA Longitude = 126 07.17 W
* NMEA UTC (Time) = Aug 21 2013 00:43:18
* NMEA baud rate = 4800
** Ship: RV Falkor
** Station: LC08
** Operator: Nathan Cunningham
** Shelf Break Station
# nquan = 27
# nvalues = 490                                   
# units = specified
# name 0 = timeQ: Time, NMEA [seconds]
# name 1 = depSM: Depth [salt water, m]
# name 2 = prDM: Pressure, Digiquartz [db]
# name 3 = c0S/m: Conductivity [S/m]
# name 4 = c1S/m: Conductivity, 2 [S/m]
# name 5 = sal00: Salinity, Practical [PSU]
# name 6 = sal11: Salinity, Practical, 2 [PSU]
# name 7 = t090C: Temperature [ITS-90, deg C]
# name 8 = t190C: Temperature, 2 [ITS-90, deg C]
# name 9 = potemp090C: Potential Temperature [ITS-90, deg C]
# name 10 = potemp190C: Potential Temperature, 2 [ITS-90, deg C]
# name 11 = v2: Voltage 2
# name 12 = v3: Voltage 3
# name 13 = v0: Voltage 0
# name 14 = CStarTr0: Beam Transmission, WET Labs C-Star [%]
# name 15 = CStarAt0: Beam Attenuation, WET Labs C-Star [1/m]
# name 16 = v5: Voltage 5
# name 17 = sbeox0PS: Oxygen, SBE 43 [% saturation]
# name 18 = sbeox0ML/L: Oxygen, SBE 43 [ml/l]
# name 19 = sbeox0Mm/Kg: Oxygen, SBE 43 [umol/Kg]
# name 20 = sigma-é00: Density [sigma-theta, Kg/m^3]
# name 21 = sigma-é11: Density, 2 [sigma-theta, Kg/m^3]
# name 22 = svCM: Sound Velocity [Chen-Millero, m/s]
# name 23 = modError: Modulo Error Count
# name 24 = scan: Scan Count
# name 25 = nbf: Bottles Fired
# name 26 = flag:  0.000e+00
# interval = seconds: 0.0416667
# start_time = Aug 21 2013 00:43:18 [NMEA time, first data scan]
# bad_flag = -9.990e-29
*END*
[from data line 108]
  430361857    150.316    151.651   3.402778   3.402601    33.9242    33.9237     6.6127     6.6113     6.5993     6.5978     0.0000     0.0000     0.0781    99.5125     0.0002     4.6447   23.83327    1.63494     71.123    26.6253    26.6251    1478.29          0      20593          3  0.000e+00
  430361857    150.354    151.689   3.402758   3.402639    33.9240    33.9241     6.6127     6.6113     6.5993     6.5978     0.0000     0.0000     0.0781    99.5125     0.0002     4.6447   23.83389    1.63499     71.125    26.6251    26.6254    1478.29          0      20594          3  0.000e+00
  430361857    150.354    151.689   3.402804   3.402620    33.9245    33.9237     6.6127     6.6114     6.5993     6.5980     0.0000     0.0000     0.0781    99.5125     0.0002     4.6447   23.76615    1.63033     70.922    26.6255    26.6251    1478.29          0      20595          3  0.000e+00
  430361857    150.360    151.695   3.402804   3.402614    33.9247    33.9237     6.6126     6.6114     6.5991     6.5980     0.0000     0.0000     0.0794    99.5125     0.0002     4.6447   23.75407    1.62951     70.887    26.6257    26.6250    1478.29          0      20596          3  0.000e+00
  430361857    150.310    151.644   3.402837   3.402588    33.9249    33.9236     6.6127     6.6113     6.5993     6.5978     0.0000     0.0000     0.0794    99.5125     0.0002     4.6447   23.74181    1.62866     70.850    26.6258    26.6250    1478.29          0      20597          3  0.000e+00
  430361857    150.354    151.689   3.402897   3.402562    33.9259    33.9233     6.6124     6.6113     6.5989     6.5978     0.0000     0.0000     0.0781    99.5125     0.0002     4.6447   23.81020    1.63335     71.054    26.6266    26.6247    1478.29          0      20598          3  0.000e+00
  430361857    150.360    151.695   3.402871   3.402575    33.9254    33.9234     6.6126     6.6113     6.5991     6.5978     0.0000     0.0000     0.0781    99.5125     0.0002     4.6447   23.82282    1.63422     71.091    26.6262    26.6248    1478.29          0      20599          3  0.000e+00
  430361857    150.354    151.689   3.402831   3.402627    33.9250    33.9238     6.6126     6.6115     6.5991     6.5980     0.0000     0.0000     0.0781    99.5125     0.0002     4.6447   23.76768    1.63044     70.927    26.6259    26.6251    1478.29          0      20600          3  0.000e+00
  430361857    150.354    151.689   3.402824   3.402620    33.9249    33.9237     6.6126     6.6114     6.5991     6.5980     0.0000     0.0000     0.0781    99.5125     0.0002     4.6447   23.76869    1.63051     70.930    26.6258    26.6251    1478.29          0      20601          3  0.000e+00
  430361857    150.316    151.651   3.402804   3.402633    33.9247    33.9239     6.6126     6.6114     6.5991     6.5980     0.0000     0.0000     0.0794    99.5125     0.0002     4.6447   23.77009    1.63061     70.934    26.6257    26.6252    1478.29          0      20602          3  0.000e+00
  430361857    150.354    151.689   3.402798   3.402646    33.9244    33.9240     6.6127     6.6115     6.5993     6.5980     0.0000     0.0000     0.0794    99.5125     0.0002     4.6447   23.77221    1.63075     70.941    26.6255    26.6253    1478.29          0      20603          3  0.000e+00
  430361857    150.310    151.644   3.402818   3.402620    33.9249    33.9236     6.6126     6.6116     6.5991     6.5981     0.0000     0.0000     0.0781    99.4863     0.0002     4.6435   23.77461    1.63092     70.948    26.6258    26.6249    1478.29          0      20604          3  0.000e+00
  430361857    150.360    151.695   3.402804   3.402614    33.9248    33.9237     6.6124     6.6114     6.5989     6.5980     0.0000     0.0000     0.0781    99.5125     0.0002     4.6447   23.77780    1.63114     70.958    26.6258    26.6250    1478.29          0      20605          3  0.000e+00
  430361857    150.354    151.689   3.402818   3.402633    33.9247    33.9240     6.6127     6.6113     6.5993     6.5978     0.0000     0.0000     0.0781    99.4863     0.0002     4.6435   23.76869    1.63051     70.930    26.6256    26.6253    1478.29          0      20606          3  0.000e+00
  430361857    150.310    151.644   3.402804   3.402665    33.9247    33.9241     6.6126     6.6116     6.5991     6.5981     0.0000     0.0000     0.0794    99.5125     0.0002     4.6447   23.75948    1.62988     70.903    26.6257    26.6253    1478.29          0      20607          3  0.000e+00
  430361857    150.316    151.651   3.402771   3.402652    33.9243    33.9241     6.6126     6.6115     6.5991     6.5980     0.0000     0.0000     0.0781    99.5125     0.0002     4.6447   23.81816    1.63391     71.078    26.6254    26.6253    1478.29          0      20608          3  0.000e+00
  430361857    150.354    151.689   3.402752   3.402620    33.9239    33.9237     6.6127     6.6114     6.5993     6.5980     0.0000     0.0000     0.0769    99.4863     0.0002     4.6435   23.82079    1.63409     71.086    26.6251    26.6251    1478.29          0      20609          3  0.000e+00
  430361857    150.310    151.644   3.402758   3.402588    33.9242    33.9236     6.6126     6.6113     6.5991     6.5978     0.0000     0.0000     0.0769    99.5125     0.0002     4.6447   23.82268    1.63422     71.092    26.6253    26.6250    1478.29          0      20610          3  0.000e+00
  430361857    150.360    151.695   3.402765   3.402601    33.9241    33.9237     6.6127     6.6113     6.5993     6.5978     0.0000     0.0000     0.0769    99.4863     0.0002     4.6435   23.76921    1.63055     70.932    26.6252    26.6250    1478.29          0      20611          3  0.000e+00
  430361857    150.310    151.644   3.402765   3.402588    33.9242    33.9234     6.6127     6.6114     6.5992     6.5980     0.0000     0.0000     0.0769    99.5125     0.0002     4.6447   23.75897    1.62985     70.901    26.6252    26.6248    1478.29          0      20612          3  0.000e+00
  430361857    150.310    151.644   3.402785   3.402582    33.9243    33.9233     6.6127     6.6114     6.5993     6.5980     0.0000     0.0000     0.0769    99.4863     0.0002     4.6435   23.74888    1.62915     70.871    26.6254    26.6248    1478.29          0      20613          3  0.000e+00
  430361857    150.360    151.695   3.402771   3.402582    33.9243    33.9233     6.6126     6.6115     6.5991     6.5980     0.0000     0.0000     0.0769    99.4863     0.0002     4.6435   23.75157    1.62934     70.879    26.6254    26.6247    1478.29          0      20614          3  0.000e+00
  430361858    150.310    151.644   3.402765   3.402601    33.9244    33.9237     6.6124     6.6113     6.5989     6.5978     0.0000     0.0000     0.0769    99.4863     0.0002     4.6435   23.75445    1.62954     70.888    26.6255    26.6251    1478.29          0      20615          3  0.000e+00
  430361858    150.310    151.644   3.402785   3.402633    33.9245    33.9239     6.6126     6.6114     6.5991     6.5980     0.0000     0.0000     0.0757    99.4863     0.0002     4.6435   23.82571    1.63443     71.100    26.6255    26.6252    1478.29          0      20616          3  0.000e+00
  430361858    150.316    151.651   3.402798   3.402620    33.9246    33.9237     6.6126     6.6115     6.5991     6.5980     0.0000     0.0000     0.0757    99.4863     0.0002     4.6435   23.82876    1.63463     71.109    26.6256    26.6250    1478.29          0      20617          3  0.000e+00
  430361858    150.310    151.644   3.402798   3.402588    33.9245    33.9234     6.6127     6.6114     6.5993     6.5980     0.0000     0.0000     0.0769    99.4863     0.0002     4.6435   23.83125    1.63480     71.117    26.6255    26.6248    1478.29          0      20618          3  0.000e+00
  430361858    150.354    151.689   3.402798   3.402601    33.9244    33.9235     6.6127     6.6114     6.5993     6.5980     0.0000     0.0000     0.0769    99.5125     0.0002     4.6447   23.77828    1.63117     70.959    26.6255    26.6249    1478.29          0      20619          3  0.000e+00
  430361858    150.266    151.600   3.402798   3.402588    33.9247    33.9234     6.6126     6.6115     6.5991     6.5980     0.0000     0.0000     0.0769    99.4863     0.0002     4.6435   23.78105    1.63136     70.967    26.6256    26.6248    1478.29          0      20620          3  0.000e+00
  430361858    150.354    151.689   3.402798   3.402601    33.9246    33.9235     6.6126     6.6114     6.5991     6.5980     0.0000     0.0000     0.0757    99.4863     0.0002     4.6435   23.78485    1.63162     70.978    26.6256    26.6249    1478.29          0      20621          3  0.000e+00
  430361858    150.260    151.594   3.402798   3.402569    33.9247    33.9234     6.6126     6.6113     6.5991     6.5978     0.0000     0.0000     0.0769    99.5125     0.0002     4.6447   23.78859    1.63188     70.990    26.6256    26.6248    1478.29          0      20622          3  0.000e+00
  430361858    150.316    151.651   3.402818   3.402575    33.9248    33.9231     6.6126     6.6116     6.5991     6.5981     0.0000     0.0000     0.0769    99.4863     0.0002     4.6435   23.79331    1.63220     71.004    26.6258    26.6246    1478.29          0      20623          3  0.000e+00
  430361858    150.310    151.644   3.402785   3.402627    33.9245    33.9237     6.6126     6.6116     6.5991     6.5981     0.0000     0.0000     0.0757    99.5125     0.0002     4.6447   23.78572    1.63168     70.981    26.6255    26.6250    1478.29          0      20624          3  0.000e+00
  430361858    150.310    151.644   3.402791   3.402594    33.9246    33.9236     6.6126     6.6113     6.5991     6.5978     0.0000     0.0000     0.0757    99.4863     0.0002     4.6435   23.77816    1.63116     70.958    26.6256    26.6250    1478.29          0      20625          3  0.000e+00
  430361858    150.316    151.651   3.402838   3.402582    33.9252    33.9233     6.6124     6.6114     6.5989     6.5980     0.0000     0.0000     0.0769    99.4863     0.0002     4.6435   23.77062    1.63065     70.936    26.6261    26.6248    1478.29          0      20626          3  0.000e+00
  430361858    150.260    151.594   3.402811   3.402627    33.9248    33.9239     6.6126     6.6114     6.5991     6.5980     0.0000     0.0000     0.0769    99.4863     0.0002     4.6435   23.83061    1.63476     71.115    26.6258    26.6252    1478.29          0      20627          3  0.000e+00
  430361858    150.310    151.644   3.402798   3.402594    33.9243    33.9236     6.6129     6.6113     6.5994     6.5978     0.0000     0.0000     0.0769    99.4863     0.0002     4.6435   23.77966    1.63126     70.963    26.6253    26.6250    1478.29          0      20628          3  0.000e+00
  430361858    150.316    151.651   3.402771   3.402601    33.9242    33.9236     6.6127     6.6114     6.5993     6.5980     0.0000     0.0000     0.0757    99.4863     0.0002     4.6435   23.78473    1.63161     70.978    26.6252    26.6249    1478.29          0      20629          3  0.000e+00
  430361858    150.310    151.644   3.402765   3.402614    33.9243    33.9237     6.6126     6.6114     6.5991     6.5980     0.0000     0.0000     0.0769    99.4863     0.0002     4.6435   23.77766    1.63113     70.957    26.6253    26.6250    1478.29          0      20630          3  0.000e+00
  430361858    150.260    151.594   3.402765   3.402614    33.9243    33.9237     6.6126     6.6115     6.5991     6.5980     0.0000     0.0000     0.0757    99.4863     0.0002     4.6435   23.77044    1.63064     70.936    26.6254    26.6250    1478.29          0      20631          3  0.000e+00
  430362022    124.926    126.027   3.422623   3.422471    33.8557    33.8551     6.9165     6.9154     6.9051     6.9040     0.0000     0.0000     0.0769    99.8002     0.0001     4.6581   32.07799    2.18616     95.111    26.5303    26.5300    1478.97          0      24566          4  0.000e+00
  430362022    124.995    126.096   3.422603   3.422535    33.8553    33.8544     6.9167     6.9169     6.9052     6.9054     0.0000     0.0000     0.0757    99.8002     0.0001     4.6581   32.02729    2.18270     94.960    26.5300    26.5292    1478.97          0      24567          4  0.000e+00
  430362022    124.951    126.052   3.422636   3.422690    33.8557    33.8546     6.9167     6.9184     6.9052     6.9069     0.0000     0.0000     0.0757    99.8002     0.0001     4.6581   32.03451    2.18319     94.981    26.5303    26.5292    1478.97          0      24568          4  0.000e+00
  430362022    124.970    126.071   3.422682   3.422812    33.8556    33.8543     6.9173     6.9200     6.9059     6.9086     0.0000     0.0000     0.0757    99.7741     0.0001     4.6569   32.04492    2.18387     95.011    26.5301    26.5287    1478.97          0      24569          4  0.000e+00
  430362022    124.951    126.052   3.422676   3.422806    33.8555    33.8543     6.9173     6.9200     6.9059     6.9085     0.0000     0.0000     0.0769    99.7741     0.0001     4.6569   32.05815    2.18477     95.050    26.5300    26.5287    1478.97          0      24570          4  0.000e+00
  430362022    124.951    126.052   3.422735   3.422728    33.8560    33.8542     6.9175     6.9192     6.9060     6.9078     0.0000     0.0000     0.0769    99.7741     0.0001     4.6569   32.07441    2.18586     95.098    26.5304    26.5287    1478.97          0      24571          4  0.000e+00
  430362022    125.013    126.115   3.422715   3.422709    33.8554    33.8539     6.9178     6.9192     6.9063     6.9078     0.0000     0.0000     0.0757    99.7741     0.0001     4.6569   32.08155    2.18634     95.119    26.5299    26.5285    1478.97          0      24572          4  0.000e+00
  430362022    124.951    126.052   3.422696   3.422709    33.8554    33.8541     6.9176     6.9191     6.9062     6.9077     0.0000     0.0000     0.0757    99.7741     0.0001     4.6569   32.10299    2.18781     95.182    26.5299    26.5286    1478.97          0      24573          4  0.000e+00
  430362022    124.995    126.096   3.422669   3.422709    33.8551    33.8542     6.9176     6.9189     6.9062     6.9075     0.0000     0.0000     0.0757    99.7741     0.0001     4.6569   32.12781    2.18951     95.256    26.5296    26.5288    1478.97          0      24574          4  0.000e+00
  430362023    124.970    126.071   3.422722   3.422728    33.8555    33.8548     6.9178     6.9186     6.9064     6.9071     0.0000     0.0000     0.0757    99.7741     0.0001     4.6569   32.14298    2.19052     95.301    26.5299    26.5293    1478.97          0      24575          4  0.000e+00
  430362023    124.995    126.096   3.422702   3.422812    33.8554    33.8550     6.9176     6.9193     6.9062     6.9078     0.0000     0.0000     0.0769    99.7741     0.0001     4.6569   32.14852    2.19091     95.317    26.5299    26.5294    1478.97          0      24576          4  0.000e+00
  430362023    124.995    126.096   3.422749   3.423038    33.8556    33.8549     6.9179     6.9219     6.9065     6.9105     0.0000     0.0000     0.0769    99.7741     0.0001     4.6569   32.15590    2.19140     95.338    26.5300    26.5289    1478.97          0      24577          4  0.000e+00
  430362023    125.013    126.115   3.422782   3.423206    33.8553    33.8545     6.9187     6.9242     6.9072     6.9128     0.0000     0.0000     0.0757    99.7741     0.0001     4.6569   32.16531    2.19201     95.365    26.5296    26.5283    1478.98          0      24578          4  0.000e+00
  430362023    124.995    126.096   3.422821   3.423373    33.8554    33.8538     6.9190     6.9268     6.9076     6.9154     0.0000     0.0000     0.0769    99.7741     0.0001     4.6569   32.17656    2.19275     95.398    26.5297    26.5274    1478.98          0      24579          4  0.000e+00
