ROS/FK009A_CTD015_20130820.ros
* Sea-Bird SBE 9 Data File:
* FileName = C:\Falkor-Data-2013\FK009A\CTD\FK009A_CTD015_20130820.hex
* Software Version Seasave V 7.21f
* Temperature SN = 5483
* Conductivity SN = 3916
* Number of Bytes Per Scan = 41
* Number of Voltage Words = 4
* Number of Scans Averaged by the Deck Unit = 1
* NMEA Latitude = 48 25.88 N
* NMEA Longitude = 126 13.68 W
* NMEA UTC (Time) = Aug 20 2013 22:48:22
* NMEA baud rate = 4800
** Ship: RV Falkor
** Station: LC09
** Operator: CP
# nquan = 27
# nvalues = 637                                   
# units = specified
# name 0 = timeQ: Time, NMEA [seconds]
# name 1 = depSM: Depth [salt water, m]
# name 2 = prDM: Pressure, Digiquartz [db]
# name 3 = c0S/m: Conductivity [S/m]
# name 4 = c1S/m: Conductivity, 2 [S/m]
# name 5 = sal00: Salinity, Practical [PSU]
# name 6 = sal11: Salinity, Practical, 2 [PSU]
# name 7 = t090C: Temperature [ITS-90, deg C]
# name 8 = t190C: Temperature, 2 [ITS-90, deg C]
# name 9 = potemp090C: Potential Temperature [ITS-90, deg C]
# name 10 = potemp190C: Potential Temperature, 2 [ITS-90, deg C]
# name 11 = v2: Voltage 2
# name 12 = v3: Voltage 3
# name 13 = v0: Voltage 0
# name 14 = CStarTr0: Beam Transmission, WET Labs C-Star [%]
# name 15 = CStarAt0: Beam Attenuation, WET Labs C-Star [1/m]
# name 16 = v5: Voltage 5
# name 17 = sbeox0PS: Oxygen, SBE 43 [% saturation]
# name 18 = sbeox0ML/L: Oxygen, SBE 43 [ml/l]
# name 19 = sbeox0Mm/Kg: Oxygen, SBE 43 [umol/Kg]
# name 20 = sigma-é00: Density [sigma-theta, Kg/m^3]
# name 21 = sigma-é11: Density, 2 [sigma-theta, Kg/m^3]
# name 22 = svCM: Sound Velocity [Chen-Millero, m/s]
# name 23 = modError: Modulo Error Count
# name 24 = scan: Scan Count
# name 25 = nbf: Bottles Fired
# name 26 = flag:  0.000e+00
# interval = seconds: 0.0416667
# start_time = Aug 20 2013 22:48:23 [NMEA time, first data scan]
# bad_flag = -9.990e-29
*END*
[from data line 323]
  430356522    175.005    176.569   3.425012   3.424809    33.9212    33.9202     6.8516     6.8504     6.8356     6.8344     0.0000     0.0000     0.0757   100.0618    -0.0000     4.6703   27.77691    1.89504     82.440    26.5913    26.5907    1479.63          1      58072          7  0.000e+00
  430356522    175.012    176.575   3.425012   3.424783    33.9212    33.9201     6.8516     6.8502     6.8356     6.8342     0.0000     0.0000     0.0769   100.0618    -0.0000     4.6703   27.77694    1.89505     82.441    26.5913    26.5906    1479.63          1      58073          7  0.000e+00
  430356522    175.093    176.657   3.424985   3.424783    33.9207    33.9199     6.8518     6.8504     6.8358     6.8344     0.0000     0.0000     0.0769   100.0618    -0.0000     4.6703   27.77722    1.89506     82.441    26.5909    26.5904    1479.63          1      58074          7  0.000e+00
  430356522    175.143    176.708   3.425005   3.424796    33.9211    33.9203     6.8516     6.8500     6.8356     6.8340     0.0000     0.0000     0.0757   100.0618    -0.0000     4.6703   27.77741    1.89508     82.442    26.5912    26.5908    1479.63          1      58075          7  0.000e+00
  430356523    175.143    176.708   3.424985   3.424790    33.9209    33.9201     6.8516     6.8502     6.8356     6.8342     0.0000     0.0000     0.0769   100.0618    -0.0000     4.6703   27.77741    1.89508     82.442    26.5911    26.5906    1479.63          1      58076          7  0.000e+00
  430356523    175.187    176.752   3.425005   3.424796    33.9212    33.9204     6.8514     6.8499     6.8354     6.8339     0.0000     0.0000     0.0757   100.0618    -0.0000     4.6703   27.84544    1.89973     82.644    26.5914    26.5909    1479.63          1      58077          7  0.000e+00
  430356523    175.237    176.802   3.425032   3.424790    33.9216    33.9199     6.8513     6.8503     6.8353     6.8343     0.0000     0.0000     0.0769   100.0618    -0.0000     4.6703   27.85719    1.90053     82.679    26.5917    26.5905    1479.63          1      58078          7  0.000e+00
  430356523    175.280    176.847   3.425018   3.424796    33.9215    33.9199     6.8513     6.8504     6.8352     6.8344     0.0000     0.0000     0.0757   100.0618    -0.0000     4.6703   27.78798    1.89581     82.474    26.5916    26.5905    1479.63          1      58079          7  0.000e+00
  430356523    175.324    176.891   3.424965   3.424816    33.9207    33.9205     6.8514     6.8500     6.8354     6.8340     0.0000     0.0000     0.0757   100.0618    -0.0000     4.6703   27.85448    1.90035     82.671    26.5910    26.5909    1479.63          1      58080          7  0.000e+00
  430356523    175.374    176.941   3.424992   3.424803    33.9208    33.9200     6.8516     6.8503     6.8355     6.8343     0.0000     0.0000     0.0757   100.0618    -0.0000     4.6703   27.79685    1.89641     82.500    26.5910    26.5905    1479.63          1      58081          7  0.000e+00
  430356523    175.418    176.985   3.425012   3.424816    33.9213    33.9201     6.8513     6.8504     6.8353     6.8343     0.0000     0.0000     0.0769   100.0618    -0.0000     4.6703   27.79501    1.89629     82.495    26.5914    26.5906    1479.63          1      58082          7  0.000e+00
  430356523    175.512    177.080   3.425012   3.424803    33.9213    33.9202     6.8513     6.8500     6.8352     6.8340     0.0000     0.0000     0.0757   100.0618    -0.0000     4.6703   27.87377    1.90167     82.729    26.5914    26.5908    1479.63          1      58083          7  0.000e+00
  430356523    175.468    177.036   3.425012   3.424842    33.9210    33.9203     6.8516     6.8504     6.8355     6.8343     0.0000     0.0000     0.0757   100.0618    -0.0000     4.6703   27.81579    1.89770     82.556    26.5912    26.5908    1479.63          1      58084          7  0.000e+00
  430356523    175.555    177.124   3.425032   3.424855    33.9215    33.9205     6.8513     6.8503     6.8352     6.8343     0.0000     0.0000     0.0769   100.0618    -0.0000     4.6703   27.81411    1.89759     82.551    26.5916    26.5909    1479.64          1      58085          7  0.000e+00
  430356523    175.649    177.219   3.425019   3.424835    33.9211    33.9204     6.8515     6.8502     6.8354     6.8341     0.0000     0.0000     0.0769   100.0618    -0.0000     4.6703   27.79986    1.89662     82.509    26.5913    26.5908    1479.64          1      58086          7  0.000e+00
  430356523    175.649    177.219   3.425012   3.424848    33.9211    33.9203     6.8514     6.8504     6.8354     6.8343     0.0000     0.0000     0.0757   100.0618    -0.0000     4.6703   27.79735    1.89645     82.502    26.5912    26.5908    1479.64          1      58087          7  0.000e+00
  430356523    175.699    177.269   3.425012   3.424816    33.9214    33.9203     6.8511     6.8500     6.8350     6.8340     0.0000     0.0000     0.0757   100.0618    -0.0000     4.6703   27.79503    1.89630     82.495    26.5915    26.5908    1479.64          1      58088          7  0.000e+00
  430356523    175.743    177.313   3.425012   3.424816    33.9214    33.9199     6.8511     6.8504     6.8350     6.8343     0.0000     0.0000     0.0757   100.0618    -0.0000     4.6703   27.79268    1.89614     82.488    26.5915    26.5904    1479.64          1      58089          7  0.000e+00
  430356523    175.837    177.408   3.425012   3.424829    33.9211    33.9200     6.8513     6.8503     6.8352     6.8343     0.0000     0.0000     0.0769   100.0618    -0.0000     4.6703   27.79049    1.89598     82.481    26.5913    26.5906    1479.64          1      58090          7  0.000e+00
  430356523    175.837    177.408   3.425012   3.424822    33.9212    33.9203     6.8513     6.8500     6.8352     6.8339     0.0000     0.0000     0.0769   100.0618    -0.0000     4.6703   27.85585    1.90044     82.675    26.5913    26.5908    1479.64          1      58091          7  0.000e+00
  430356671    150.384    151.718   3.439284   3.439031    33.8627    33.8615     7.0825     7.0809     7.0685     7.0669     0.0000     0.0000     0.0781   100.3496    -0.0001     4.6838   41.13605    2.79269    121.500    26.5135    26.5128    1480.04          1      61644          8  0.000e+00
  430356671    150.378    151.712   3.439258   3.439005    33.8626    33.8615     7.0823     7.0807     7.0683     7.0667     0.0000     0.0000     0.0781   100.3496    -0.0001     4.6838   41.14244    2.79314    121.520    26.5134    26.5128    1480.04          1      61645          8  0.000e+00
  430356671    150.472    151.807   3.439264   3.438999    33.8624    33.8619     7.0825     7.0801     7.0685     7.0661     0.0000     0.0000     0.0781   100.3496    -0.0001     4.6838   41.16264    2.79450    121.579    26.5133    26.5131    1480.04          1      61646          8  0.000e+00
  430356671    150.522    151.857   3.439271   3.438973    33.8625    33.8617     7.0825     7.0800     7.0685     7.0660     0.0000     0.0000     0.0781   100.3496    -0.0001     4.6838   41.26386    2.80137    121.878    26.5133    26.5130    1480.04          1      61647          8  0.000e+00
  430356671    150.565    151.901   3.439225   3.439005    33.8623    33.8620     7.0822     7.0800     7.0682     7.0660     0.0000     0.0000     0.0781   100.3496    -0.0001     4.6838   41.29862    2.80376    121.982    26.5132    26.5133    1480.04          1      61648          8  0.000e+00
  430356671    150.565    151.901   3.439258   3.438953    33.8625    33.8616     7.0823     7.0798     7.0683     7.0658     0.0000     0.0000     0.0781   100.3496    -0.0001     4.6838   41.33412    2.80615    122.086    26.5133    26.5130    1480.04          1      61649          8  0.000e+00
  430356671    150.615    151.952   3.439225   3.438979    33.8628    33.8617     7.0816     7.0800     7.0676     7.0660     0.0000     0.0000     0.0781   100.3496    -0.0001     4.6838   41.37092    2.80869    122.196    26.5137    26.5131    1480.04          1      61650          8  0.000e+00
  430356671    150.703    152.040   3.439192   3.438973    33.8623    33.8618     7.0817     7.0798     7.0677     7.0658     0.0000     0.0000     0.0769   100.3496    -0.0001     4.6838   41.40886    2.81127    122.309    26.5133    26.5131    1480.04          1      61651          8  0.000e+00
  430356671    150.746    152.084   3.439225   3.438966    33.8628    33.8619     7.0816     7.0796     7.0676     7.0656     0.0000     0.0000     0.0781   100.3757    -0.0002     4.6850   41.38015    2.80932    122.224    26.5137    26.5132    1480.05          1      61652          8  0.000e+00
  430356672    150.709    152.046   3.439245   3.438947    33.8634    33.8627     7.0812     7.0785     7.0672     7.0645     0.0000     0.0000     0.0781   100.3496    -0.0001     4.6838   41.40808    2.81123    122.307    26.5142    26.5141    1480.04          1      61653          8  0.000e+00
  430356672    150.840    152.179   3.439172   3.438908    33.8623    33.8624     7.0814     7.0784     7.0674     7.0644     0.0000     0.0000     0.0781   100.3757    -0.0002     4.6850   41.49345    2.81703    122.559    26.5133    26.5138    1480.05          1      61654          8  0.000e+00
  430356672    150.884    152.223   3.439218   3.438902    33.8628    33.8623     7.0814     7.0784     7.0673     7.0644     0.0000     0.0000     0.0781   100.3757    -0.0002     4.6850   41.52328    2.81905    122.647    26.5138    26.5137    1480.05          1      61655          8  0.000e+00
  430356672    150.940    152.280   3.439198   3.438947    33.8628    33.8618     7.0812     7.0794     7.0672     7.0653     0.0000     0.0000     0.0781   100.3496    -0.0001     4.6838   41.63343    2.82654    122.973    26.5137    26.5132    1480.05          1      61656          8  0.000e+00
  430356672    150.934    152.273   3.439205   3.438915    33.8633    33.8615     7.0808     7.0794     7.0667     7.0653     0.0000     0.0000     0.0781   100.3757    -0.0002     4.6850   41.67585    2.82944    123.099    26.5142    26.5129    1480.05          1      61657          8  0.000e+00
  430356672    151.021    152.362   3.439185   3.438902    33.8629    33.8621     7.0809     7.0785     7.0668     7.0645     0.0000     0.0000     0.0781   100.3757    -0.0002     4.6850   41.65131    2.82777    123.026    26.5139    26.5136    1480.05          1      61658          8  0.000e+00
  430356672    151.121    152.462   3.439178   3.438876    33.8630    33.8628     7.0806     7.0775     7.0666     7.0634     0.0000     0.0000     0.0781   100.3496    -0.0001     4.6838   41.68294    2.82993    123.120    26.5140    26.5143    1480.05          1      61659          8  0.000e+00
  430356672    151.071    152.412   3.439159   3.438850    33.8627    33.8627     7.0807     7.0773     7.0667     7.0633     0.0000     0.0000     0.0781   100.3757    -0.0002     4.6850   41.72656    2.83289    123.249    26.5138    26.5142    1480.05          1      61660          8  0.000e+00
  430356672    151.209    152.551   3.439172   3.438863    33.8626    33.8622     7.0809     7.0779     7.0669     7.0638     0.0000     0.0000     0.0781   100.3757    -0.0002     4.6850   41.71052    2.83179    123.201    26.5136    26.5138    1480.05          1      61661          8  0.000e+00
  430356672    151.259    152.601   3.439112   3.438902    33.8628    33.8621     7.0801     7.0784     7.0660     7.0643     0.0000     0.0000     0.0781   100.3757    -0.0002     4.6850   41.72961    2.83314    123.260    26.5139    26.5136    1480.05          1      61662          8  0.000e+00
  430356672    151.302    152.645   3.439066   3.438928    33.8627    33.8625     7.0797     7.0782     7.0656     7.0642     0.0000     0.0000     0.0769   100.3757    -0.0002     4.6850   41.73629    2.83363    123.281    26.5138    26.5140    1480.05          1      61663          8  0.000e+00
  430356672    151.346    152.689   3.439052   3.438908    33.8632    33.8622     7.0790     7.0784     7.0649     7.0643     0.0000     0.0000     0.0781   100.3496    -0.0001     4.6838   41.82227    2.83950    123.537    26.5144    26.5136    1480.05          1      61664          8  0.000e+00
  430356672    151.402    152.746   3.439099   3.438876    33.8636    33.8621     7.0790     7.0781     7.0649     7.0640     0.0000     0.0000     0.0781   100.3757    -0.0002     4.6850   41.85217    2.84152    123.624    26.5147    26.5136    1480.05          1      61665          8  0.000e+00
  430356672    151.484    152.828   3.439119   3.438870    33.8635    33.8623     7.0793     7.0778     7.0652     7.0637     0.0000     0.0000     0.0794   100.3496    -0.0001     4.6838   41.86937    2.84267    123.674    26.5146    26.5138    1480.05          1      61666          8  0.000e+00
  430356672    151.577    152.923   3.439099   3.438889    33.8632    33.8624     7.0793     7.0778     7.0652     7.0637     0.0000     0.0000     0.0794   100.3496    -0.0001     4.6838   41.88567    2.84378    123.723    26.5144    26.5139    1480.05          1      61667          8  0.000e+00
  430356672    151.584    152.929   3.439092   3.438876    33.8634    33.8623     7.0790     7.0778     7.0649     7.0637     0.0000     0.0000     0.0781   100.3496    -0.0001     4.6838   41.90052    2.84480    123.767    26.5146    26.5138    1480.05          1      61668          8  0.000e+00
  430356672    151.671    153.017   3.439132   3.438915    33.8634    33.8624     7.0794     7.0781     7.0653     7.0640     0.0000     0.0000     0.0781   100.3757    -0.0002     4.6850   41.91478    2.84574    123.808    26.5145    26.5138    1480.05          1      61669          8  0.000e+00
  430356672    151.677    153.024   3.439126   3.438954    33.8633    33.8625     7.0795     7.0783     7.0654     7.0642     0.0000     0.0000     0.0781   100.3496    -0.0001     4.6838   41.93997    2.84745    123.883    26.5144    26.5139    1480.05          1      61670          8  0.000e+00
  430356672    151.809    153.156   3.439099   3.438915    33.8633    33.8623     7.0791     7.0781     7.0650     7.0640     0.0000     0.0000     0.0781   100.3496    -0.0001     4.6838   41.95306    2.84837    123.922    26.5144    26.5138    1480.05          1      61671          8  0.000e+00
  430356672    151.809    153.156   3.439112   3.438883    33.8635    33.8624     7.0790     7.0776     7.0649     7.0635     0.0000     0.0000     0.0781   100.3496    -0.0001     4.6838   42.03185    2.85372    124.155    26.5146    26.5139    1480.05          1      61672          8  0.000e+00
  430356672    151.908    153.257   3.439073   3.438850    33.8633    33.8630     7.0788     7.0766     7.0647     7.0625     0.0000     0.0000     0.0781   100.3496    -0.0001     4.6838   41.98670    2.85067    124.023    26.5145    26.5145    1480.05          1      61673          8  0.000e+00
  430356672    151.990    153.339   3.439099   3.438844    33.8639    33.8636     7.0784     7.0759     7.0642     7.0617     0.0000     0.0000     0.0781   100.3496    -0.0001     4.6838   41.99607    2.85132    124.051    26.5151    26.5151    1480.05          1      61674          8  0.000e+00
  430356672    152.040    153.389   3.439073   3.438844    33.8640    33.8633     7.0780     7.0762     7.0639     7.0620     0.0000     0.0000     0.0794   100.3496    -0.0001     4.6838   41.99193    2.85107    124.040    26.5151    26.5148    1480.05          1      61675          8  0.000e+00
