ROS/FK009A_CTD020_20130822.ros
* Sea-Bird SBE 9 Data File:
* FileName = C:\Falkor-Data-2013\FK009A\CTD\FK009A_CTD020_20130822.hex
* Software Version Seasave V 7.21f
* Temperature SN = 5483
* Conductivity SN = 3916
* Number of Bytes Per Scan = 41
* Number of Voltage Words = 4
* Number of Scans Averaged by the Deck Unit = 1
* NMEA Latitude = 48 06.54 N
* NMEA Longitude = 125 15.11 W
* NMEA UTC (Time) = Aug 22 2013 02:27:41
* NMEA baud rate = 4800
** Ship: RV Falkor
** Station: RD02
** Operator: CP
# nquan = 27
# nvalues = 196                                   
# units = specified
# name 0 = timeQ: Time, NMEA [seconds]
# name 1 = depSM: Depth [salt water, m]
# name 2 = prDM: Pressure, Digiquartz [db]
# name 3 = c0S/m: Conductivity [S/m]
# name 4 = c1S/m: Conductivity, 2 [S/m]
# name 5 = sal00: Salinity, Practical [PSU]
# name 6 = sal11: Salinity, Practical, 2 [PSU]
# name 7 = t090C: Temperature [ITS-90, deg C]
# name 8 = t190C: Temperature, 2 [ITS-90, deg C]
# name 9 = potemp090C: Potential Temperature [ITS-90, deg C]
# name 10 = potemp190C: Potential Temperature, 2 [ITS-90, deg C]
# name 11 = v2: Voltage 2
# name 12 = v3: Voltage 3
# name 13 = v0: Voltage 0
# name 14 = CStarTr0: Beam Transmission, WET Labs C-Star [%]
# name 15 = CStarAt0: Beam Attenuation, WET Labs C-Star [1/m]
# name 16 = v5: Voltage 5
# name 17 = sbeox0PS: Oxygen, SBE 43 [% saturation]
# name 18 = sbeox0ML/L: Oxygen, SBE 43 [ml/l]
# name 19 = sbeox0Mm/Kg: Oxygen, SBE 43 [umol/Kg]
# name 20 = sigma-é00: Density [sigma-theta, Kg/m^3]
# name 21 = sigma-é11: Density, 2 [sigma-theta, Kg/m^3]
# name 22 = svCM: Sound Velocity [Chen-Millero, m/s]
# name 23 = modError: Modulo Error Count
# name 24 = scan: Scan Count
# name 25 = nbf: Bottles Fired
# name 26 = flag:  0.000e+00
# interval = seconds: 0.0416667
# start_time = Jan 01 2000 02:27:41 [NMEA time, first data scan]
# bad_flag = -9.990e-29
*END*
  430454378    329.882    332.945   3.372519   3.372469    34.0097    34.0081     6.0984     6.0993     6.0697     6.0707     0.0000     0.0000     0.0781    98.3876     0.0007     4.5922   16.34118    1.13381     49.316    26.7613    26.7600    1479.35          2      17181          1  0.000e+00
  430454378    329.882    332.945   3.372479   3.372385    34.0095    34.0082     6.0981     6.0984     6.0694     6.0697     0.0000     0.0000     0.0781    98.4137     0.0006     4.5934   16.33242    1.13321     49.290    26.7612    26.7601    1479.34          2      17182          1  0.000e+00
  430454378    329.901    332.964   3.372420   3.372347    34.0098    34.0090     6.0971     6.0972     6.0684     6.0685     0.0000     0.0000     0.0794    98.4137     0.0006     4.5934   16.39396    1.13751     49.477    26.7616    26.7609    1479.34          2      17183          1  0.000e+00
  430454378    329.882    332.945   3.372380   3.372340    34.0098    34.0089     6.0967     6.0972     6.0680     6.0685     0.0000     0.0000     0.0781    98.4137     0.0006     4.5934   16.39779    1.13779     49.489    26.7616    26.7608    1479.34          2      17184          1  0.000e+00
  430454378    329.838    332.901   3.372413   3.372340    34.0098    34.0091     6.0971     6.0970     6.0684     6.0683     0.0000     0.0000     0.0781    98.4137     0.0006     4.5934   16.40097    1.13800     49.498    26.7616    26.7610    1479.34          2      17185          1  0.000e+00
  430454378    329.932    332.996   3.372433   3.372360    34.0101    34.0091     6.0970     6.0972     6.0683     6.0685     0.0000     0.0000     0.0781    98.4137     0.0006     4.5934   16.40392    1.13820     49.507    26.7618    26.7610    1479.34          2      17186          1  0.000e+00
  430454378    329.838    332.901   3.372479   3.372385    34.0108    34.0085     6.0968     6.0981     6.0681     6.0694     0.0000     0.0000     0.0781    98.4137     0.0006     4.5934   16.33567    1.13346     49.301    26.7624    26.7604    1479.34          2      17187          1  0.000e+00
  430454378    329.882    332.945   3.372473   3.372372    34.0102    34.0090     6.0973     6.0975     6.0686     6.0688     0.0000     0.0000     0.0781    98.4137     0.0006     4.5934   16.33849    1.13365     49.309    26.7619    26.7608    1479.34          2      17188          1  0.000e+00
  430454378    329.882    332.945   3.372486   3.372398    34.0098    34.0094     6.0979     6.0973     6.0692     6.0686     0.0000     0.0000     0.0794    98.4137     0.0006     4.5934   16.34177    1.13387     49.319    26.7614    26.7612    1479.34          2      17189          1  0.000e+00
  430454378    329.882    332.945   3.372538   3.372398    34.0102    34.0092     6.0981     6.0975     6.0694     6.0688     0.0000     0.0000     0.0781    98.4137     0.0006     4.5934   16.33188    1.13317     49.288    26.7618    26.7611    1479.34          2      17190          1  0.000e+00
  430454378    329.882    332.945   3.372486   3.372398    34.0094    34.0086     6.0982     6.0981     6.0696     6.0694     0.0000     0.0000     0.0781    98.4137     0.0006     4.5934   16.32200    1.13249     49.259    26.7611    26.7605    1479.34          2      17191          1  0.000e+00
  430454378    329.838    332.901   3.372486   3.372398    34.0088    34.0088     6.0989     6.0979     6.0702     6.0693     0.0000     0.0000     0.0794    98.4137     0.0006     4.5934   16.31200    1.13178     49.228    26.7606    26.7607    1479.35          2      17192          1  0.000e+00
  430454378    329.882    332.945   3.372538   3.372372    34.0097    34.0082     6.0986     6.0982     6.0699     6.0696     0.0000     0.0000     0.0781    98.4137     0.0006     4.5934   16.28850    1.13015     49.157    26.7613    26.7601    1479.35          2      17193          1  0.000e+00
  430454378    329.788    332.850   3.372486   3.372443    34.0093    34.0087     6.0984     6.0986     6.0697     6.0699     0.0000     0.0000     0.0781    98.4137     0.0006     4.5934   16.34813    1.13430     49.337    26.7610    26.7605    1479.34          2      17194          1  0.000e+00
  430454378    329.838    332.901   3.372486   3.372411    34.0100    34.0080     6.0977     6.0989     6.0691     6.0702     0.0000     0.0000     0.0781    98.4137     0.0006     4.5934   16.35046    1.13447     49.345    26.7616    26.7599    1479.34          2      17195          1  0.000e+00
  430454378    329.882    332.945   3.372499   3.372417    34.0098    34.0084     6.0981     6.0985     6.0694     6.0698     0.0000     0.0000     0.0781    98.4137     0.0006     4.5934   16.36591    1.13554     49.391    26.7614    26.7603    1479.34          2      17196          1  0.000e+00
  430454379    329.788    332.850   3.372473   3.372430    34.0098    34.0087     6.0977     6.0984     6.0691     6.0697     0.0000     0.0000     0.0781    98.4137     0.0006     4.5934   16.38110    1.13660     49.437    26.7615    26.7605    1479.34          2      17197          1  0.000e+00
  430454379    329.838    332.901   3.372505   3.372411    34.0100    34.0083     6.0979     6.0986     6.0692     6.0699     0.0000     0.0000     0.0781    98.4137     0.0006     4.5934   16.38285    1.13671     49.442    26.7616    26.7602    1479.34          2      17198          1  0.000e+00
  430454379    329.788    332.850   3.372591   3.372424    34.0094    34.0088     6.0995     6.0982     6.0708     6.0696     0.0000     0.0000     0.0781    98.4137     0.0006     4.5934   16.38378    1.13674     49.444    26.7610    26.7606    1479.35          2      17199          1  0.000e+00
  430454379    329.788    332.850   3.372617   3.372449    34.0086    34.0086     6.1006     6.0987     6.0719     6.0700     0.0000     0.0000     0.0781    98.4137     0.0006     4.5934   16.38429    1.13675     49.444    26.7602    26.7604    1479.35          2      17200          1  0.000e+00
  430454379    329.788    332.850   3.372571   3.372501    34.0092    34.0090     6.0995     6.0989     6.0708     6.0702     0.0000     0.0000     0.0781    98.4399     0.0006     4.5946   16.38433    1.13678     49.445    26.7608    26.7607    1479.35          2      17201          1  0.000e+00
  430454379    329.788    332.850   3.372558   3.372475    34.0092    34.0084     6.0993     6.0992     6.0706     6.0705     0.0000     0.0000     0.0781    98.5969     0.0006     4.6020   16.38379    1.13675     49.444    26.7608    26.7602    1479.35          2      17202          1  0.000e+00
  430454379    329.788    332.850   3.372558   3.372462    34.0091    34.0083     6.0995     6.0992     6.0708     6.0705     0.0000     0.0000     0.0781    98.6753     0.0005     4.6056   16.38269    1.13667     49.441    26.7607    26.7601    1479.35          2      17203          1  0.000e+00
  430454379    329.744    332.806   3.372558   3.372411    34.0094    34.0087     6.0992     6.0982     6.0705     6.0696     0.0000     0.0000     0.0781    98.6753     0.0005     4.6056   16.32443    1.13263     49.265    26.7610    26.7605    1479.35          2      17204          1  0.000e+00
  430454379    329.744    332.806   3.372532   3.372398    34.0089    34.0087     6.0993     6.0981     6.0707     6.0694     0.0000     0.0000     0.0781    98.6753     0.0005     4.6056   16.39413    1.13747     49.475    26.7606    26.7605    1479.35          2      17205          1  0.000e+00
  430454379    329.744    332.806   3.372565   3.372417    34.0093    34.0086     6.0993     6.0984     6.0707     6.0697     0.0000     0.0000     0.0781    98.6753     0.0005     4.6056   16.39303    1.13739     49.472    26.7609    26.7604    1479.35          2      17206          1  0.000e+00
  430454379    329.701    332.762   3.372604   3.372449    34.0099    34.0087     6.0992     6.0987     6.0705     6.0701     0.0000     0.0000     0.0781    98.6753     0.0005     4.6056   16.39130    1.13727     49.467    26.7614    26.7604    1479.35          2      17207          1  0.000e+00
  430454379    329.701    332.762   3.372617   3.372443    34.0096    34.0087     6.0997     6.0986     6.0710     6.0699     0.0000     0.0000     0.0781    98.6753     0.0005     4.6056   16.31884    1.13223     49.247    26.7611    26.7605    1479.35          2      17208          1  0.000e+00
  430454379    329.701    332.762   3.372598   3.372404    34.0092    34.0085     6.0998     6.0984     6.0711     6.0697     0.0000     0.0000     0.0781    98.6753     0.0005     4.6056   16.31719    1.13211     49.242    26.7607    26.7603    1479.35          2      17209          1  0.000e+00
  430454379    329.650    332.711   3.372631   3.372443    34.0091    34.0089     6.1003     6.0984     6.0716     6.0697     0.0000     0.0000     0.0769    98.6753     0.0005     4.6056   16.37249    1.13594     49.409    26.7606    26.7607    1479.35          2      17210          1  0.000e+00
  430454379    329.650    332.711   3.372670   3.372481    34.0092    34.0087     6.1006     6.0990     6.0720     6.0704     0.0000     0.0000     0.0781    98.6753     0.0005     4.6056   16.38401    1.13673     49.443    26.7607    26.7605    1479.35          2      17211          1  0.000e+00
  430454379    329.650    332.711   3.372677   3.372443    34.0090    34.0089     6.1009     6.0984     6.0722     6.0697     0.0000     0.0000     0.0781    98.6753     0.0005     4.6056   16.31156    1.13170     49.224    26.7605    26.7607    1479.35          2      17212          1  0.000e+00
  430454379    329.650    332.711   3.372703   3.372430    34.0091    34.0089     6.1011     6.0982     6.0725     6.0696     0.0000     0.0000     0.0781    98.6753     0.0005     4.6056   16.29618    1.13062     49.178    26.7605    26.7607    1479.35          2      17213          1  0.000e+00
  430454379    329.607    332.667   3.372690   3.372456    34.0087    34.0086     6.1014     6.0989     6.0727     6.0702     0.0000     0.0000     0.0769    98.6753     0.0005     4.6056   16.28072    1.12955     49.131    26.7602    26.7604    1479.35          2      17214          1  0.000e+00
  430454379    329.556    332.616   3.372723   3.372436    34.0093    34.0086     6.1012     6.0987     6.0726     6.0701     0.0000     0.0000     0.0781    98.6753     0.0005     4.6056   16.27897    1.12943     49.126    26.7606    26.7604    1479.35          2      17215          1  0.000e+00
  430454379    329.607    332.667   3.372716   3.372449    34.0090    34.0082     6.1014     6.0992     6.0727     6.0705     0.0000     0.0000     0.0781    98.6753     0.0005     4.6056   16.34822    1.13423     49.334    26.7604    26.7600    1479.35          2      17216          1  0.000e+00
  430454379    329.513    332.572   3.372710   3.372462    34.0090    34.0083     6.1014     6.0993     6.0727     6.0707     0.0000     0.0000     0.0781    98.6753     0.0005     4.6056   16.43034    1.13992     49.582    26.7604    26.7601    1479.35          2      17217          1  0.000e+00
  430454379    329.513    332.572   3.372710   3.372488    34.0090    34.0084     6.1014     6.0995     6.0727     6.0708     0.0000     0.0000     0.0781    98.6753     0.0005     4.6056   16.44132    1.14069     49.615    26.7604    26.7601    1479.35          2      17218          1  0.000e+00
  430454379    329.513    332.572   3.372729   3.372513    34.0092    34.0087     6.1014     6.0995     6.0727     6.0708     0.0000     0.0000     0.0781    98.6753     0.0005     4.6056   16.38095    1.13650     49.433    26.7605    26.7604    1479.35          2      17219          1  0.000e+00
  430454379    329.469    332.527   3.372696   3.372500    34.0087    34.0081     6.1016     6.1000     6.0729     6.0713     0.0000     0.0000     0.0781    98.6753     0.0005     4.6056   16.37701    1.13622     49.421    26.7601    26.7598    1479.35          2      17220          1  0.000e+00
  430454380    329.469    332.527   3.372703   3.372494    34.0088    34.0083     6.1016     6.0997     6.0729     6.0710     0.0000     0.0000     0.0781    98.6492     0.0005     4.6044   16.38634    1.13687     49.449    26.7602    26.7601    1479.35          2      17221          1  0.000e+00
  430454380    329.469    332.527   3.372709   3.372520    34.0087    34.0085     6.1017     6.0998     6.0731     6.0711     0.0000     0.0000     0.0781    98.5445     0.0006     4.5995   16.39567    1.13751     49.477    26.7601    26.7602    1479.35          2      17222          1  0.000e+00
  430454380    329.419    332.477   3.372729   3.372571    34.0088    34.0087     6.1019     6.1001     6.0732     6.0715     0.0000     0.0000     0.0781    98.4661     0.0006     4.5958   16.40488    1.13815     49.505    26.7601    26.7603    1479.35          2      17223          1  0.000e+00
  430454380    329.375    332.433   3.372742   3.372532    34.0088    34.0083     6.1020     6.1001     6.0734     6.0715     0.0000     0.0000     0.0781    98.4399     0.0006     4.5946   16.41411    1.13878     49.533    26.7601    26.7600    1479.35          2      17224          1  0.000e+00
  430454380    329.375    332.433   3.372742   3.372565    34.0088    34.0089     6.1020     6.1000     6.0734     6.0713     0.0000     0.0000     0.0781    98.4399     0.0006     4.5946   16.40972    1.13848     49.519    26.7601    26.7604    1479.35          2      17225          1  0.000e+00
  430454380    329.325    332.382   3.372762   3.372532    34.0092    34.0084     6.1019     6.1001     6.0732     6.0715     0.0000     0.0000     0.0781    98.4399     0.0006     4.5946   16.41840    1.13908     49.546    26.7605    26.7600    1479.35          2      17226          1  0.000e+00
  430454380    329.325    332.382   3.372749   3.372526    34.0089    34.0084     6.1020     6.1000     6.0734     6.0713     0.0000     0.0000     0.0794    98.4661     0.0006     4.5958   16.42718    1.13969     49.572    26.7602    26.7601    1479.35          2      17227          1  0.000e+00
  430454380    329.281    332.338   3.372762   3.372520    34.0089    34.0086     6.1022     6.0998     6.0735     6.0712     0.0000     0.0000     0.0781    98.4661     0.0006     4.5958   16.42214    1.13934     49.557    26.7602    26.7602    1479.35          2      17228          1  0.000e+00
  430454380    329.237    332.293   3.372749   3.372539    34.0086    34.0085     6.1024     6.1001     6.0737     6.0715     0.0000     0.0000     0.0781    98.4399     0.0006     4.5946   16.41655    1.13895     49.540    26.7599    26.7601    1479.35          2      17229          1  0.000e+00
  430454567    246.937    249.179   3.384195   3.384391    33.9804    33.9786     6.3000     6.3040     6.2783     6.2823     0.0000     0.0000     0.0794    99.1201     0.0004     4.6264   18.60923    1.28538     55.912    26.7115    26.7096    1478.73          5      21710          2  0.000e+00
  430454567    246.937    249.179   3.384155   3.384314    33.9802    33.9776     6.2997     6.3041     6.2780     6.2824     0.0000     0.0000     0.0794    99.1201     0.0004     4.6264   18.60501    1.28510     55.900    26.7114    26.7088    1478.73          5      21711          2  0.000e+00
  430454568    246.937    249.179   3.384175   3.384154    33.9807    33.9784     6.2994     6.3015     6.2777     6.2798     0.0000     0.0000     0.0781    99.1201     0.0004     4.6264   18.60132    1.28485     55.889    26.7119    26.7097    1478.73          5      21712          2  0.000e+00
  430454568    246.937    249.179   3.384135   3.384077    33.9803    33.9792     6.2994     6.2998     6.2777     6.2782     0.0000     0.0000     0.0794    99.1724     0.0003     4.6288   18.66725    1.28941     56.087    26.7115    26.7106    1478.73          5      21713          2  0.000e+00
