ROS/FK009A_CTD036_20130827.ros
* Sea-Bird SBE 9 Data File:
* FileName = C:\Falkor-Data-2013\FK009A\CTD\FK009A_CTD036_20130827.hex
* Software Version Seasave V 7.21f
* Temperature SN = 5483
* Conductivity SN = 3916
* Number of Bytes Per Scan = 41
* Number of Voltage Words = 4
* Number of Scans Averaged by the Deck Unit = 1
* NMEA Latitude = 48 20.23 N
* NMEA Longitude = 125 32.20 W
* NMEA UTC (Time) = Aug 27 2013 17:18:49
* NMEA baud rate = 4800
** Ship: RV Falkor
** Station: NN01
** Operator: Nathan Cunningham
# nquan = 27
# nvalues = 441                                   
# units = specified
# name 0 = timeQ: Time, NMEA [seconds]
# name 1 = depSM: Depth [salt water, m]
# name 2 = prDM: Pressure, Digiquartz [db]
# name 3 = c0S/m: Conductivity [S/m]
# name 4 = c1S/m: Conductivity, 2 [S/m]
# name 5 = sal00: Salinity, Practical [PSU]
# name 6 = sal11: Salinity, Practical, 2 [PSU]
# name 7 = t090C: Temperature [ITS-90, deg C]
# name 8 = t190C: Temperature, 2 [ITS-90, deg C]
# name 9 = potemp090C: Potential Temperature [ITS-90, deg C]
# name 10 = potemp190C: Potential Temperature, 2 [ITS-90, deg C]
# name 11 = v2: Voltage 2
# name 12 = v3: Voltage 3
# name 13 = v0: Voltage 0
# name 14 = CStarTr0: Beam Transmission, WET Labs C-Star [%]
# name 15 = CStarAt0: Beam Attenuation, WET Labs C-Star [1/m]
# name 16 = v5: Voltage 5
# name 17 = sbeox0PS: Oxygen, SBE 43 [% saturation]
# name 18 = sbeox0ML/L: Oxygen, SBE 43 [ml/l]
# name 19 = sbeox0Mm/Kg: Oxygen, SBE 43 [umol/Kg]
# name 20 = sigma-é00: Density [sigma-theta, Kg/m^3]
# name 21 = sigma-é11: Density, 2 [sigma-theta, Kg/m^3]
# name 22 = svCM: Sound Velocity [Chen-Millero, m/s]
# name 23 = modError: Modulo Error Count
# name 24 = scan: Scan Count
# name 25 = nbf: Bottles Fired
# name 26 = flag:  0.000e+00
# interval = seconds: 0.0416667
# start_time = Aug 27 2013 17:18:50 [NMEA time, first data scan]
# bad_flag = -9.990e-29
*END*
[from data line 430]
  430940737      5.036      5.079   3.832587   3.832021    31.7813    31.7850    13.8441    13.8333    13.8434    13.8326     0.0000     0.0000     0.2906    86.3540     0.0059     4.0305   96.13766    5.71408    249.275    23.7329    23.7379    1499.27          0      38574          9  0.000e+00
  430940737      5.011      5.053   3.832553   3.832567    31.7814    31.7828    13.8436    13.8421    13.8429    13.8414     0.0000     0.0000     0.2894    86.3540     0.0059     4.0305   96.13088    5.71374    249.260    23.7331    23.7344    1499.27          0      38575          9  0.000e+00
  430940737      4.942      4.984   3.832622   3.832668    31.7819    31.7799    13.8438    13.8467    13.8432    13.8460     0.0000     0.0000     0.2906    86.3540     0.0059     4.0305   96.20297    5.71797    249.444    23.7334    23.7313    1499.27          0      38576          9  0.000e+00
  430940737      4.967      5.009   3.832726   3.832338    31.7819    31.7785    13.8449    13.8448    13.8442    13.8441     0.0000     0.0000     0.2906    86.3278     0.0059     4.0293   96.16001    5.71529    249.328    23.7332    23.7306    1499.27          0      38577          9  0.000e+00
  430940737      4.942      4.984   3.832795   3.831980    31.7821    31.7785    13.8455    13.8408    13.8448    13.8401     0.0000     0.0000     0.2906    86.3540     0.0059     4.0305   96.15425    5.71487    249.309    23.7332    23.7314    1499.27          0      38578          9  0.000e+00
  430940737      4.967      5.009   3.832968   3.831765    31.7823    31.7782    13.8472    13.8387    13.8465    13.8380     0.0000     0.0000     0.2906    86.3540     0.0059     4.0305   96.14907    5.71436    249.287    23.7330    23.7316    1499.28          0      38579          9  0.000e+00
  430940737      4.899      4.940   3.833100   3.831603    31.7821    31.7790    13.8489    13.8360    13.8482    13.8353     0.0000     0.0000     0.2906    86.3278     0.0059     4.0293   96.15981    5.71481    249.307    23.7326    23.7327    1499.28          0      38580          9  0.000e+00
  430940737      4.874      4.915   3.833148   3.831428    31.7820    31.7792    13.8495    13.8338    13.8489    13.8331     0.0000     0.0000     0.2894    86.3278     0.0059     4.0293   96.16325    5.71494    249.312    23.7323    23.7333    1499.29          0      38581          9  0.000e+00
  430940737      4.830      4.871   3.833231   3.831421    31.7821    31.7802    13.8504    13.8325    13.8497    13.8319     0.0000     0.0000     0.2906    86.2494     0.0059     4.0256   96.16680    5.71505    249.317    23.7323    23.7344    1499.29          0      38582          9  0.000e+00
  430940737      4.899      4.940   3.833307   3.831394    31.7816    31.7803    13.8519    13.8320    13.8512    13.8313     0.0000     0.0012     0.2906    86.2232     0.0059     4.0244   96.18910    5.71622    249.369    23.7315    23.7346    1499.29          0      38583          9  0.000e+00
  430940737      4.780      4.821   3.833245   3.831408    31.7810    31.7809    13.8519    13.8315    13.8512    13.8308     0.0000     0.0000     0.2906    86.2232     0.0059     4.0244   96.25546    5.72018    249.541    23.7311    23.7352    1499.29          0      38584          9  0.000e+00
