ROS/FK009A_CTD007_20130820.ros
* Sea-Bird SBE 9 Data File:
* FileName = C:\Falkor-Data-2013\FK009A\CTD\FK009A_CTD007_20130820.hex
* Software Version Seasave V 7.21f
* Temperature SN = 5483
* Conductivity SN = 3916
* Number of Bytes Per Scan = 41
* Number of Voltage Words = 4
* Number of Scans Averaged by the Deck Unit = 1
* NMEA Latitude = 48 22.51 N
* NMEA Longitude = 125 56.25 W
* NMEA UTC (Time) = Aug 20 2013 01:53:03
* NMEA baud rate = 4800
** Ship:
** Station: BCC3
** Operator:
# nquan = 27
# nvalues = 637                                   
# units = specified
# name 0 = timeQ: Time, NMEA [seconds]
# name 1 = depSM: Depth [salt water, m]
# name 2 = prDM: Pressure, Digiquartz [db]
# name 3 = c0S/m: Conductivity [S/m]
# name 4 = c1S/m: Conductivity, 2 [S/m]
# name 5 = sal00: Salinity, Practical [PSU]
# name 6 = sal11: Salinity, Practical, 2 [PSU]
# name 7 = t090C: Temperature [ITS-90, deg C]
# name 8 = t190C: Temperature, 2 [ITS-90, deg C]
# name 9 = potemp090C: Potential Temperature [ITS-90, deg C]
# name 10 = potemp190C: Potential Temperature, 2 [ITS-90, deg C]
# name 11 = v2: Voltage 2
# name 12 = v3: Voltage 3
# name 13 = v0: Voltage 0
# name 14 = CStarTr0: Beam Transmission, WET Labs C-Star [%]
# name 15 = CStarAt0: Beam Attenuation, WET Labs C-Star [1/m]
# name 16 = v5: Voltage 5
# name 17 = sbeox0PS: Oxygen, SBE 43 [% saturation]
# name 18 = sbeox0ML/L: Oxygen, SBE 43 [ml/l]
# name 19 = sbeox0Mm/Kg: Oxygen, SBE 43 [umol/Kg]
# name 20 = sigma-é00: Density [sigma-theta, Kg/m^3]
# name 21 = sigma-é11: Density, 2 [sigma-theta, Kg/m^3]
# name 22 = svCM: Sound Velocity [Chen-Millero, m/s]
# name 23 = modError: Modulo Error Count
# name 24 = scan: Scan Count
# name 25 = nbf: Bottles Fired
# name 26 = flag:  0.000e+00
# interval = seconds: 0.0416667
# start_time = Aug 20 2013 01:53:03 [NMEA time, first data scan]
# bad_flag = -9.990e-29
*END*
[from data line 430]
  430281294    102.145    103.038   3.457508   3.457215    33.8817    33.8800     7.2901     7.2885     7.2804     7.2789     2.2466     0.8535     0.0781   100.3757    -0.0002     4.6850   39.00010    2.63482    114.633    26.4990    26.4979    1480.07          0      60263          9  0.000e+00
  430281294    102.195    103.089   3.457482   3.457196    33.8815    33.8798     7.2899     7.2885     7.2803     7.2789     2.2466     0.8523     0.0781   100.3757    -0.0002     4.6850   38.99604    2.63455    114.622    26.4989    26.4978    1480.07          0      60264          9  0.000e+00
  430281294    102.195    103.089   3.457495   3.457209    33.8817    33.8799     7.2899     7.2885     7.2803     7.2789     2.2466     0.8523     0.0781   100.3757    -0.0002     4.6850   38.99075    2.63419    114.606    26.4991    26.4979    1480.07          0      60265          9  0.000e+00
  430281294    102.195    103.089   3.457535   3.457235    33.8821    33.8800     7.2899     7.2887     7.2803     7.2791     2.2466     0.8535     0.0781   100.3757    -0.0002     4.6850   38.98450    2.63376    114.587    26.4994    26.4979    1480.07          0      60266          9  0.000e+00
  430281294    102.238    103.133   3.457515   3.457222    33.8817    33.8800     7.2901     7.2885     7.2804     7.2789     2.2466     0.8535     0.0781   100.3757    -0.0002     4.6850   38.98952    2.63410    114.602    26.4991    26.4980    1480.07          0      60267          9  0.000e+00
  430281294    102.282    103.177   3.457508   3.457235    33.8816    33.8802     7.2901     7.2885     7.2804     7.2789     2.2466     0.8547     0.0781   100.3757    -0.0002     4.6850   39.06079    2.63892    114.812    26.4990    26.4981    1480.07          0      60268          9  0.000e+00
  430281294    102.282    103.177   3.457515   3.457248    33.8817    33.8801     7.2901     7.2887     7.2804     7.2791     2.2466     0.8547     0.0781   100.3757    -0.0002     4.6850   39.00896    2.63541    114.659    26.4991    26.4980    1480.07          0      60269          9  0.000e+00
  430281294    102.282    103.177   3.457555   3.457267    33.8821    33.8802     7.2901     7.2888     7.2804     7.2792     2.2466     0.8523     0.0769   100.3757    -0.0002     4.6850   39.01184    2.63560    114.667    26.4994    26.4981    1480.07          0      60270          9  0.000e+00
  430281294    102.332    103.227   3.457542   3.457280    33.8820    33.8802     7.2901     7.2890     7.2804     7.2793     2.2466     0.8535     0.0781   100.3757    -0.0002     4.6850   39.01450    2.63578    114.675    26.4993    26.4981    1480.07          0      60271          9  0.000e+00
  430281294    102.332    103.227   3.457515   3.457280    33.8818    33.8806     7.2899     7.2885     7.2803     7.2789     2.2466     0.8535     0.0781   100.3757    -0.0002     4.6850   39.01643    2.63593    114.681    26.4992    26.4984    1480.07          0      60272          9  0.000e+00
  430281294    102.376    103.271   3.457535   3.457280    33.8820    33.8803     7.2899     7.2888     7.2803     7.2792     2.2466     0.8547     0.0781   100.3757    -0.0002     4.6850   38.95136    2.63153    114.490    26.4993    26.4981    1480.07          0      60273          9  0.000e+00
  430281514     52.846     53.302   3.414676   3.414477    33.4316    33.4307     7.2984     7.2971     7.2935     7.2922     2.0891     0.8547     0.0769    99.9310     0.0000     4.6642   46.76186    3.16794    137.875    26.1431    26.1425    1478.72          0      65552         10  0.000e+00
  430281514     52.796     53.252   3.414676   3.414451    33.4315    33.4302     7.2986     7.2973     7.2936     7.2924     2.0891     0.8535     0.0757    99.9310     0.0000     4.6642   46.77147    3.16858    137.903    26.1429    26.1421    1478.72          0      65553         10  0.000e+00
  430281514     52.796     53.252   3.414682   3.414458    33.4318    33.4305     7.2983     7.2972     7.2933     7.2922     2.0891     0.8535     0.0769    99.9310     0.0000     4.6642   46.78142    3.16927    137.933    26.1433    26.1423    1478.72          0      65554         10  0.000e+00
  430281514     52.890     53.346   3.414689   3.414464    33.4320    33.4305     7.2981     7.2972     7.2932     7.2922     2.0891     0.8535     0.0757    99.9310     0.0000     4.6642   46.71394    3.16470    137.735    26.1434    26.1424    1478.72          0      65555         10  0.000e+00
  430281514     52.859     53.315   3.414709   3.414464    33.4319    33.4302     7.2984     7.2975     7.2935     7.2925     2.0891     0.8547     0.0769    99.9310     0.0000     4.6642   46.70050    3.16377    137.694    26.1433    26.1421    1478.72          0      65556         10  0.000e+00
  430281514     52.846     53.302   3.414689   3.414464    33.4319    33.4304     7.2983     7.2973     7.2933     7.2924     2.0891     0.8535     0.0769    99.9310     0.0000     4.6642   46.75337    3.16736    137.851    26.1433    26.1422    1478.72          0      65557         10  0.000e+00
  430281515     52.934     53.390   3.414663   3.414464    33.4314    33.4304     7.2984     7.2973     7.2935     7.2923     2.0891     0.8547     0.0769    99.9310     0.0000     4.6642   46.68536    3.16276    137.650    26.1429    26.1423    1478.72          0      65558         10  0.000e+00
  430281515     52.846     53.302   3.414683   3.414464    33.4317    33.4304     7.2984     7.2973     7.2935     7.2924     2.0891     0.8535     0.0769    99.9310     0.0000     4.6642   46.74910    3.16707    137.838    26.1431    26.1422    1478.72          0      65559         10  0.000e+00
  430281515     52.902     53.359   3.414669   3.414483    33.4315    33.4305     7.2984     7.2973     7.2935     7.2924     2.0904     0.8535     0.0757    99.9310     0.0000     4.6642   46.82506    3.17222    138.062    26.1430    26.1424    1478.72          0      65560         10  0.000e+00
  430281515     52.890     53.346   3.414683   3.414496    33.4316    33.4308     7.2984     7.2972     7.2935     7.2922     2.0891     0.8535     0.0757    99.9310     0.0000     4.6642   46.77913    3.16910    137.926    26.1431    26.1426    1478.72          0      65561         10  0.000e+00
  430281515     52.890     53.346   3.414683   3.414470    33.4316    33.4304     7.2984     7.2973     7.2935     7.2924     2.0904     0.8547     0.0769    99.9310     0.0000     4.6642   46.77630    3.16891    137.918    26.1431    26.1423    1478.72          0      65562         10  0.000e+00
  430281515     52.983     53.441   3.414709   3.414483    33.4317    33.4308     7.2986     7.2970     7.2936     7.2920     2.0904     0.8535     0.0769    99.9310     0.0000     4.6642   46.77354    3.16871    137.909    26.1431    26.1427    1478.73          0      65563         10  0.000e+00
  430281515     52.890     53.346   3.414722   3.414470    33.4322    33.4304     7.2983     7.2973     7.2934     7.2924     2.0904     0.8535     0.0757    99.9310     0.0000     4.6642   46.76922    3.16843    137.897    26.1435    26.1423    1478.72          0      65564         10  0.000e+00
  430281515     52.952     53.409   3.414696   3.414503    33.4318    33.4309     7.2984     7.2972     7.2935     7.2922     2.0904     0.8535     0.0769    99.9310     0.0000     4.6642   46.76533    3.16817    137.886    26.1432    26.1427    1478.73          0      65565         10  0.000e+00
  430281515     52.983     53.441   3.414683   3.414503    33.4318    33.4307     7.2983     7.2973     7.2933     7.2924     2.0904     0.8535     0.0769    99.9310     0.0000     4.6642   46.76081    3.16787    137.873    26.1432    26.1425    1478.73          0      65566         10  0.000e+00
  430281515     52.934     53.390   3.414735   3.414470    33.4324    33.4305     7.2983     7.2972     7.2933     7.2922     2.0904     0.8547     0.0757    99.9310     0.0000     4.6642   46.75531    3.16749    137.856    26.1437    26.1424    1478.73          0      65567         10  0.000e+00
  430281515     53.027     53.485   3.414683   3.414483    33.4316    33.4305     7.2984     7.2973     7.2935     7.2923     2.0891     0.8547     0.0757    99.9310     0.0000     4.6642   46.75019    3.16714    137.841    26.1430    26.1424    1478.73          0      65568         10  0.000e+00
  430281515     52.934     53.390   3.414702   3.414496    33.4320    33.4308     7.2983     7.2972     7.2933     7.2922     2.0904     0.8547     0.0757    99.9310     0.0000     4.6642   46.74350    3.16669    137.821    26.1434    26.1426    1478.72          0      65569         10  0.000e+00
  430281515     52.996     53.453   3.414716   3.414470    33.4321    33.4302     7.2983     7.2975     7.2933     7.2925     2.0904     0.8535     0.0757    99.9310     0.0000     4.6642   46.74907    3.16707    137.838    26.1435    26.1421    1478.73          0      65570         10  0.000e+00
  430281515     53.027     53.485   3.414696   3.414509    33.4317    33.4311     7.2984     7.2970     7.2935     7.2921     2.0904     0.8535     0.0757    99.9310     0.0000     4.6642   46.75444    3.16743    137.853    26.1432    26.1428    1478.73          0      65571         10  0.000e+00
  430281515     52.984     53.441   3.414689   3.414503    33.4318    33.4310     7.2983     7.2970     7.2934     7.2921     2.0904     0.8547     0.0757    99.9572     0.0000     4.6654   46.75938    3.16777    137.868    26.1432    26.1428    1478.73          0      65572         10  0.000e+00
  430281515     53.027     53.485   3.414689   3.414516    33.4318    33.4307     7.2983     7.2974     7.2933     7.2925     2.0904     0.8535     0.0745    99.9833     0.0000     4.6667   46.76485    3.16814    137.885    26.1432    26.1425    1478.73          0      65573         10  0.000e+00
  430281515     53.027     53.485   3.414689   3.414522    33.4318    33.4310     7.2983     7.2972     7.2933     7.2922     2.0904     0.8547     0.0757    99.9833     0.0000     4.6667   46.77005    3.16850    137.900    26.1432    26.1428    1478.73          0      65574         10  0.000e+00
  430281515     53.040     53.497   3.414729   3.414503    33.4322    33.4307     7.2983     7.2973     7.2933     7.2924     2.0904     0.8547     0.0757    99.9833     0.0000     4.6667   46.77532    3.16884    137.915    26.1436    26.1425    1478.73          0      65575         10  0.000e+00
  430281515     53.027     53.485   3.414722   3.414496    33.4320    33.4306     7.2984     7.2973     7.2935     7.2924     2.0904     0.8547     0.0757    99.9833     0.0000     4.6667   46.76862    3.16838    137.895    26.1434    26.1424    1478.73          0      65576         10  0.000e+00
  430281515     53.071     53.529   3.414696   3.414516    33.4317    33.4310     7.2984     7.2972     7.2935     7.2922     2.0904     0.8547     0.0757    99.9833     0.0000     4.6667   46.76179    3.16793    137.875    26.1431    26.1427    1478.73          0      65577         10  0.000e+00
  430281515     53.071     53.529   3.414689   3.414503    33.4318    33.4308     7.2983     7.2972     7.2933     7.2922     2.0904     0.8535     0.0757    99.9833     0.0000     4.6667   46.76606    3.16823    137.888    26.1432    26.1426    1478.73          0      65578         10  0.000e+00
  430281515     53.040     53.497   3.414656   3.414535    33.4313    33.4311     7.2984     7.2973     7.2935     7.2923     2.0904     0.8535     0.0745    99.9833     0.0000     4.6667   46.75829    3.16770    137.865    26.1428    26.1428    1478.73          0      65579         10  0.000e+00
  430281515     53.121     53.579   3.414676   3.414554    33.4315    33.4314     7.2984     7.2972     7.2935     7.2922     2.0904     0.8535     0.0745    99.9572     0.0000     4.6654   46.75075    3.16718    137.843    26.1430    26.1430    1478.73          0      65580         10  0.000e+00
  430281515     53.071     53.529   3.414689   3.414528    33.4316    33.4312     7.2985     7.2970     7.2935     7.2920     2.0904     0.8547     0.0757    99.9572     0.0000     4.6654   46.67577    3.16210    137.621    26.1430    26.1430    1478.73          0      65581         10  0.000e+00
  430281516     53.071     53.529   3.414689   3.414548    33.4316    33.4313     7.2984     7.2972     7.2935     7.2922     2.0904     0.8535     0.0757    99.9833     0.0000     4.6667   46.73391    3.16604    137.793    26.1431    26.1430    1478.73          0      65582         10  0.000e+00
  430281516     53.121     53.579   3.414689   3.414554    33.4318    33.4312     7.2983     7.2973     7.2933     7.2924     2.0904     0.8547     0.0757    99.9833     0.0000     4.6667   46.73753    3.16629    137.804    26.1432    26.1429    1478.73          0      65583         10  0.000e+00
  430281516     53.090     53.548   3.414709   3.414528    33.4318    33.4311     7.2984     7.2971     7.2935     7.2922     2.0904     0.8535     0.0745    99.9833     0.0000     4.6667   46.72882    3.16569    137.778    26.1433    26.1429    1478.73          0      65584         10  0.000e+00
  430281516     53.121     53.579   3.414696   3.414548    33.4320    33.4313     7.2981     7.2972     7.2931     7.2922     2.0904     0.8535     0.0757    99.9572     0.0000     4.6654   46.64208    3.15983    137.523    26.1434    26.1430    1478.73          0      65585         10  0.000e+00
  430281516     53.121     53.579   3.414669   3.414528    33.4314    33.4311     7.2984     7.2972     7.2935     7.2922     2.0904     0.8547     0.0757    99.9833     0.0000     4.6667   46.68743    3.16290    137.656    26.1429    26.1428    1478.73          0      65586         10  0.000e+00
  430281516     53.164     53.623   3.414702   3.414541    33.4317    33.4313     7.2984     7.2970     7.2935     7.2920     2.0904     0.8547     0.0757    99.9833     0.0000     4.6667   46.68958    3.16304    137.662    26.1432    26.1431    1478.73          0      65587         10  0.000e+00
  430281516     53.121     53.579   3.414689   3.414528    33.4318    33.4309     7.2983     7.2973     7.2933     7.2924     2.0904     0.8547     0.0757    99.9572     0.0000     4.6654   46.70303    3.16396    137.702    26.1432    26.1427    1478.73          0      65588         10  0.000e+00
  430281516     53.133     53.592   3.414683   3.414548    33.4317    33.4315     7.2983     7.2970     7.2933     7.2920     2.0904     0.8547     0.0757    99.9833     0.0000     4.6667   46.70547    3.16412    137.710    26.1432    26.1432    1478.73          0      65589         10  0.000e+00
  430281516     53.164     53.623   3.414689   3.414528    33.4317    33.4312     7.2983     7.2970     7.2933     7.2920     2.0904     0.8547     0.0757    99.9833     0.0000     4.6667   46.63004    3.15901    137.487    26.1432    26.1430    1478.73          0      65590         10  0.000e+00
  430281516     53.164     53.623   3.414689   3.414541    33.4316    33.4312     7.2984     7.2972     7.2935     7.2922     2.0904     0.8547     0.0757    99.9572     0.0000     4.6654   46.62105    3.15840    137.460    26.1431    26.1429    1478.73          0      65591         10  0.000e+00
  430281516     53.164     53.623   3.414709   3.414535    33.4318    33.4311     7.2984     7.2972     7.2935     7.2922     2.0904     0.8535     0.0757    99.9833     0.0000     4.6667   46.61254    3.15781    137.435    26.1432    26.1429    1478.73          0      65592         10  0.000e+00
  430281516     53.164     53.623   3.414716   3.414548    33.4317    33.4311     7.2986     7.2973     7.2936     7.2923     2.0904     0.8535     0.0769    99.9833     0.0000     4.6667   46.67066    3.16174    137.606    26.1431    26.1428    1478.73          0      65593         10  0.000e+00
