ROS/FK009A_CTD020_20130822.ros
* Sea-Bird SBE 9 Data File:
* FileName = C:\Falkor-Data-2013\FK009A\CTD\FK009A_CTD020_20130822.hex
* Software Version Seasave V 7.21f
* Temperature SN = 5483
* Conductivity SN = 3916
* Number of Bytes Per Scan = 41
* Number of Voltage Words = 4
* Number of Scans Averaged by the Deck Unit = 1
* NMEA Latitude = 48 06.54 N
* NMEA Longitude = 125 15.11 W
* NMEA UTC (Time) = Aug 22 2013 02:27:41
* NMEA baud rate = 4800
** Ship: RV Falkor
** Station: RD02
** Operator: CP
# nquan = 27
# nvalues = 196                                   
# units = specified
# name 0 = timeQ: Time, NMEA [seconds]
# name 1 = depSM: Depth [salt water, m]
# name 2 = prDM: Pressure, Digiquartz [db]
# name 3 = c0S/m: Conductivity [S/m]
# name 4 = c1S/m: Conductivity, 2 [S/m]
# name 5 = sal00: Salinity, Practical [PSU]
# name 6 = sal11: Salinity, Practical, 2 [PSU]
# name 7 = t090C: Temperature [ITS-90, deg C]
# name 8 = t190C: Temperature, 2 [ITS-90, deg C]
# name 9 = potemp090C: Potential Temperature [ITS-90, deg C]
# name 10 = potemp190C: Potential Temperature, 2 [ITS-90, deg C]
# name 11 = v2: Voltage 2
# name 12 = v3: Voltage 3
# name 13 = v0: Voltage 0
# name 14 = CStarTr0: Beam Transmission, WET Labs C-Star [%]
# name 15 = CStarAt0: Beam Attenuation, WET Labs C-Star [1/m]
# name 16 = v5: Voltage 5
# name 17 = sbeox0PS: Oxygen, SBE 43 [% saturation]
# name 18 = sbeox0ML/L: Oxygen, SBE 43 [ml/l]
# name 19 = sbeox0Mm/Kg: Oxygen, SBE 43 [umol/Kg]
# name 20 = sigma-é00: Density [sigma-theta, Kg/m^3]
# name 21 = sigma-é11: Density, 2 [sigma-theta, Kg/m^3]
# name 22 = svCM: Sound Velocity [Chen-Millero, m/s]
# name 23 = modError: Modulo Error Count
# name 24 = scan: Scan Count
# name 25 = nbf: Bottles Fired
# name 26 = flag:  0.000e+00
# interval = seconds: 0.0416667
# start_time = Jan 01 2000 02:27:41 [NMEA time, first data scan]
# bad_flag = -9.990e-29
*END*
[from data line 108]
  430454793    143.225    144.489   3.445096   3.444843    33.8088    33.8082     7.2058     7.2036     7.1924     7.1902     0.0000     0.0000     0.0757    99.5386     0.0002     4.6459   37.51073    2.54029    110.526    26.4540    26.4538    1480.33          9      27109          3  0.000e+00
  430454793    143.175    144.438   3.445096   3.444804    33.8087    33.8082     7.2060     7.2033     7.1925     7.1898     0.0000     0.0000     0.0781    99.5386     0.0002     4.6459   37.50461    2.53987    110.507    26.4539    26.4538    1480.33          9      27110          3  0.000e+00
  430454793    143.131    144.394   3.445136   3.444836    33.8087    33.8084     7.2065     7.2035     7.1930     7.1900     0.0000     0.0000     0.0781    99.5386     0.0002     4.6459   37.49801    2.53940    110.487    26.4538    26.4539    1480.33          9      27111          3  0.000e+00
  430454793    143.143    144.407   3.445176   3.444830    33.8088    33.8090     7.2068     7.2028     7.1934     7.1893     0.0000     0.0000     0.0794    99.5386     0.0002     4.6459   37.50343    2.53974    110.502    26.4538    26.4545    1480.34          9      27112          3  0.000e+00
  430454793    143.175    144.438   3.445189   3.444843    33.8084    33.8084     7.2074     7.2035     7.1939     7.1900     0.0000     0.0000     0.0781    99.5386     0.0002     4.6459   37.57617    2.54464    110.715    26.4534    26.4540    1480.34          9      27113          3  0.000e+00
  430454793    143.175    144.438   3.445162   3.444856    33.8080    33.8086     7.2074     7.2034     7.1940     7.1900     0.0000     0.0000     0.0794    99.5386     0.0002     4.6459   37.52554    2.54122    110.566    26.4531    26.4541    1480.34          9      27114          3  0.000e+00
  430454793    143.131    144.394   3.445109   3.444856    33.8079    33.8086     7.2069     7.2035     7.1935     7.1900     0.0000     0.0000     0.0794    99.5386     0.0002     4.6459   37.51802    2.54074    110.545    26.4531    26.4541    1480.34          9      27115          3  0.000e+00
  430454793    143.131    144.394   3.445136   3.444830    33.8087    33.8082     7.2065     7.2036     7.1930     7.1901     0.0000     0.0000     0.0781    99.5386     0.0002     4.6459   37.52246    2.54105    110.559    26.4538    26.4538    1480.33          9      27116          3  0.000e+00
  430454793    143.081    144.344   3.445129   3.444823    33.8090    33.8082     7.2061     7.2035     7.1927     7.1901     0.0000     0.0000     0.0794    99.5386     0.0002     4.6459   37.52664    2.54135    110.572    26.4540    26.4538    1480.33          9      27117          3  0.000e+00
  430454793    143.081    144.344   3.445123   3.444823    33.8089    33.8084     7.2061     7.2033     7.1927     7.1898     0.0000     0.0000     0.0794    99.5648     0.0002     4.6471   37.53104    2.54165    110.585    26.4540    26.4540    1480.33          9      27118          3  0.000e+00
  430454793    143.143    144.407   3.445076   3.444843    33.8084    33.8081     7.2061     7.2038     7.1927     7.1904     0.0000     0.0000     0.0794    99.5386     0.0002     4.6459   37.53575    2.54198    110.599    26.4536    26.4537    1480.33          9      27119          3  0.000e+00
  430454793    143.037    144.299   3.445083   3.444856    33.8086    33.8079     7.2060     7.2042     7.1926     7.1908     0.0000     0.0000     0.0781    99.5386     0.0002     4.6459   37.52742    2.54142    110.575    26.4538    26.4535    1480.33          9      27120          3  0.000e+00
  430454793    143.131    144.394   3.445096   3.444920    33.8086    33.8079     7.2061     7.2049     7.1927     7.1914     0.0000     0.0000     0.0781    99.5386     0.0002     4.6459   37.51955    2.54088    110.551    26.4537    26.4534    1480.33          9      27121          3  0.000e+00
  430454793    143.037    144.299   3.445109   3.444894    33.8086    33.8077     7.2063     7.2049     7.1929     7.1914     0.0000     0.0000     0.0781    99.5648     0.0002     4.6471   37.45526    2.53651    110.361    26.4537    26.4532    1480.33          9      27122          3  0.000e+00
  430454794    143.037    144.299   3.445116   3.444927    33.8084    33.8075     7.2066     7.2054     7.1932     7.1920     0.0000     0.0000     0.0794    99.5386     0.0002     4.6459   37.44741    2.53597    110.337    26.4535    26.4530    1480.33          9      27123          3  0.000e+00
  430454794    143.037    144.299   3.445169   3.444920    33.8083    33.8070     7.2073     7.2058     7.1938     7.1924     0.0000     0.0000     0.0794    99.5386     0.0002     4.6459   37.50728    2.53998    110.512    26.4534    26.4525    1480.34          9      27124          3  0.000e+00
  430454794    143.037    144.299   3.445209   3.444933    33.8085    33.8068     7.2075     7.2061     7.1941     7.1927     0.0000     0.0000     0.0794    99.5386     0.0002     4.6459   37.44442    2.53571    110.326    26.4535    26.4524    1480.34          9      27125          3  0.000e+00
  430454794    143.006    144.268   3.445215   3.444991    33.8084    33.8070     7.2077     7.2066     7.1943     7.1932     0.0000     0.0000     0.0794    99.5386     0.0002     4.6459   37.50465    2.53978    110.503    26.4533    26.4524    1480.34          9      27126          3  0.000e+00
  430454794 -20192.976 -19267.749   3.438827   3.438597    62.2710    62.2698     7.2079     7.2070     6.6652     6.6640     0.0000     0.0000     0.0781    99.5386     0.0002     4.6459    3.09899   -3.06800   -130.602    49.1192    49.1185    1184.47          9      27127          3  0.000e+00
  430454794    142.993    144.255   3.445196   3.445017    33.8078    33.8068     7.2081     7.2071     7.1946     7.1937     0.0000     0.0000     0.0794    99.5386     0.0002     4.6459   37.50159    2.53956    110.494    26.4529    26.4522    1480.34          9      27128          3  0.000e+00
  430454794    142.993    144.255   3.445255   3.445004    33.8079    33.8065     7.2087     7.2073     7.1953     7.1939     0.0000     0.0000     0.0781    99.4863     0.0002     4.6435   37.49372    2.53899    110.469    26.4528    26.4520    1480.34          9      27129          3  0.000e+00
  430454794    142.943    144.205   3.445302   3.445024    33.8071    33.8068     7.2100     7.2073     7.1966     7.1939     0.0000     0.0000     0.0781    99.4340     0.0002     4.6410   37.48507    2.53834    110.441    26.4521    26.4521    1480.34          9      27130          3  0.000e+00
  430454794    142.943    144.205   3.445288   3.445017    33.8066    33.8064     7.2104     7.2076     7.1970     7.1942     0.0000     0.0000     0.0794    99.4601     0.0002     4.6422   37.55570    2.54311    110.648    26.4516    26.4518    1480.34          9      27131          3  0.000e+00
  430454794    142.943    144.205   3.445282   3.445030    33.8071    33.8065     7.2098     7.2076     7.1964     7.1942     0.0000     0.0000     0.0781    99.4601     0.0002     4.6422   37.49094    2.53875    110.459    26.4520    26.4519    1480.34          9      27132          3  0.000e+00
  430454794    142.912    144.173   3.445282   3.445036    33.8074    33.8066     7.2095     7.2076     7.1961     7.1942     0.0000     0.0000     0.0781    99.4601     0.0002     4.6422   37.49324    2.53892    110.466    26.4523    26.4520    1480.34          9      27133          3  0.000e+00
  430454794    142.943    144.205   3.445302   3.445017    33.8075    33.8063     7.2097     7.2077     7.1963     7.1943     0.0000     0.0000     0.0794    99.4601     0.0002     4.6422   37.56307    2.54364    110.671    26.4524    26.4517    1480.34          9      27134          3  0.000e+00
  430454794    142.900    144.161   3.445308   3.445030    33.8069    33.8067     7.2103     7.2074     7.1969     7.1940     0.0000     0.0000     0.0794    99.4601     0.0002     4.6422   37.49703    2.53914    110.476    26.4518    26.4521    1480.34          9      27135          3  0.000e+00
  430454794    142.900    144.161   3.445328   3.445017    33.8070    33.8064     7.2105     7.2076     7.1971     7.1942     0.0000     0.0000     0.0781    99.4601     0.0002     4.6422   37.49848    2.53922    110.479    26.4519    26.4518    1480.34          9      27136          3  0.000e+00
  430454794    142.900    144.161   3.445295   3.445011    33.8068    33.8065     7.2103     7.2074     7.1968     7.1940     0.0000     0.0000     0.0769    99.4601     0.0002     4.6422   37.49996    2.53934    110.484    26.4518    26.4519    1480.34          9      27137          3  0.000e+00
  430454794    142.850    144.110   3.445255   3.445011    33.8070    33.8067     7.2097     7.2073     7.1963     7.1939     0.0000     0.0000     0.0769    99.4601     0.0002     4.6422   37.50122    2.53946    110.489    26.4520    26.4521    1480.34          9      27138          3  0.000e+00
  430454794    142.869    144.129   3.445222   3.445011    33.8068    33.8065     7.2095     7.2074     7.1961     7.1940     0.0000     0.0000     0.0769    99.4601     0.0002     4.6422   37.50278    2.53957    110.495    26.4518    26.4519    1480.34          9      27139          3  0.000e+00
  430454794    142.850    144.110   3.445235   3.445011    33.8076    33.8068     7.2089     7.2071     7.1955     7.1937     0.0000     0.0000     0.0781    99.4601     0.0002     4.6422   37.50420    2.53969    110.500    26.4525    26.4522    1480.34          9      27140          3  0.000e+00
  430454794    142.850    144.110   3.445222   3.445011    33.8076    33.8067     7.2087     7.2073     7.1953     7.1939     0.0000     0.0000     0.0781    99.4601     0.0002     4.6422   37.50568    2.53980    110.504    26.4526    26.4521    1480.34          9      27141          3  0.000e+00
  430454794    142.850    144.110   3.445215   3.444985    33.8077    33.8065     7.2086     7.2071     7.1951     7.1937     0.0000     0.0000     0.0769    99.4601     0.0002     4.6422   37.50715    2.53991    110.509    26.4527    26.4520    1480.34          9      27142          3  0.000e+00
  430454794    142.806    144.066   3.445215   3.444978    33.8080    33.8068     7.2082     7.2068     7.1948     7.1934     0.0000     0.0000     0.0769    99.4601     0.0002     4.6422   37.50842    2.54001    110.513    26.4530    26.4523    1480.33          9      27143          3  0.000e+00
  430454794    142.850    144.110   3.445195   3.444952    33.8080    33.8068     7.2080     7.2065     7.1946     7.1930     0.0000     0.0000     0.0781    99.4601     0.0002     4.6422   37.51012    2.54014    110.519    26.4530    26.4523    1480.33          9      27144          3  0.000e+00
  430454794    142.806    144.066   3.445162   3.444920    33.8080    33.8070     7.2076     7.2060     7.1942     7.1926     0.0000     0.0000     0.0781    99.4601     0.0002     4.6422   37.49918    2.53942    110.488    26.4531    26.4525    1480.33          9      27145          3  0.000e+00
  430454794    142.819    144.079   3.445176   3.444914    33.8083    33.8072     7.2074     7.2057     7.1940     7.1923     0.0000     0.0000     0.0781    99.4601     0.0002     4.6422   37.42076    2.53411    110.257    26.4534    26.4527    1480.33          9      27146          3  0.000e+00
  430454795    142.762    144.022   3.445209   3.444959    33.8081    33.8077     7.2081     7.2057     7.1947     7.1923     0.0000     0.0000     0.0781    99.4601     0.0002     4.6422   37.40969    2.53333    110.223    26.4531    26.4531    1480.33          9      27147          3  0.000e+00
  430454994     70.158     70.765   3.408722   3.408572    33.4529    33.4524     7.2007     7.1996     7.1942     7.1931     0.0000     0.0000     0.0806    97.4981     0.0010     4.5507   25.05671    1.70105     74.031    26.1736    26.1733    1478.66         11      31916          4  0.000e+00
  430454994     70.202     70.809   3.408702   3.408579    33.4526    33.4525     7.2007     7.1995     7.1942     7.1930     0.0000     0.0000     0.0806    97.4981     0.0010     4.5507   25.04157    1.70003     73.987    26.1734    26.1734    1478.66         11      31917          4  0.000e+00
  430454994     70.108     70.714   3.408715   3.408533    33.4529    33.4520     7.2006     7.1996     7.1941     7.1931     0.0000     0.0000     0.0806    97.4981     0.0010     4.5507   25.02599    1.69897     73.941    26.1736    26.1730    1478.66         11      31918          4  0.000e+00
  430454994     70.177     70.783   3.408722   3.408559    33.4530    33.4522     7.2006     7.1996     7.1941     7.1931     0.0000     0.0000     0.0794    97.4981     0.0010     4.5507   25.01094    1.69795     73.896    26.1737    26.1732    1478.66         11      31919          4  0.000e+00
  430454994     70.158     70.765   3.408742   3.408559    33.4531    33.4522     7.2007     7.1996     7.1942     7.1931     0.0000     0.0000     0.0794    97.4981     0.0010     4.5507   25.00753    1.69771     73.886    26.1737    26.1732    1478.66         11      31920          4  0.000e+00
  430454994     70.108     70.714   3.408709   3.408553    33.4528    33.4521     7.2007     7.1996     7.1942     7.1931     0.0000     0.0000     0.0794    97.4981     0.0010     4.5507   25.00451    1.69751     73.877    26.1735    26.1731    1478.66         11      31921          4  0.000e+00
  430454994     70.108     70.714   3.408715   3.408527    33.4528    33.4519     7.2007     7.1996     7.1942     7.1931     0.0000     0.0000     0.0794    97.4981     0.0010     4.5507   24.99018    1.69654     73.835    26.1735    26.1729    1478.66         11      31922          4  0.000e+00
  430454994     70.083     70.689   3.408722   3.408521    33.4532    33.4518     7.2005     7.1996     7.1940     7.1931     0.0000     0.0000     0.0781    97.4981     0.0010     4.5507   25.05415    1.70089     74.024    26.1738    26.1729    1478.66         11      31923          4  0.000e+00
  430454994     70.064     70.670   3.408735   3.408540    33.4532    33.4519     7.2006     7.1997     7.1941     7.1932     0.0000     0.0000     0.0794    97.4981     0.0010     4.5507   25.06315    1.70149     74.050    26.1738    26.1729    1478.66         11      31924          4  0.000e+00
  430454994     70.108     70.714   3.408722   3.408527    33.4529    33.4520     7.2007     7.1995     7.1942     7.1930     0.0000     0.0000     0.0781    97.4981     0.0010     4.5507   25.07236    1.70211     74.078    26.1736    26.1730    1478.66         11      31925          4  0.000e+00
  430454994     70.021     70.626   3.408702   3.408521    33.4527    33.4519     7.2007     7.1996     7.1942     7.1931     0.0000     0.0000     0.0781    97.4981     0.0010     4.5507   25.08115    1.70271     74.104    26.1734    26.1729    1478.66         11      31926          4  0.000e+00
  430454994     70.083     70.689   3.408735   3.408540    33.4534    33.4522     7.2004     7.1995     7.1939     7.1930     0.0000     0.0000     0.0794    97.4981     0.0010     4.5507   25.09043    1.70335     74.131    26.1740    26.1732    1478.66         11      31927          4  0.000e+00
  430454994     70.021     70.626   3.408709   3.408553    33.4528    33.4521     7.2007     7.1997     7.1942     7.1932     0.0000     0.0000     0.0794    97.5505     0.0010     4.5531   25.09929    1.70394     74.157    26.1735    26.1731    1478.66         11      31928          4  0.000e+00
  430454994     70.065     70.670   3.408715   3.408553    33.4530    33.4525     7.2006     7.1993     7.1941     7.1928     0.0000     0.0000     0.0794    97.5505     0.0010     4.5531   25.04208    1.70006     73.988    26.1736    26.1734    1478.66         11      31929          4  0.000e+00
