ROS/FK009A_CTD029_20130824.ros
* Sea-Bird SBE 9 Data File:
* FileName = C:\Falkor-Data-2013\FK009A\CTD\FK009A_CTD029_20130824.hex
* Software Version Seasave V 7.21f
* Temperature SN = 5483
* Conductivity SN = 3916
* Number of Bytes Per Scan = 41
* Number of Voltage Words = 4
* Number of Scans Averaged by the Deck Unit = 1
* NMEA Latitude = 48 06.59 N
* NMEA Longitude = 125 15.03 W
* NMEA UTC (Time) = Aug 24 2013 06:23:34
* NMEA baud rate = 4800
** Ship: RV Falkor
** Station: RD02
** Operator: CPeazy
# nquan = 27
# nvalues = 588                                   
# units = specified
# name 0 = timeQ: Time, NMEA [seconds]
# name 1 = depSM: Depth [salt water, m]
# name 2 = prDM: Pressure, Digiquartz [db]
# name 3 = c0S/m: Conductivity [S/m]
# name 4 = c1S/m: Conductivity, 2 [S/m]
# name 5 = sal00: Salinity, Practical [PSU]
# name 6 = sal11: Salinity, Practical, 2 [PSU]
# name 7 = t090C: Temperature [ITS-90, deg C]
# name 8 = t190C: Temperature, 2 [ITS-90, deg C]
# name 9 = potemp090C: Potential Temperature [ITS-90, deg C]
# name 10 = potemp190C: Potential Temperature, 2 [ITS-90, deg C]
# name 11 = v2: Voltage 2
# name 12 = v3: Voltage 3
# name 13 = v0: Voltage 0
# name 14 = CStarTr0: Beam Transmission, WET Labs C-Star [%]
# name 15 = CStarAt0: Beam Attenuation, WET Labs C-Star [1/m]
# name 16 = v5: Voltage 5
# name 17 = sbeox0PS: Oxygen, SBE 43 [% saturation]
# name 18 = sbeox0ML/L: Oxygen, SBE 43 [ml/l]
# name 19 = sbeox0Mm/Kg: Oxygen, SBE 43 [umol/Kg]
# name 20 = sigma-é00: Density [sigma-theta, Kg/m^3]
# name 21 = sigma-é11: Density, 2 [sigma-theta, Kg/m^3]
# name 22 = svCM: Sound Velocity [Chen-Millero, m/s]
# name 23 = modError: Modulo Error Count
# name 24 = scan: Scan Count
# name 25 = nbf: Bottles Fired
# name 26 = flag:  0.000e+00
# interval = seconds: 0.0416667
# start_time = Aug 24 2013 06:23:34 [NMEA time, first data scan]
# bad_flag = -9.990e-29
*END*
[from data line 484]
  430642600     29.913     30.169   3.426163   3.426341    32.8646    32.8635     8.0348     8.0380     8.0319     8.0351     0.0000     0.0000     0.1526    96.6087     0.0014     4.5092   52.36046    3.50135    152.468    25.5924    25.5911    1480.46          6      47621         10  0.000e+00
  430642600     29.869     30.125   3.426110   3.426296    32.8646    32.8637     8.0343     8.0373     8.0313     8.0344     0.0000     0.0000     0.1526    96.6087     0.0014     4.5092   52.29928    3.49730    152.292    25.5925    25.5913    1480.45          6      47622         10  0.000e+00
  430642600     29.869     30.125   3.425958   3.426270    32.8641    32.8634     8.0330     8.0373     8.0301     8.0344     0.0000     0.0000     0.1526    96.6087     0.0014     4.5092   52.29259    3.49696    152.277    25.5923    25.5912    1480.45          6      47623         10  0.000e+00
  430642600     29.869     30.125   3.425812   3.426232    32.8658    32.8628     8.0296     8.0375     8.0267     8.0346     0.0000     0.0000     0.1526    96.6087     0.0014     4.5092   52.27430    3.49597    152.234    25.5941    25.5907    1480.44          6      47624         10  0.000e+00
  430642600     29.869     30.125   3.425693   3.426122    32.8666    32.8617     8.0273     8.0375     8.0244     8.0346     0.0000     0.0000     0.1526    96.6087     0.0014     4.5092   52.18955    3.49046    151.994    25.5951    25.5897    1480.43          6      47625         10  0.000e+00
  430642600     29.869     30.125   3.425593   3.425954    32.8671    32.8606     8.0258     8.0367     8.0228     8.0338     0.0000     0.0000     0.1526    96.6087     0.0014     4.5092   52.17020    3.48928    151.942    25.5957    25.5890    1480.42          6      47626         10  0.000e+00
  430642684     21.336     21.518   3.777605   3.785832    32.2325    32.2307    12.6881    12.7816    12.6853    12.7788     0.0000     0.0000     0.7399    84.1304     0.0069     3.9267  104.08269    6.31771    275.452    24.3109    24.2914    1496.22          7      49631         11  0.000e+00
  430642684     21.430     21.612   3.777509   3.789381    32.2357    32.2237    12.6833    12.8292    12.6805    12.8263     0.0000     0.0000     0.7411    84.1304     0.0069     3.9267  104.05501    6.31654    275.400    24.3142    24.2768    1496.21          7      49632         11  0.000e+00
  430642684     21.380     21.562   3.777764   3.791333    32.2308    32.2175    12.6919    12.8582    12.6891    12.8553     0.0000     0.0000     0.7411    84.1304     0.0069     3.9267  104.09201    6.31784    275.459    24.3087    24.2663    1496.23          7      49633         11  0.000e+00
  430642684     21.430     21.612   3.777392   3.790816    32.2299    32.2168    12.6888    12.8532    12.6860    12.8503     0.0000     0.0000     0.7411    84.1304     0.0069     3.9267  104.00968    6.31329    275.260    24.3087    24.2668    1496.22          7      49634         11  0.000e+00
  430642684     21.380     21.562   3.777330   3.791534    32.2300    32.2144    12.6879    12.8640    12.6851    12.8611     0.0000     0.0000     0.7411    84.1042     0.0069     3.9255  103.98518    6.31191    275.200    24.3089    24.2628    1496.22          7      49635         11  0.000e+00
  430642684     21.430     21.612   3.778459   3.793071    32.2363    32.2180    12.6932    12.8768    12.6903    12.8740     0.0000     0.0000     0.7411    84.1042     0.0069     3.9255  103.96699    6.30987    275.110    24.3128    24.2631    1496.24          7      49636         11  0.000e+00
  430642684     21.430     21.612   3.781068   3.794058    32.2401    32.2208    12.7177    12.8844    12.7149    12.8816     0.0000     0.0000     0.7411    84.1042     0.0069     3.9255  103.94341    6.30507    274.901    24.3110    24.2638    1496.33          7      49637         11  0.000e+00
  430642684     21.430     21.612   3.784684   3.795669    32.2428    32.2223    12.7546    12.9006    12.7518    12.8978     0.0000     0.0000     0.7424    84.1042     0.0069     3.9255  103.92475    6.29900    274.638    24.3060    24.2618    1496.46          7      49638         11  0.000e+00
  430642684     21.380     21.562   3.788184   3.796361    32.2374    32.2168    12.7998    12.9148    12.7970    12.9119     0.0000     0.0000     0.7411    84.1042     0.0069     3.9255  103.90203    6.29192    274.333    24.2930    24.2548    1496.60          7      49639         11  0.000e+00
  430642684     21.380     21.562   3.789004   3.795609    32.2270    32.2122    12.8211    12.9119    12.8183    12.9090     0.0000     0.0000     0.7411    84.1042     0.0069     3.9255  103.87892    6.28815    274.172    24.2809    24.2518    1496.66          7      49640         11  0.000e+00
  430642684     21.380     21.562   3.788431   3.794266    32.2196    32.2083    12.8235    12.9015    12.8207    12.8986     0.0000     0.0000     0.7411    84.1042     0.0069     3.9255  103.85429    6.28664    274.107    24.2746    24.2508    1496.66          7      49641         11  0.000e+00
  430642684     21.380     21.562   3.788052   3.791944    32.2185    32.2081    12.8206    12.8760    12.8178    12.8732     0.0000     0.0000     0.7411    84.1042     0.0069     3.9255  103.71029    6.27834    273.746    24.2743    24.2555    1496.65          7      49642         11  0.000e+00
  430642684     21.430     21.613   3.789272   3.789890    32.2253    32.2156    12.8261    12.8443    12.8232    12.8414     0.0000     0.0000     0.7399    84.1042     0.0069     3.9255  103.67317    6.27511    273.604    24.2786    24.2676    1496.68          7      49643         11  0.000e+00
  430642684     21.336     21.518   3.791595   3.792441    32.2236    32.2285    12.8539    12.8575    12.8511    12.8547     0.0000     0.0000     0.7424    84.1042     0.0069     3.9255  103.63993    6.26954    273.363    24.2719    24.2750    1496.77          7      49644         11  0.000e+00
  430642684     21.380     21.562   3.792760   3.797100    32.2188    32.2276    12.8725    12.9103    12.8696    12.9075     0.0000     0.0000     0.7411    84.1042     0.0069     3.9255  103.58082    6.26374    273.112    24.2645    24.2640    1496.83          7      49645         11  0.000e+00
  430642685     21.380     21.562   3.793711   3.799645    32.2218    32.2225    12.8795    12.9445    12.8766    12.9416     0.0000     0.0000     0.7411    84.1042     0.0069     3.9255  103.52837    6.25954    272.928    24.2655    24.2534    1496.85          7      49646         11  0.000e+00
  430642685     21.324     21.506   3.796545   3.802077    32.2150    32.2228    12.9189    12.9712    12.9161    12.9683     0.0000     0.0000     0.7411    84.1042     0.0069     3.9255  103.47127    6.25124    272.570    24.2526    24.2484    1496.98          7      49647         11  0.000e+00
  430642685     21.336     21.518   3.799587   3.804294    32.2091    32.2198    12.9596    12.9992    12.9568    12.9963     0.0000     0.0000     0.7411    84.1042     0.0069     3.9255  103.42203    6.24323    272.224    24.2401    24.2407    1497.11          7      49648         11  0.000e+00
  430642685     21.336     21.518   3.799008   3.806525    32.2011    32.2248    12.9626    13.0181    12.9598    13.0152     0.0000     0.0000     0.7485    84.1042     0.0069     3.9255  103.37292    6.24019    272.093    24.2333    24.2408    1497.11          7      49649         11  0.000e+00
  430642685     21.293     21.474   3.795869   3.810929    32.2020    32.2333    12.9267    13.0569    12.9239    13.0541     0.0000     0.0000     0.7546    84.1042     0.0069     3.9255  103.26937    6.23854    272.019    24.2410    24.2398    1496.99          7      49650         11  0.000e+00
  430642685     21.293     21.474   3.794670   3.814473    32.2101    32.2232    12.9039    13.1080    12.9011    13.1052     0.0000     0.0000     0.7546    84.1042     0.0069     3.9255  103.21887    6.23813    271.998    24.2517    24.2220    1496.92          7      49651         11  0.000e+00
  430642685     21.243     21.424   3.796614   3.815933    32.2188    32.2115    12.9153    13.1381    12.9125    13.1352     0.0000     0.0000     0.7546    84.1042     0.0069     3.9255  103.16504    6.23306    271.776    24.2562    24.2069    1496.97          7      49652         11  0.000e+00
  430642685     21.293     21.474   3.799932   3.817023    32.2215    32.2085    12.9489    13.1536    12.9460    13.1508     0.0000     0.0000     0.7534    84.1042     0.0069     3.9255  103.11061    6.22533    271.440    24.2518    24.2016    1497.09          7      49653         11  0.000e+00
  430642685     21.243     21.424   3.802610   3.816047    32.2195    32.1947    12.9810    13.1591    12.9781    13.1562     0.0000     0.0000     0.7546    84.0519     0.0069     3.9231  103.06298    6.21840    271.140    24.2439    24.1899    1497.19          7      49654         11  0.000e+00
  430642685     21.243     21.424   3.803810   3.813000    32.2159    32.1851    12.9985    13.1367    12.9957    13.1338     0.0000     0.0000     0.7546    83.9734     0.0070     3.9194  102.96201    6.21019    270.784    24.2378    24.1868    1497.24          7      49655         11  0.000e+00
  430642685     21.199     21.380   3.804155   3.810585    32.2124    32.1874    13.0065    13.1072    13.0036    13.1043     0.0000     0.0000     0.7546    83.9473     0.0070     3.9182  102.91516    6.20648    270.623    24.2335    24.1944    1497.27          7      49656         11  0.000e+00
  430642685     21.243     21.424   3.804659   3.808817    32.2119    32.1924    13.0126    13.0817    13.0097    13.0789     0.0000     0.0000     0.7546    83.9473     0.0070     3.9182  102.86954    6.20296    270.470    24.2319    24.2032    1497.29          7      49657         11  0.000e+00
  430642685     21.199     21.380   3.805854   3.807694    32.2131    32.2008    13.0245    13.0594    13.0216    13.0566     0.0000     0.0000     0.7546    83.9473     0.0070     3.9182  102.82265    6.19856    270.279    24.2305    24.2141    1497.33          7      49658         11  0.000e+00
  430642685     21.199     21.380   3.808215   3.809483    32.2134    32.2138    13.0503    13.0639    13.0475    13.0610     0.0000     0.0000     0.7546    83.9473     0.0070     3.9182  102.78492    6.19297    270.036    24.2257    24.2233    1497.41          7      49659         11  0.000e+00
  430642685     21.149     21.330   3.810452   3.813283    32.2157    32.2194    13.0724    13.0994    13.0696    13.0965     0.0000     0.0000     0.7546    83.9473     0.0070     3.9182  102.74709    6.18777    269.810    24.2231    24.2207    1497.49          7      49660         11  0.000e+00
  430642685     21.199     21.380   3.812511   3.817582    32.2169    32.2186    13.0938    13.1480    13.0910    13.1451     0.0000     0.0000     0.7546    83.9473     0.0070     3.9182  102.65708    6.17957    269.453    24.2198    24.2105    1497.56          7      49661         11  0.000e+00
  430642685     21.106     21.286   3.814507   3.820933    32.2164    32.2151    13.1166    13.1892    13.1137    13.1863     0.0000     0.0000     0.7546    83.9473     0.0070     3.9182  102.62061    6.17449    269.233    24.2150    24.1997    1497.64          7      49662         11  0.000e+00
  430642685     21.149     21.330   3.816477   3.822872    32.2138    32.2081    13.1414    13.2189    13.1385    13.2161     0.0000     0.0000     0.7534    83.9473     0.0070     3.9182  102.64982    6.17318    269.178    24.2081    24.1884    1497.72          7      49663         11  0.000e+00
  430642685     21.106     21.286   3.817652   3.824030    32.2106    32.2027    13.1582    13.2381    13.1554    13.2353     0.0000     0.0000     0.7534    83.9473     0.0070     3.9182  102.56174    6.16586    268.860    24.2023    24.1804    1497.77          7      49664         11  0.000e+00
  430642685     21.106     21.286   3.818640   3.825033    32.2092    32.2002    13.1708    13.2522    13.1679    13.2493     0.0000     0.0000     0.7546    83.9473     0.0070     3.9182  102.52970    6.16239    268.710    24.1987    24.1757    1497.81          7      49665         11  0.000e+00
  430642685     21.062     21.242   3.819905   3.825922    32.2075    32.1996    13.1868    13.2628    13.1839    13.2599     0.0000     0.0000     0.7546    83.9473     0.0070     3.9182  102.44421    6.15528    268.401    24.1943    24.1731    1497.86          7      49666         11  0.000e+00
  430642685     21.062     21.242   3.820769   3.826677    32.2053    32.1988    13.1991    13.2721    13.1962    13.2693     0.0000     0.0000     0.7546    83.9473     0.0070     3.9182  102.41543    6.15209    268.263    24.1901    24.1706    1497.90          7      49667         11  0.000e+00
  430642685     21.062     21.242   3.821558   3.827081    32.2082    32.1967    13.2044    13.2791    13.2015    13.2762     0.0000     0.0000     0.7546    83.9473     0.0070     3.9182  102.38852    6.14968    268.158    24.1913    24.1676    1497.92          7      49668         11  0.000e+00
  430642685     21.012     21.191   3.822623   3.827236    32.2064    32.1949    13.2183    13.2829    13.2154    13.2800     0.0000     0.0000     0.7534    83.9473     0.0070     3.9182  102.37151    6.14697    268.040    24.1872    24.1655    1497.96          7      49669         11  0.000e+00
  430642686     21.062     21.242   3.823895   3.827202    32.2069    32.1939    13.2318    13.2837    13.2289    13.2809     0.0000     0.0000     0.7546    83.9473     0.0070     3.9182  102.35792    6.14442    267.930    24.1849    24.1645    1498.01          7      49670         11  0.000e+00
  430642686     20.969     21.147   3.825216   3.827209    32.2054    32.1941    13.2482    13.2835    13.2454    13.2807     0.0000     0.0000     0.7546    83.9473     0.0070     3.9182  102.40735    6.14536    267.972    24.1805    24.1648    1498.06          7      49671         11  0.000e+00
  430642686     21.012     21.191   3.826178   3.827249    32.2023    32.1942    13.2625    13.2839    13.2596    13.2810     0.0000     0.0000     0.7546    83.9473     0.0070     3.9182  102.40605    6.14360    267.897    24.1753    24.1648    1498.11          7      49672         11  0.000e+00
  430642686     20.969     21.147   3.826600   3.827404    32.1994    32.1944    13.2706    13.2854    13.2678    13.2825     0.0000     0.0000     0.7546    83.9473     0.0070     3.9182  102.34269    6.13888    267.692    24.1714    24.1646    1498.13          7      49673         11  0.000e+00
  430642686     20.925     21.103   3.826482   3.827283    32.1978    32.1934    13.2712    13.2852    13.2684    13.2824     0.0000     0.0000     0.7460    83.9996     0.0070     3.9206  102.26425    6.13416    267.486    24.1700    24.1639    1498.13          7      49674         11  0.000e+00
  430642686     20.925     21.103   3.825866   3.826939    32.1939    32.1937    13.2690    13.2811    13.2661    13.2782     0.0000     0.0000     0.7143    84.2350     0.0069     3.9316  102.30551    6.13707    267.614    24.1675    24.1650    1498.12          7      49675         11  0.000e+00
  430642686     20.913     21.091   3.825347   3.826421    32.1905    32.1939    13.2673    13.2751    13.2645    13.2723     0.0000     0.0000     0.7021    84.3135     0.0068     3.9353  102.30289    6.13725    267.623    24.1652    24.1663    1498.11          7      49676         11  0.000e+00
