ROS/FK009A_CTD019_20130822.ros
* Sea-Bird SBE 9 Data File:
* FileName = C:\Falkor-Data-2013\FK009A\CTD\FK009A_CTD019_20130822.hex
* Software Version Seasave V 7.21f
* Temperature SN = 5483
* Conductivity SN = 3916
* Number of Bytes Per Scan = 41
* Number of Voltage Words = 4
* Number of Scans Averaged by the Deck Unit = 1
* NMEA Latitude = 48 00.28 N
* NMEA Longitude = 125 21.83 W
* NMEA UTC (Time) = Aug 22 2013 00:31:45
* NMEA baud rate = 4800
** Ship: RV Falkor
** Station: RD01
** Operator: CP
# nquan = 27
# nvalues = 196                                   
# units = specified
# name 0 = timeQ: Time, NMEA [seconds]
# name 1 = depSM: Depth [salt water, m]
# name 2 = prDM: Pressure, Digiquartz [db]
# name 3 = c0S/m: Conductivity [S/m]
# name 4 = c1S/m: Conductivity, 2 [S/m]
# name 5 = sal00: Salinity, Practical [PSU]
# name 6 = sal11: Salinity, Practical, 2 [PSU]
# name 7 = t090C: Temperature [ITS-90, deg C]
# name 8 = t190C: Temperature, 2 [ITS-90, deg C]
# name 9 = potemp090C: Potential Temperature [ITS-90, deg C]
# name 10 = potemp190C: Potential Temperature, 2 [ITS-90, deg C]
# name 11 = v2: Voltage 2
# name 12 = v3: Voltage 3
# name 13 = v0: Voltage 0
# name 14 = CStarTr0: Beam Transmission, WET Labs C-Star [%]
# name 15 = CStarAt0: Beam Attenuation, WET Labs C-Star [1/m]
# name 16 = v5: Voltage 5
# name 17 = sbeox0PS: Oxygen, SBE 43 [% saturation]
# name 18 = sbeox0ML/L: Oxygen, SBE 43 [ml/l]
# name 19 = sbeox0Mm/Kg: Oxygen, SBE 43 [umol/Kg]
# name 20 = sigma-é00: Density [sigma-theta, Kg/m^3]
# name 21 = sigma-é11: Density, 2 [sigma-theta, Kg/m^3]
# name 22 = svCM: Sound Velocity [Chen-Millero, m/s]
# name 23 = modError: Modulo Error Count
# name 24 = scan: Scan Count
# name 25 = nbf: Bottles Fired
# name 26 = flag:  0.000e+00
# interval = seconds: 0.0416667
# start_time = Aug 22 2013 00:31:46 [NMEA time, first data scan]
# bad_flag = -9.990e-29
*END*
[from data line 162]
  430449009     71.442     72.059   3.394883   3.394607    33.1956    33.1940     7.3109     7.3094     7.3042     7.3028     0.0000     0.0000     0.0781   100.3496    -0.0001     4.6838   62.76376    4.25738    185.324    25.9559    25.9549    1478.78          1      55295          4  0.000e+00
  430449009     71.374     71.990   3.394876   3.394575    33.1954    33.1938     7.3110     7.3093     7.3044     7.3027     0.0000     0.0000     0.0794   100.3496    -0.0001     4.6838   62.75891    4.25704    185.309    25.9557    25.9547    1478.78          1      55296          4  0.000e+00
  430449009     71.423     72.041   3.394870   3.394568    33.1952    33.1937     7.3112     7.3093     7.3045     7.3026     0.0000     0.0000     0.0794   100.3496    -0.0001     4.6838   62.75359    4.25667    185.293    25.9555    25.9547    1478.79          1      55297          4  0.000e+00
  430449009     71.423     72.041   3.394850   3.394587    33.1953    33.1941     7.3109     7.3091     7.3042     7.3024     0.0000     0.0000     0.0794   100.3496    -0.0001     4.6838   62.74651    4.25622    185.274    25.9556    25.9550    1478.78          1      55298          4  0.000e+00
  430449009     71.442     72.059   3.394863   3.394620    33.1955    33.1943     7.3107     7.3093     7.3040     7.3026     0.0000     0.0000     0.0794   100.3496    -0.0001     4.6838   62.80449    4.26016    185.445    25.9559    25.9551    1478.78          1      55299          4  0.000e+00
  430449010     71.423     72.041   3.394870   3.394652    33.1956    33.1945     7.3107     7.3094     7.3040     7.3028     0.0000     0.0000     0.0781   100.3496    -0.0001     4.6838   62.81717    4.26102    185.483    25.9560    25.9552    1478.78          1      55300          4  0.000e+00
  430449010     71.423     72.041   3.394870   3.394703    33.1955    33.1951     7.3109     7.3094     7.3042     7.3028     0.0000     0.0000     0.0781   100.3496    -0.0001     4.6838   62.76218    4.25727    185.320    25.9558    25.9557    1478.78          1      55301          4  0.000e+00
  430449010     71.467     72.085   3.394830   3.394677    33.1950    33.1947     7.3109     7.3095     7.3042     7.3028     0.0000     0.0000     0.0794   100.3496    -0.0001     4.6838   62.74971    4.25644    185.284    25.9555    25.9554    1478.78          1      55302          4  0.000e+00
  430449010     71.392     72.009   3.394883   3.394684    33.1956    33.1949     7.3109     7.3094     7.3042     7.3028     0.0000     0.0000     0.0781   100.3496    -0.0001     4.6838   62.74672    4.25622    185.274    25.9559    25.9555    1478.78          1      55303          4  0.000e+00
  430449010     71.467     72.085   3.394903   3.394645    33.1958    33.1943     7.3109     7.3096     7.3042     7.3029     0.0000     0.0000     0.0781   100.3496    -0.0001     4.6838   62.81038    4.26053    185.462    25.9561    25.9550    1478.79          1      55304          4  0.000e+00
  430449010     71.424     72.041   3.394903   3.394652    33.1958    33.1944     7.3109     7.3096     7.3042     7.3029     0.0000     0.0000     0.0781   100.3496    -0.0001     4.6838   62.73843    4.25565    185.249    25.9561    25.9551    1478.78          1      55305          4  0.000e+00
  430449010     71.486     72.103   3.394909   3.394665    33.1957    33.1946     7.3110     7.3094     7.3044     7.3027     0.0000     0.0000     0.0781   100.3234    -0.0001     4.6825   62.73274    4.25526    185.232    25.9560    25.9553    1478.79          1      55306          4  0.000e+00
  430449010     71.424     72.041   3.394929   3.394665    33.1960    33.1946     7.3110     7.3094     7.3044     7.3028     0.0000     0.0000     0.0781   100.3234    -0.0001     4.6825   62.79147    4.25923    185.405    25.9562    25.9554    1478.79          1      55307          4  0.000e+00
  430449010     71.467     72.085   3.394883   3.394665    33.1956    33.1946     7.3109     7.3094     7.3042     7.3027     0.0000     0.0000     0.0781   100.3234    -0.0001     4.6825   62.79470    4.25948    185.416    25.9559    25.9553    1478.79          1      55308          4  0.000e+00
  430449010     71.467     72.085   3.394890   3.394613    33.1955    33.1943     7.3110     7.3092     7.3044     7.3025     0.0000     0.0000     0.0769   100.3234    -0.0001     4.6825   62.79610    4.25956    185.419    25.9558    25.9551    1478.79          1      55309          4  0.000e+00
  430449010     71.486     72.103   3.394883   3.394620    33.1956    33.1943     7.3109     7.3093     7.3042     7.3026     0.0000     0.0000     0.0781   100.3234    -0.0001     4.6825   62.79627    4.25958    185.420    25.9559    25.9551    1478.79          1      55310          4  0.000e+00
  430449010     71.424     72.041   3.394870   3.394607    33.1953    33.1942     7.3110     7.3093     7.3044     7.3026     0.0000     0.0000     0.0769   100.3234    -0.0001     4.6825   62.79432    4.25944    185.414    25.9557    25.9550    1478.78          1      55311          4  0.000e+00
  430449010     71.517     72.135   3.394850   3.394645    33.1954    33.1945     7.3107     7.3093     7.3040     7.3026     0.0000     0.0000     0.0781   100.3234    -0.0001     4.6825   62.84676    4.26303    185.570    25.9558    25.9553    1478.79          1      55312          4  0.000e+00
  430449010     71.486     72.104   3.394870   3.394665    33.1953    33.1946     7.3110     7.3094     7.3044     7.3027     0.0000     0.0000     0.0781   100.3234    -0.0001     4.6825   62.78628    4.25890    185.390    25.9556    25.9553    1478.79          1      55313          4  0.000e+00
  430449010     71.467     72.085   3.394870   3.394729    33.1956    33.1952     7.3107     7.3096     7.3040     7.3029     0.0000     0.0000     0.0781   100.3234    -0.0001     4.6825   62.77951    4.25846    185.371    25.9559    25.9558    1478.78          1      55314          4  0.000e+00
  430449010     71.517     72.135   3.394870   3.394755    33.1954    33.1952     7.3109     7.3098     7.3042     7.3031     0.0000     0.0000     0.0781   100.3234    -0.0001     4.6825   62.70545    4.25343    185.152    25.9558    25.9558    1478.79          1      55315          4  0.000e+00
  430449010     71.517     72.135   3.394936   3.394774    33.1958    33.1952     7.3112     7.3100     7.3045     7.3034     0.0000     0.0000     0.0781   100.3234    -0.0001     4.6825   62.68498    4.25200    185.090    25.9561    25.9557    1478.79          1      55316          4  0.000e+00
  430449010     71.486     72.104   3.395061   3.394825    33.1966    33.1959     7.3118     7.3099     7.3052     7.3032     0.0000     0.0000     0.0781   100.3234    -0.0001     4.6825   62.74152    4.25575    185.253    25.9566    25.9563    1478.79          1      55317          4  0.000e+00
  430449010     71.467     72.085   3.395088   3.394825    33.1966    33.1953     7.3121     7.3105     7.3055     7.3039     0.0000     0.0000     0.0781   100.3234    -0.0001     4.6825   62.74228    4.25577    185.254    25.9565    25.9557    1478.79          1      55318          4  0.000e+00
  430449010     71.517     72.135   3.395108   3.394857    33.1966    33.1949     7.3123     7.3113     7.3056     7.3046     0.0000     0.0000     0.0781   100.3234    -0.0001     4.6825   62.74267    4.25578    185.255    25.9565    25.9553    1478.79          1      55319          4  0.000e+00
  430449010     71.536     72.154   3.395094   3.394832    33.1969    33.1950     7.3118     7.3108     7.3052     7.3042     0.0000     0.0000     0.0781   100.3234    -0.0001     4.6825   62.73005    4.25496    185.219    25.9568    25.9555    1478.79          1      55320          4  0.000e+00
  430449010     71.517     72.135   3.395048   3.394838    33.1963    33.1954     7.3120     7.3105     7.3053     7.3039     0.0000     0.0000     0.0781   100.3234    -0.0001     4.6825   62.72750    4.25479    185.212    25.9563    25.9558    1478.79          1      55321          4  0.000e+00
  430449010     71.561     72.179   3.395002   3.394825    33.1964    33.1953     7.3113     7.3104     7.3047     7.3038     0.0000     0.0000     0.0769   100.3234    -0.0001     4.6825   62.72461    4.25465    185.206    25.9565    25.9558    1478.79          1      55322          4  0.000e+00
  430449010     71.561     72.179   3.394969   3.394793    33.1962    33.1952     7.3112     7.3102     7.3045     7.3035     0.0000     0.0000     0.0781   100.3234    -0.0001     4.6825   62.78672    4.25889    185.390    25.9563    25.9557    1478.79          1      55323          4  0.000e+00
  430449011     71.536     72.154   3.394962   3.394787    33.1961    33.1948     7.3112     7.3105     7.3045     7.3039     0.0000     0.0000     0.0781   100.3234    -0.0001     4.6825   62.79221    4.25926    185.406    25.9563    25.9554    1478.79          1      55324          4  0.000e+00
  430449011     71.561     72.179   3.394923   3.394806    33.1958    33.1954     7.3110     7.3102     7.3044     7.3035     0.0000     0.0000     0.0781   100.3234    -0.0001     4.6825   62.78483    4.25879    185.385    25.9561    25.9558    1478.79          1      55325          4  0.000e+00
  430449011     71.561     72.179   3.394929   3.394954    33.1959    33.1965     7.3110     7.3107     7.3044     7.3040     0.0000     0.0000     0.0769   100.3234    -0.0001     4.6825   62.78721    4.25894    185.392    25.9561    25.9566    1478.79          1      55326          4  0.000e+00
  430449011     71.536     72.154   3.394936   3.395179    33.1960    33.1974     7.3110     7.3123     7.3044     7.3056     0.0000     0.0000     0.0781   100.3234    -0.0001     4.6825   62.79983    4.25980    185.430    25.9562    25.9571    1478.79          1      55327          4  0.000e+00
  430449011     71.605     72.223   3.394956   3.395288    33.1962    33.1977     7.3110     7.3132     7.3044     7.3065     0.0000     0.0000     0.0781   100.3234    -0.0001     4.6825   62.74590    4.25614    185.270    25.9563    25.9572    1478.79          1      55328          4  0.000e+00
