ROS/FK009A_CTD007_20130820.ros
* Sea-Bird SBE 9 Data File:
* FileName = C:\Falkor-Data-2013\FK009A\CTD\FK009A_CTD007_20130820.hex
* Software Version Seasave V 7.21f
* Temperature SN = 5483
* Conductivity SN = 3916
* Number of Bytes Per Scan = 41
* Number of Voltage Words = 4
* Number of Scans Averaged by the Deck Unit = 1
* NMEA Latitude = 48 22.51 N
* NMEA Longitude = 125 56.25 W
* NMEA UTC (Time) = Aug 20 2013 01:53:03
* NMEA baud rate = 4800
** Ship:
** Station: BCC3
** Operator:
# nquan = 27
# nvalues = 637                                   
# units = specified
# name 0 = timeQ: Time, NMEA [seconds]
# name 1 = depSM: Depth [salt water, m]
# name 2 = prDM: Pressure, Digiquartz [db]
# name 3 = c0S/m: Conductivity [S/m]
# name 4 = c1S/m: Conductivity, 2 [S/m]
# name 5 = sal00: Salinity, Practical [PSU]
# name 6 = sal11: Salinity, Practical, 2 [PSU]
# name 7 = t090C: Temperature [ITS-90, deg C]
# name 8 = t190C: Temperature, 2 [ITS-90, deg C]
# name 9 = potemp090C: Potential Temperature [ITS-90, deg C]
# name 10 = potemp190C: Potential Temperature, 2 [ITS-90, deg C]
# name 11 = v2: Voltage 2
# name 12 = v3: Voltage 3
# name 13 = v0: Voltage 0
# name 14 = CStarTr0: Beam Transmission, WET Labs C-Star [%]
# name 15 = CStarAt0: Beam Attenuation, WET Labs C-Star [1/m]
# name 16 = v5: Voltage 5
# name 17 = sbeox0PS: Oxygen, SBE 43 [% saturation]
# name 18 = sbeox0ML/L: Oxygen, SBE 43 [ml/l]
# name 19 = sbeox0Mm/Kg: Oxygen, SBE 43 [umol/Kg]
# name 20 = sigma-é00: Density [sigma-theta, Kg/m^3]
# name 21 = sigma-é11: Density, 2 [sigma-theta, Kg/m^3]
# name 22 = svCM: Sound Velocity [Chen-Millero, m/s]
# name 23 = modError: Modulo Error Count
# name 24 = scan: Scan Count
# name 25 = nbf: Bottles Fired
# name 26 = flag:  0.000e+00
# interval = seconds: 0.0416667
# start_time = Aug 20 2013 01:53:03 [NMEA time, first data scan]
# bad_flag = -9.990e-29
*END*
  430279669    596.073    602.012   3.299064   3.298888    34.1237    34.1229     5.0265     5.0253     4.9783     4.9771     3.3223     0.6923     0.0781    97.1581     0.0012     4.5348    7.59191    0.53981     23.475    26.9830    26.9825    1479.61          0      21261          1  0.000e+00
  430279669    595.978    601.916   3.299071   3.298850    34.1236    34.1226     5.0267     5.0253     4.9786     4.9771     3.3236     0.6947     0.0794    97.1581     0.0012     4.5348    7.58549    0.53935     23.455    26.9829    26.9822    1479.60          0      21262          1  0.000e+00
  430279669    596.060    601.999   3.299104   3.298837    34.1240    34.1224     5.0267     5.0253     4.9785     4.9771     3.3223     0.6935     0.0794    97.2104     0.0011     4.5372    7.57989    0.53895     23.437    26.9832    26.9821    1479.61          0      21263          1  0.000e+00
  430279669    596.123    602.062   3.299084   3.298857    34.1239    34.1226     5.0265     5.0253     4.9783     4.9771     3.3236     0.6935     0.0781    97.2365     0.0011     4.5385    7.63364    0.54278     23.604    26.9832    26.9822    1479.61          0      21264          1  0.000e+00
  430279669    596.029    601.967   3.299097   3.298844    34.1239    34.1228     5.0267     5.0250     4.9785     4.9768     3.3223     0.6923     0.0781    97.2365     0.0011     4.5385    7.56849    0.53814     23.402    26.9831    26.9824    1479.61          0      21265          1  0.000e+00
  430279669    596.073    602.012   3.299110   3.298857    34.1239    34.1227     5.0268     5.0251     4.9787     4.9770     3.3236     0.6923     0.0781    97.2365     0.0011     4.5385    7.56347    0.53778     23.386    26.9831    26.9824    1479.61          0      21266          1  0.000e+00
  430279669    596.167    602.107   3.299084   3.298888    34.1239    34.1229     5.0265     5.0253     4.9783     4.9771     3.3236     0.6935     0.0794    97.2365     0.0011     4.5385    7.61789    0.54166     23.555    26.9832    26.9825    1479.61          0      21267          1  0.000e+00
  430279669    596.073    602.012   3.299078   3.298869    34.1237    34.1229     5.0267     5.0251     4.9785     4.9770     3.3236     0.6935     0.0781    97.2365     0.0011     4.5385    7.68664    0.54654     23.767    26.9829    26.9825    1479.61          0      21268          1  0.000e+00
  430279669    596.123    602.062   3.299104   3.298844    34.1242    34.1226     5.0265     5.0251     4.9783     4.9770     3.3223     0.6947     0.0794    97.2365     0.0011     4.5385    7.71071    0.54826     23.842    26.9833    26.9822    1479.61          0      21269          1  0.000e+00
  430279669    596.167    602.107   3.299084   3.298857    34.1241    34.1224     5.0263     5.0254     4.9782     4.9773     3.3223     0.6923     0.0781    97.2365     0.0011     4.5385    7.65961    0.54462     23.684    26.9833    26.9820    1479.61          0      21270          1  0.000e+00
  430279669    596.167    602.107   3.299078   3.298882    34.1238    34.1228     5.0265     5.0253     4.9784     4.9771     3.3223     0.6923     0.0781    97.2365     0.0011     4.5385    7.66782    0.54521     23.709    26.9830    26.9824    1479.61          0      21271          1  0.000e+00
  430279669    596.217    602.158   3.299104   3.298895    34.1241    34.1229     5.0265     5.0253     4.9783     4.9771     3.3223     0.6935     0.0794    97.2365     0.0011     4.5385    7.67609    0.54579     23.735    26.9833    26.9825    1479.61          0      21272          1  0.000e+00
  430279669    596.249    602.190   3.299065   3.298869    34.1235    34.1228     5.0267     5.0251     4.9785     4.9770     3.3223     0.6935     0.0781    97.2365     0.0011     4.5385    7.68434    0.54638     23.760    26.9828    26.9824    1479.61          0      21273          1  0.000e+00
  430279669    596.167    602.107   3.299071   3.298882    34.1237    34.1228     5.0265     5.0253     4.9784     4.9771     3.3223     0.6935     0.0781    97.2365     0.0011     4.5385    7.69248    0.54696     23.785    26.9830    26.9824    1479.61          0      21274          1  0.000e+00
  430279670    596.261    602.202   3.299078   3.298857    34.1240    34.1225     5.0263     5.0253     4.9781     4.9771     3.3236     0.6947     0.0781    97.2627     0.0011     4.5397    7.70080    0.54755     23.811    26.9832    26.9821    1479.61          0      21275          1  0.000e+00
  430279670    596.312    602.253   3.299078   3.298882    34.1236    34.1227     5.0267     5.0253     4.9785     4.9771     3.3236     0.6923     0.0781    97.2365     0.0011     4.5385    7.72486    0.54926     23.886    26.9829    26.9824    1479.61          0      21276          1  0.000e+00
  430279670    596.312    602.253   3.299104   3.298869    34.1241    34.1226     5.0265     5.0253     4.9783     4.9771     3.3223     0.6935     0.0794    97.2365     0.0011     4.5385    7.73371    0.54989     23.913    26.9833    26.9822    1479.61          0      21277          1  0.000e+00
  430279670    596.312    602.253   3.299065   3.298888    34.1236    34.1230     5.0265     5.0251     4.9784     4.9770     3.3223     0.6935     0.0781    97.2365     0.0011     4.5385    7.72676    0.54940     23.891    26.9829    26.9826    1479.61          0      21278          1  0.000e+00
  430279670    596.356    602.298   3.299117   3.298895    34.1239    34.1232     5.0268     5.0250     4.9786     4.9768     3.3223     0.6935     0.0781    97.2627     0.0011     4.5397    7.64468    0.54356     23.637    26.9831    26.9828    1479.61          0      21279          1  0.000e+00
  430279670    596.400    602.342   3.299123   3.298895    34.1244    34.1227     5.0263     5.0254     4.9781     4.9773     3.3223     0.6923     0.0769    97.2365     0.0011     4.5385    7.69652    0.54725     23.798    26.9836    26.9823    1479.61          0      21280          1  0.000e+00
  430279670    596.400    602.342   3.299084   3.298876    34.1236    34.1226     5.0267     5.0253     4.9785     4.9771     3.3223     0.6947     0.0781    97.2365     0.0011     4.5385    7.68830    0.54666     23.772    26.9829    26.9823    1479.61          0      21281          1  0.000e+00
  430279670    596.450    602.393   3.299104   3.298908    34.1238    34.1230     5.0267     5.0253     4.9785     4.9771     3.3223     0.6935     0.0781    97.2365     0.0011     4.5385    7.69531    0.54716     23.794    26.9831    26.9825    1479.61          0      21282          1  0.000e+00
  430279670    596.494    602.438   3.299156   3.298876    34.1244    34.1227     5.0267     5.0251     4.9785     4.9769     3.3223     0.6935     0.0781    97.2365     0.0011     4.5385    7.62777    0.54236     23.585    26.9835    26.9824    1479.61          0      21283          1  0.000e+00
  430279670    596.494    602.438   3.299123   3.298863    34.1240    34.1229     5.0267     5.0248     4.9785     4.9766     3.3223     0.6947     0.0781    97.2627     0.0011     4.5397    7.62018    0.54182     23.562    26.9832    26.9826    1479.61          0      21284          1  0.000e+00
  430279670    596.532    602.476   3.299156   3.298888    34.1242    34.1230     5.0268     5.0250     4.9786     4.9768     3.3223     0.6947     0.0781    97.2627     0.0011     4.5397    7.68781    0.54662     23.771    26.9834    26.9826    1479.62          0      21285          1  0.000e+00
  430279670    596.589    602.533   3.299123   3.298869    34.1240    34.1225     5.0267     5.0253     4.9784     4.9771     3.3236     0.6947     0.0781    97.2627     0.0011     4.5397    7.69609    0.54721     23.797    26.9832    26.9821    1479.62          0      21286          1  0.000e+00
  430279670    596.589    602.533   3.299150   3.298888    34.1239    34.1230     5.0270     5.0250     4.9788     4.9768     3.3236     0.6935     0.0781    97.2627     0.0011     4.5397    7.70430    0.54779     23.822    26.9831    26.9826    1479.62          0      21287          1  0.000e+00
  430279670    596.683    602.629   3.299150   3.298869    34.1241    34.1224     5.0268     5.0253     4.9786     4.9771     3.3223     0.6935     0.0781    97.2627     0.0011     4.5397    7.71262    0.54839     23.848    26.9832    26.9821    1479.62          0      21288          1  0.000e+00
  430279670    596.639    602.584   3.299117   3.298908    34.1234    34.1229     5.0272     5.0253     4.9789     4.9771     3.3223     0.6923     0.0781    97.2627     0.0011     4.5397    7.70498    0.54784     23.824    26.9827    26.9825    1479.62          0      21289          1  0.000e+00
  430279670    596.733    602.680   3.299130   3.298908    34.1238    34.1228     5.0269     5.0253     4.9787     4.9771     3.3223     0.6935     0.0781    97.2627     0.0011     4.5397    7.71267    0.54839     23.848    26.9830    26.9824    1479.62          0      21290          1  0.000e+00
  430279670    596.733    602.680   3.299163   3.298920    34.1242    34.1228     5.0268     5.0254     4.9786     4.9772     3.3223     0.6923     0.0769    97.2627     0.0011     4.5397    7.70446    0.54781     23.822    26.9833    26.9824    1479.62          0      21291          1  0.000e+00
  430279670    596.821    602.769   3.299097   3.298876    34.1234    34.1226     5.0268     5.0251     4.9786     4.9769     3.3236     0.6935     0.0781    97.2627     0.0011     4.5397    7.71150    0.54831     23.844    26.9827    26.9823    1479.62          0      21292          1  0.000e+00
  430279670    596.821    602.769   3.299123   3.298889    34.1236    34.1229     5.0269     5.0250     4.9786     4.9768     3.3236     0.6935     0.0769    97.2627     0.0011     4.5397    7.70265    0.54768     23.817    26.9829    26.9825    1479.62          0      21293          1  0.000e+00
  430279670    596.821    602.769   3.299143   3.298869    34.1241    34.1227     5.0267     5.0250     4.9784     4.9768     3.3223     0.6935     0.0781    97.2627     0.0011     4.5397    7.69318    0.54701     23.787    26.9833    26.9823    1479.62          0      21294          1  0.000e+00
  430279670    596.916    602.864   3.299117   3.298863    34.1236    34.1226     5.0268     5.0250     4.9786     4.9767     3.3236     0.6947     0.0781    97.2627     0.0011     4.5397    7.60861    0.54099     23.526    26.9829    26.9822    1479.62          0      21295          1  0.000e+00
  430279670    596.966    602.915   3.299130   3.298914    34.1239    34.1231     5.0267     5.0250     4.9784     4.9767     3.3236     0.6947     0.0769    97.2627     0.0011     4.5397    7.59919    0.54033     23.497    26.9831    26.9827    1479.62          0      21296          1  0.000e+00
  430279670    596.966    602.915   3.299143   3.298876    34.1240    34.1223     5.0267     5.0253     4.9785     4.9771     3.3236     0.6935     0.0781    97.2627     0.0011     4.5397    7.59034    0.53969     23.469    26.9832    26.9820    1479.62          0      21297          1  0.000e+00
  430279670    596.998    602.947   3.299117   3.298863    34.1237    34.1227     5.0267     5.0248     4.9784     4.9766     3.3223     0.6935     0.0781    97.2627     0.0011     4.5397    7.65670    0.54442     23.675    26.9830    26.9824    1479.62          0      21298          1  0.000e+00
  430279671    597.061    603.011   3.299130   3.298889    34.1237    34.1226     5.0268     5.0251     4.9786     4.9769     3.3236     0.6935     0.0781    97.2627     0.0011     4.5397    7.66372    0.54491     23.696    26.9829    26.9823    1479.62          0      21299          1  0.000e+00
  430279671    597.105    603.055   3.299143   3.298895    34.1239    34.1227     5.0267     5.0251     4.9785     4.9769     3.3236     0.6923     0.0781    97.2627     0.0011     4.5397    7.67072    0.54541     23.718    26.9831    26.9823    1479.62          0      21300          1  0.000e+00
  430279671    597.155    603.106   3.299143   3.298895    34.1239    34.1225     5.0267     5.0253     4.9784     4.9770     3.3223     0.6935     0.0781    97.2627     0.0011     4.5397    7.60318    0.54061     23.509    26.9832    26.9821    1479.62          0      21301          1  0.000e+00
  430279671    597.199    603.151   3.299143   3.298920    34.1241    34.1226     5.0265     5.0254     4.9782     4.9772     3.3223     0.6935     0.0781    97.2365     0.0011     4.5385    7.59564    0.54007     23.486    26.9833    26.9822    1479.62          0      21302          1  0.000e+00
  430279671    597.199    603.151   3.299091   3.298901    34.1234    34.1225     5.0265     5.0253     4.9783     4.9770     3.3236     0.6935     0.0781    97.2365     0.0011     4.5385    7.66324    0.54488     23.695    26.9828    26.9822    1479.62          0      21303          1  0.000e+00
  430279671    597.243    603.195   3.299143   3.298940    34.1237    34.1229     5.0268     5.0253     4.9786     4.9770     3.3236     0.6935     0.0781    97.2104     0.0011     4.5372    7.58114    0.53904     23.441    26.9830    26.9825    1479.63          0      21304          1  0.000e+00
  430279671    597.337    603.291   3.299169   3.298940    34.1243    34.1227     5.0265     5.0254     4.9782     4.9772     3.3236     0.6947     0.0794    97.2104     0.0011     4.5372    7.55848    0.53743     23.371    26.9835    26.9823    1479.63          0      21305          1  0.000e+00
  430279671    597.337    603.291   3.299124   3.298901    34.1236    34.1223     5.0267     5.0254     4.9784     4.9772     3.3236     0.6935     0.0806    97.2104     0.0011     4.5372    7.62608    0.54224     23.580    26.9829    26.9820    1479.63          0      21306          1  0.000e+00
  430279671    597.337    603.291   3.299176   3.298940    34.1242    34.1227     5.0267     5.0254     4.9784     4.9772     3.3236     0.6935     0.0806    97.2104     0.0011     4.5372    7.63430    0.54282     23.605    26.9834    26.9823    1479.63          0      21307          1  0.000e+00
  430279671    597.432    603.386   3.299130   3.298940    34.1236    34.1230     5.0267     5.0251     4.9784     4.9769     3.3236     0.6935     0.0806    97.2104     0.0011     4.5372    7.64261    0.54341     23.631    26.9829    26.9826    1479.63          0      21308          1  0.000e+00
  430279671    597.432    603.386   3.299150   3.298901    34.1241    34.1224     5.0264     5.0253     4.9781     4.9770     3.3236     0.6947     0.0806    97.2104     0.0011     4.5372    7.65084    0.54400     23.657    26.9834    26.9821    1479.63          0      21309          1  0.000e+00
  430279774    577.138    582.862   3.300136   3.299804    34.1186    34.1175     5.0531     5.0504     5.0064     5.0038     3.3138     0.6935     0.0757    96.8441     0.0013     4.5201    7.11290    0.50545     21.980    26.9757    26.9751    1479.39          0      23776          2  0.000e+00
  430279774    577.207    582.932   3.300110   3.299810    34.1186    34.1180     5.0527     5.0499     5.0061     5.0033     3.3138     0.6947     0.0769    96.8180     0.0013     4.5189    7.51651    0.53413     23.228    26.9758    26.9756    1479.39          0      23777          2  0.000e+00
  430279774    577.233    582.957   3.299986   3.299772    34.1183    34.1180     5.0516     5.0495     5.0050     5.0028     3.3138     0.6947     0.0769    96.8180     0.0013     4.5189    7.54915    0.53647     23.329    26.9756    26.9757    1479.39          0      23778          2  0.000e+00
  430279774    577.258    582.983   3.300058   3.299759    34.1193    34.1182     5.0515     5.0491     5.0048     5.0025     3.3138     0.6960     0.0794    96.8441     0.0013     4.5201    7.59685    0.53986     23.477    26.9764    26.9759    1479.39          0      23779          2  0.000e+00
