ROS/FK009A_CTD039_20130827.ros
* Sea-Bird SBE 9 Data File:
* FileName = C:\Falkor-Data-2013\FK009A\CTD\FK009A_CTD039_20130827.hex
* Software Version Seasave V 7.21f
* Temperature SN = 5483
* Conductivity SN = 3916
* Number of Bytes Per Scan = 41
* Number of Voltage Words = 4
* Number of Scans Averaged by the Deck Unit = 1
* NMEA Latitude = 48 16.04 N
* NMEA Longitude = 125 12.64 W
* NMEA UTC (Time) = Aug 27 2013 23:23:36
* NMEA baud rate = 4800
** Ship: RV Falkor
** Station: TC01
** Operator: CP
# nquan = 27
# nvalues = 539                                   
# units = specified
# name 0 = timeQ: Time, NMEA [seconds]
# name 1 = depSM: Depth [salt water, m]
# name 2 = prDM: Pressure, Digiquartz [db]
# name 3 = c0S/m: Conductivity [S/m]
# name 4 = c1S/m: Conductivity, 2 [S/m]
# name 5 = sal00: Salinity, Practical [PSU]
# name 6 = sal11: Salinity, Practical, 2 [PSU]
# name 7 = t090C: Temperature [ITS-90, deg C]
# name 8 = t190C: Temperature, 2 [ITS-90, deg C]
# name 9 = potemp090C: Potential Temperature [ITS-90, deg C]
# name 10 = potemp190C: Potential Temperature, 2 [ITS-90, deg C]
# name 11 = v2: Voltage 2
# name 12 = v3: Voltage 3
# name 13 = v0: Voltage 0
# name 14 = CStarTr0: Beam Transmission, WET Labs C-Star [%]
# name 15 = CStarAt0: Beam Attenuation, WET Labs C-Star [1/m]
# name 16 = v5: Voltage 5
# name 17 = sbeox0PS: Oxygen, SBE 43 [% saturation]
# name 18 = sbeox0ML/L: Oxygen, SBE 43 [ml/l]
# name 19 = sbeox0Mm/Kg: Oxygen, SBE 43 [umol/Kg]
# name 20 = sigma-é00: Density [sigma-theta, Kg/m^3]
# name 21 = sigma-é11: Density, 2 [sigma-theta, Kg/m^3]
# name 22 = svCM: Sound Velocity [Chen-Millero, m/s]
# name 23 = modError: Modulo Error Count
# name 24 = scan: Scan Count
# name 25 = nbf: Bottles Fired
# name 26 = flag:  0.000e+00
# interval = seconds: 0.0416667
# start_time = Aug 27 2013 23:23:37 [NMEA time, first data scan]
# bad_flag = -9.990e-29
*END*
[from data line 430]
  430962739     30.452     30.713   3.416678   3.416631    33.2118    33.2063     7.5608     7.5660     7.5579     7.5631     0.0000     0.0000     0.0879    99.3293     0.0003     4.6361   39.62517    2.67229    116.328    25.9332    25.9281    1479.09          0      41329          9  0.000e+00
  430962739     30.459     30.720   3.416578   3.416593    33.2138    33.2073     7.5576     7.5645     7.5547     7.5616     0.0000     0.0000     0.0879    99.3293     0.0003     4.6361   39.57497    2.66906    116.187    25.9352    25.9291    1479.08          0      41330          9  0.000e+00
  430962739     30.452     30.713   3.416446   3.416599    33.2170    33.2079     7.5528     7.5641     7.5499     7.5612     0.0000     0.0000     0.0879    99.3293     0.0003     4.6361   39.57945    2.66960    116.210    25.9384    25.9296    1479.06          0      41331          9  0.000e+00
  430962739     30.496     30.757   3.416393   3.416586    33.2179    33.2078     7.5512     7.5639     7.5483     7.5611     0.0000     0.0000     0.0879    99.3293     0.0003     4.6361   39.58396    2.66999    116.227    25.9393    25.9296    1479.06          0      41332          9  0.000e+00
  430962739     30.496     30.757   3.416314   3.416599    33.2194    33.2074     7.5488     7.5645     7.5459     7.5616     0.0000     0.0000     0.0867    99.3293     0.0003     4.6361   39.64248    2.67405    116.404    25.9408    25.9292    1479.05          0      41333          9  0.000e+00
  430962739     30.546     30.808   3.416234   3.416586    33.2220    33.2071     7.5451     7.5647     7.5422     7.5618     0.0000     0.0000     0.0855    99.3293     0.0003     4.6361   39.64579    2.67445    116.421    25.9434    25.9289    1479.04          0      41334          9  0.000e+00
  430962739     30.502     30.764   3.416201   3.416580    33.2235    33.2082     7.5432     7.5634     7.5403     7.5605     0.0000     0.0000     0.0855    99.3293     0.0003     4.6361   39.65914    2.67545    116.464    25.9448    25.9300    1479.04          0      41335          9  0.000e+00
  430962739     30.590     30.852   3.416201   3.416560    33.2244    33.2087     7.5422     7.5626     7.5393     7.5597     0.0000     0.0000     0.0855    99.3293     0.0003     4.6361   39.66106    2.67562    116.471    25.9457    25.9305    1479.03          0      41336          9  0.000e+00
  430962739     30.546     30.808   3.416148   3.416593    33.2255    33.2080     7.5405     7.5637     7.5376     7.5608     0.0000     0.0000     0.0867    99.3293     0.0003     4.6361   39.66142    2.67573    116.476    25.9468    25.9298    1479.03          0      41337          9  0.000e+00
  430962739     30.590     30.852   3.416122   3.416567    33.2269    33.2070     7.5387     7.5646     7.5358     7.5617     0.0000     0.0000     0.0855    99.3293     0.0003     4.6361   39.64972    2.67502    116.445    25.9481    25.9288    1479.02          0      41338          9  0.000e+00
  430962739     30.640     30.902   3.416062   3.416554    33.2274    33.2081     7.5375     7.5632     7.5346     7.5603     0.0000     0.0000     0.0855    99.3293     0.0003     4.6361   39.64822    2.67499    116.443    25.9487    25.9299    1479.02          0      41339          9  0.000e+00
  430962840     20.868     21.046   3.474187   3.475245    32.9004    32.8849     8.5443     8.5729     8.5422     8.5707     0.0000     0.0000     0.1123    98.6230     0.0006     4.6032   46.69016    3.08591    134.384    25.5447    25.5282    1482.27          0      43764         10  0.000e+00
  430962840     20.818     20.995   3.474221   3.474966    32.9003    32.8878     8.5448     8.5666     8.5427     8.5645     0.0000     0.0000     0.1123    98.6230     0.0006     4.6032   46.80289    3.09333    134.707    25.5446    25.5315    1482.27          0      43765         10  0.000e+00
  430962840     20.818     20.995   3.474314   3.474622    32.8987    32.8933     8.5476     8.5568     8.5455     8.5547     0.0000     0.0000     0.1123    98.6230     0.0006     4.6032   46.86215    3.09709    134.871    25.5429    25.5373    1482.28          0      43766         10  0.000e+00
  430962840     20.868     21.046   3.474320   3.474402    32.8981    32.8967     8.5482     8.5507     8.5461     8.5486     0.0000     0.0000     0.1123    98.6230     0.0006     4.6032   46.97678    3.10463    135.200    25.5424    25.5408    1482.28          0      43767         10  0.000e+00
  430962840     20.911     21.090   3.474147   3.474149    32.8996    32.8987     8.5447     8.5457     8.5426     8.5436     0.0000     0.0000     0.1123    98.6230     0.0006     4.6032   47.09122    3.11241    135.538    25.5440    25.5431    1482.27          0      43768         10  0.000e+00
  430962840     20.911     21.090   3.473708   3.473980    32.9033    32.9000     8.5358     8.5424     8.5337     8.5402     0.0000     0.0000     0.1123    98.6230     0.0006     4.6032   47.13943    3.11614    135.700    25.5482    25.5447    1482.24          0      43769         10  0.000e+00
  430962840     20.955     21.134   3.473308   3.473831    32.9092    32.9016     8.5249     8.5390     8.5228     8.5369     0.0000     0.0000     0.1123    98.6230     0.0006     4.6032   47.12172    3.11561    135.676    25.5545    25.5464    1482.21          0      43770         10  0.000e+00
  430962840     20.955     21.134   3.472902   3.473650    32.9126    32.9025     8.5167     8.5360     8.5145     8.5338     0.0000     0.0000     0.1123    98.6230     0.0006     4.6032   47.22224    3.12277    135.987    25.5585    25.5476    1482.18          0      43771         10  0.000e+00
  430962840     20.955     21.134   3.472549   3.473352    32.9154    32.9053     8.5096     8.5295     8.5075     8.5274     0.0000     0.0000     0.1123    98.6492     0.0005     4.6044   47.26690    3.12615    136.134    25.5617    25.5508    1482.16          0      43772         10  0.000e+00
  430962840     21.005     21.184   3.472089   3.472768    32.9175    32.9098     8.5023     8.5182     8.5001     8.5160     0.0000     0.0000     0.1136    98.7277     0.0005     4.6081   47.31060    3.12952    136.280    25.5645    25.5560    1482.14          0      43773         10  0.000e+00
  430962840     21.005     21.184   3.471503   3.472133    32.9218    32.9163     8.4910     8.5040     8.4889     8.5019     0.0000     0.0000     0.1123    98.7277     0.0005     4.6081   47.34199    3.13230    136.401    25.5696    25.5633    1482.10          0      43774         10  0.000e+00
  430962840     21.048     21.228   3.471131   3.471582    32.9278    32.9230     8.4803     8.4906     8.4782     8.4885     0.0000     0.0000     0.1123    98.7277     0.0005     4.6081   47.37187    3.13490    136.513    25.5759    25.5705    1482.07          0      43775         10  0.000e+00
  430962841     21.048     21.228   3.470651   3.471024    32.9298    32.9290     8.4728     8.4779     8.4707     8.4758     0.0000     0.0000     0.1123    98.7277     0.0005     4.6081   47.47561    3.14225    136.833    25.5785    25.5771    1482.04          0      43776         10  0.000e+00
  430962841     21.142     21.322   3.469945   3.470325    32.9338    32.9335     8.4605     8.4651     8.4584     8.4630     0.0000     0.0000     0.1123    98.7277     0.0005     4.6081   47.51308    3.14552    136.975    25.5836    25.5826    1482.00          0      43777         10  0.000e+00
  430962841     21.092     21.272   3.469067   3.469534    32.9381    32.9364     8.4461     8.4531     8.4439     8.4510     0.0000     0.0000     0.1123    98.7277     0.0005     4.6081   47.54769    3.14874    137.114    25.5891    25.5867    1481.95          0      43778         10  0.000e+00
  430962841     21.142     21.322   3.468228   3.468879    32.9441    32.9401     8.4302     8.4418     8.4280     8.4396     0.0000     0.0000     0.1123    98.7277     0.0005     4.6081   47.58090    3.15194    137.252    25.5961    25.5913    1481.90          0      43779         10  0.000e+00
  430962841     21.142     21.322   3.467582   3.468296    32.9483    32.9425     8.4183     8.4326     8.4162     8.4305     0.0000     0.0000     0.1123    98.7277     0.0005     4.6081   47.67638    3.15902    137.560    25.6013    25.5946    1481.86          0      43780         10  0.000e+00
  430962841     21.186     21.366   3.466843   3.467719    32.9528    32.9477     8.4052     8.4205     8.4031     8.4184     0.0000     0.0000     0.1123    98.7277     0.0005     4.6081   47.65000    3.15811    137.520    25.6068    25.6005    1481.82          0      43781         10  0.000e+00
  430962841     21.186     21.366   3.466324   3.467324    32.9560    32.9508     8.3959     8.4128     8.3938     8.4107     0.0000     0.0000     0.1123    98.7277     0.0005     4.6081   47.74044    3.16469    137.806    25.6107    25.6040    1481.79          0      43782         10  0.000e+00
  430962841     21.223     21.404   3.465952   3.466916    32.9582    32.9523     8.3894     8.4065     8.3872     8.4044     0.0000     0.0000     0.1111    98.7277     0.0005     4.6081   47.77371    3.16732    137.920    25.6133    25.6062    1481.77          0      43783         10  0.000e+00
  430962841     21.235     21.417   3.465679   3.466372    32.9593    32.9543     8.3851     8.3983     8.3829     8.3962     0.0000     0.0000     0.1123    98.7277     0.0005     4.6081   47.78176    3.16813    137.955    25.6149    25.6089    1481.75          0      43784         10  0.000e+00
  430962841     21.235     21.417   3.465472   3.465847    32.9602    32.9573     8.3818     8.3891     8.3796     8.3870     0.0000     0.0000     0.1111    98.7277     0.0005     4.6081   47.79719    3.16937    138.009    25.6161    25.6127    1481.74          0      43785         10  0.000e+00
  430962841     21.279     21.461   3.465266   3.465588    32.9610    32.9592     8.3786     8.3841     8.3765     8.3820     0.0000     0.0000     0.1111    98.7277     0.0005     4.6081   47.87492    3.17474    138.242    25.6171    25.6149    1481.73          0      43786         10  0.000e+00
  430962841     21.279     21.461   3.465040   3.465368    32.9609    32.9591     8.3762     8.3818     8.3741     8.3796     0.0000     0.0000     0.1111    98.7277     0.0005     4.6081   47.95942    3.18051    138.494    25.6174    25.6152    1481.72          0      43787         10  0.000e+00
  430962841     21.323     21.505   3.464827   3.465128    32.9622    32.9602     8.3723     8.3779     8.3702     8.3757     0.0000     0.0000     0.1111    98.7277     0.0005     4.6081   47.98586    3.18252    138.581    25.6191    25.6166    1481.71          0      43788         10  0.000e+00
  430962841     21.323     21.505   3.464647   3.464882    32.9627    32.9613     8.3698     8.3740     8.3676     8.3718     0.0000     0.0000     0.1123    98.7277     0.0005     4.6081   48.00788    3.18415    138.652    25.6198    25.6181    1481.70          0      43789         10  0.000e+00
  430962841     21.323     21.505   3.464441   3.464681    32.9631    32.9615     8.3670     8.3714     8.3649     8.3693     0.0000     0.0000     0.1111    98.7277     0.0005     4.6081   48.01484    3.18480    138.680    25.6206    25.6186    1481.69          0      43790         10  0.000e+00
  430962841     21.373     21.555   3.464281   3.464422    32.9641    32.9623     8.3641     8.3676     8.3620     8.3654     0.0000     0.0000     0.1111    98.7277     0.0005     4.6081   48.02880    3.18591    138.728    25.6218    25.6199    1481.68          0      43791         10  0.000e+00
  430962841     21.373     21.555   3.464088   3.464163    32.9647    32.9628     8.3613     8.3642     8.3591     8.3621     0.0000     0.0000     0.1111    98.7277     0.0005     4.6081   48.09249    3.19033    138.920    25.6227    25.6207    1481.67          0      43792         10  0.000e+00
  430962841     21.416     21.599   3.463842   3.464059    32.9657    32.9636     8.3575     8.3622     8.3553     8.3600     0.0000     0.0000     0.1111    98.7277     0.0005     4.6081   48.10829    3.19163    138.977    25.6240    25.6217    1481.66          0      43793         10  0.000e+00
  430962841     21.373     21.555   3.463596   3.463969    32.9664    32.9644     8.3539     8.3603     8.3518     8.3582     0.0000     0.0000     0.1111    98.7538     0.0005     4.6093   48.18423    3.19690    139.207    25.6251    25.6225    1481.65          0      43794         10  0.000e+00
  430962841     21.416     21.599   3.463416   3.463781    32.9685    32.9646     8.3496     8.3580     8.3475     8.3558     0.0000     0.0000     0.1111    98.7277     0.0005     4.6081   48.20144    3.19831    139.267    25.6274    25.6231    1481.63          0      43795         10  0.000e+00
  430962841     21.416     21.599   3.463170   3.463613    32.9706    32.9658     8.3446     8.3547     8.3425     8.3526     0.0000     0.0000     0.1111    98.7277     0.0005     4.6081   48.21355    3.19943    139.316    25.6298    25.6245    1481.62          0      43796         10  0.000e+00
  430962841     21.460     21.643   3.462838   3.463405    32.9713    32.9665     8.3401     8.3517     8.3379     8.3495     0.0000     0.0000     0.1111    98.7277     0.0005     4.6081   48.23213    3.20097    139.383    25.6310    25.6255    1481.60          0      43797         10  0.000e+00
  430962841     21.416     21.599   3.462538   3.463120    32.9725    32.9675     8.3355     8.3474     8.3334     8.3453     0.0000     0.0000     0.1111    98.7277     0.0005     4.6081   48.24571    3.20218    139.435    25.6326    25.6269    1481.58          0      43798         10  0.000e+00
  430962841     21.460     21.643   3.462119   3.462693    32.9734    32.9692     8.3298     8.3408     8.3276     8.3386     0.0000     0.0000     0.1111    98.7538     0.0005     4.6093   48.25554    3.20322    139.481    25.6342    25.6292    1481.56          0      43799         10  0.000e+00
  430962842     21.460     21.643   3.461740   3.462440    32.9754    32.9709     8.3233     8.3361     8.3212     8.3339     0.0000     0.0000     0.1123    98.7538     0.0005     4.6093   48.26072    3.20399    139.514    25.6367    25.6313    1481.54          0      43800         10  0.000e+00
  430962842     21.460     21.643   3.461447   3.462078    32.9786    32.9731     8.3167     8.3297     8.3145     8.3275     0.0000     0.0000     0.1123    98.7538     0.0005     4.6093   48.26148    3.20446    139.533    25.6402    25.6339    1481.52          0      43801         10  0.000e+00
  430962842     21.510     21.693   3.461308   3.461638    32.9817    32.9736     8.3118     8.3241     8.3096     8.3219     0.0000     0.0000     0.1111    98.7277     0.0005     4.6081   48.25791    3.20451    139.535    25.6434    25.6352    1481.51          0      43802         10  0.000e+00
  430962842     21.460     21.643   3.461447   3.461281    32.9829    32.9755     8.3121     8.3181     8.3099     8.3160     0.0000     0.0000     0.1111    98.7538     0.0005     4.6093   48.25978    3.20458    139.538    25.6443    25.6375    1481.51          0      43803         10  0.000e+00
  430962842     21.510     21.693   3.461620   3.461022    32.9813    32.9783     8.3158     8.3122     8.3136     8.3100     0.0000     0.0000     0.1111    98.7538     0.0005     4.6093   48.32309    3.20856    139.712    25.6424    25.6406    1481.52          0      43804         10  0.000e+00
  430962842     21.460     21.643   3.461521   3.460906    32.9808    32.9808     8.3151     8.3082     8.3130     8.3060     0.0000     0.0000     0.1111    98.7277     0.0005     4.6081   48.31616    3.20815    139.694    25.6422    25.6432    1481.52          0      43805         10  0.000e+00
