ROS/FK009A_CTD019_20130822.ros
* Sea-Bird SBE 9 Data File:
* FileName = C:\Falkor-Data-2013\FK009A\CTD\FK009A_CTD019_20130822.hex
* Software Version Seasave V 7.21f
* Temperature SN = 5483
* Conductivity SN = 3916
* Number of Bytes Per Scan = 41
* Number of Voltage Words = 4
* Number of Scans Averaged by the Deck Unit = 1
* NMEA Latitude = 48 00.28 N
* NMEA Longitude = 125 21.83 W
* NMEA UTC (Time) = Aug 22 2013 00:31:45
* NMEA baud rate = 4800
** Ship: RV Falkor
** Station: RD01
** Operator: CP
# nquan = 27
# nvalues = 196                                   
# units = specified
# name 0 = timeQ: Time, NMEA [seconds]
# name 1 = depSM: Depth [salt water, m]
# name 2 = prDM: Pressure, Digiquartz [db]
# name 3 = c0S/m: Conductivity [S/m]
# name 4 = c1S/m: Conductivity, 2 [S/m]
# name 5 = sal00: Salinity, Practical [PSU]
# name 6 = sal11: Salinity, Practical, 2 [PSU]
# name 7 = t090C: Temperature [ITS-90, deg C]
# name 8 = t190C: Temperature, 2 [ITS-90, deg C]
# name 9 = potemp090C: Potential Temperature [ITS-90, deg C]
# name 10 = potemp190C: Potential Temperature, 2 [ITS-90, deg C]
# name 11 = v2: Voltage 2
# name 12 = v3: Voltage 3
# name 13 = v0: Voltage 0
# name 14 = CStarTr0: Beam Transmission, WET Labs C-Star [%]
# name 15 = CStarAt0: Beam Attenuation, WET Labs C-Star [1/m]
# name 16 = v5: Voltage 5
# name 17 = sbeox0PS: Oxygen, SBE 43 [% saturation]
# name 18 = sbeox0ML/L: Oxygen, SBE 43 [ml/l]
# name 19 = sbeox0Mm/Kg: Oxygen, SBE 43 [umol/Kg]
# name 20 = sigma-é00: Density [sigma-theta, Kg/m^3]
# name 21 = sigma-é11: Density, 2 [sigma-theta, Kg/m^3]
# name 22 = svCM: Sound Velocity [Chen-Millero, m/s]
# name 23 = modError: Modulo Error Count
# name 24 = scan: Scan Count
# name 25 = nbf: Bottles Fired
# name 26 = flag:  0.000e+00
# interval = seconds: 0.0416667
# start_time = Aug 22 2013 00:31:46 [NMEA time, first data scan]
# bad_flag = -9.990e-29
*END*
[from data line 54]
  430448477    217.468    219.425   3.400541   3.400354    33.9742    33.9733     6.5037     6.5025     6.4843     6.4831     0.0000     0.0000     0.0781    99.4863     0.0002     4.6435   18.92462    1.30106     56.595    26.6799    26.6793    1479.04          1      42508          2  0.000e+00
  430448477    217.468    219.425   3.400554   3.400341    33.9743    33.9730     6.5038     6.5027     6.4844     6.4833     0.0000     0.0000     0.0794    99.4863     0.0002     4.6435   18.91892    1.30067     56.578    26.6799    26.6790    1479.04          1      42509          2  0.000e+00
  430448477    217.424    219.381   3.400568   3.400353    33.9746    33.9732     6.5036     6.5026     6.4842     6.4832     0.0000     0.0000     0.0781    99.4863     0.0002     4.6435   18.91311    1.30027     56.561    26.6802    26.6792    1479.04          1      42510          2  0.000e+00
  430448477    217.424    219.381   3.400541   3.400366    33.9741    33.9732     6.5039     6.5028     6.4845     6.4834     0.0000     0.0000     0.0781    99.4863     0.0002     4.6435   18.97600    1.30459     56.749    26.6797    26.6791    1479.04          1      42511          2  0.000e+00
  430448477    217.424    219.381   3.400554   3.400341    33.9742    33.9729     6.5039     6.5028     6.4845     6.4834     0.0000     0.0000     0.0781    99.4863     0.0002     4.6435   18.91362    1.30030     56.562    26.6798    26.6789    1479.04          1      42512          2  0.000e+00
  430448477    217.331    219.286   3.400568   3.400334    33.9742    33.9731     6.5041     6.5026     6.4847     6.4832     0.0000     0.0000     0.0781    99.4863     0.0002     4.6435   18.90716    1.29985     56.543    26.6798    26.6791    1479.04          1      42513          2  0.000e+00
  430448477    217.381    219.337   3.400541   3.400328    33.9739    33.9731     6.5041     6.5025     6.4847     6.4831     0.0000     0.0000     0.0781    99.4863     0.0002     4.6435   18.90106    1.29943     56.525    26.6795    26.6791    1479.04          1      42514          2  0.000e+00
  430448477    217.293    219.248   3.400554   3.400353    33.9741    33.9732     6.5040     6.5027     6.4846     6.4833     0.0000     0.0000     0.0781    99.4863     0.0002     4.6435   18.89463    1.29899     56.505    26.6797    26.6792    1479.03          1      42515          2  0.000e+00
  430448477    217.331    219.286   3.400587   3.400366    33.9743    33.9734     6.5042     6.5026     6.4849     6.4832     0.0000     0.0000     0.0781    99.4863     0.0002     4.6435   18.88849    1.29856     56.487    26.6798    26.6794    1479.04          1      42516          2  0.000e+00
  430448477    217.287    219.242   3.400594   3.400341    33.9742    33.9730     6.5044     6.5028     6.4850     6.4834     0.0000     0.0000     0.0794    99.4340     0.0002     4.6410   18.88216    1.29812     56.467    26.6797    26.6790    1479.04          1      42517          2  0.000e+00
  430448477    217.237    219.192   3.400594   3.400379    33.9743    33.9736     6.5044     6.5027     6.4850     6.4833     0.0000     0.0000     0.0781    99.4078     0.0002     4.6398   18.87582    1.29768     56.449    26.6798    26.6795    1479.04          1      42518          2  0.000e+00
  430448477    217.237    219.192   3.400594   3.400347    33.9744    33.9730     6.5042     6.5028     6.4849     6.4835     0.0000     0.0000     0.0794    99.4078     0.0002     4.6398   18.88256    1.29815     56.469    26.6799    26.6791    1479.03          1      42519          2  0.000e+00
  430448477    217.237    219.192   3.400614   3.400334    33.9744    33.9728     6.5044     6.5029     6.4850     6.4836     0.0000     0.0000     0.0781    99.4078     0.0002     4.6398   18.88981    1.29864     56.490    26.6799    26.6788    1479.04          1      42520          2  0.000e+00
  430448477    217.193    219.147   3.400561   3.400334    33.9739    33.9731     6.5044     6.5027     6.4850     6.4833     0.0000     0.0000     0.0781    99.4078     0.0002     4.6398   18.96608    1.30389     56.719    26.6795    26.6791    1479.03          1      42521          2  0.000e+00
  430448477    217.149    219.103   3.400581   3.400353    33.9743    33.9732     6.5042     6.5028     6.4848     6.4835     0.0000     0.0000     0.0781    99.4078     0.0002     4.6398   18.97324    1.30439     56.740    26.6799    26.6791    1479.03          1      42522          2  0.000e+00
  430448477    217.149    219.103   3.400594   3.400341    33.9743    33.9732     6.5044     6.5026     6.4850     6.4833     0.0000     0.0000     0.0794    99.4078     0.0002     4.6398   18.91137    1.30013     56.555    26.6798    26.6792    1479.03          1      42523          2  0.000e+00
  430448477    217.099    219.053   3.400574   3.400353    33.9741    33.9732     6.5044     6.5028     6.4850     6.4835     0.0000     0.0000     0.0794    99.4078     0.0002     4.6398   18.90555    1.29973     56.538    26.6796    26.6792    1479.03          1      42524          2  0.000e+00
  430448477    217.099    219.053   3.400568   3.400366    33.9740    33.9735     6.5044     6.5027     6.4850     6.4833     0.0000     0.0000     0.0781    99.4078     0.0002     4.6398   18.89985    1.29934     56.521    26.6796    26.6794    1479.03          1      42525          2  0.000e+00
  430448477    217.099    219.053   3.400587   3.400334    33.9741    33.9730     6.5046     6.5028     6.4852     6.4834     0.0000     0.0000     0.0781    99.4078     0.0002     4.6398   18.89414    1.29894     56.503    26.6796    26.6790    1479.03          1      42526          2  0.000e+00
  430448477    217.062    219.015   3.400574   3.400328    33.9739    33.9726     6.5046     6.5031     6.4852     6.4838     0.0000     0.0000     0.0781    99.4078     0.0002     4.6398   18.88834    1.29854     56.486    26.6795    26.6787    1479.03          1      42527          2  0.000e+00
  430448477    217.055    219.009   3.400568   3.400334    33.9740    33.9731     6.5044     6.5027     6.4850     6.4833     0.0000     0.0000     0.0794    99.4078     0.0002     4.6398   18.95123    1.30287     56.674    26.6796    26.6791    1479.03          1      42528          2  0.000e+00
  430448477    217.055    219.009   3.400568   3.400353    33.9737    33.9731     6.5047     6.5030     6.4853     6.4836     0.0000     0.0000     0.0794    99.4078     0.0002     4.6398   18.97040    1.30418     56.731    26.6794    26.6790    1479.03          1      42529          2  0.000e+00
  430448477    217.012    218.964   3.400567   3.400340    33.9740    33.9730     6.5044     6.5029     6.4850     6.4836     0.0000     0.0000     0.0781    99.4078     0.0002     4.6398   18.98948    1.30550     56.789    26.6796    26.6790    1479.03          1      42530          2  0.000e+00
  430448478    216.962    218.914   3.400567   3.400334    33.9739    33.9730     6.5046     6.5028     6.4852     6.4835     0.0000     0.0000     0.0781    99.4078     0.0002     4.6398   18.99557    1.30591     56.807    26.6795    26.6790    1479.03          1      42531          2  0.000e+00
  430448478    217.012    218.964   3.400587   3.400353    33.9738    33.9731     6.5048     6.5030     6.4855     6.4836     0.0000     0.0000     0.0781    99.4078     0.0002     4.6398   19.01435    1.30720     56.862    26.6794    26.6790    1479.03          1      42532          2  0.000e+00
  430448478    216.962    218.914   3.400574   3.400340    33.9741    33.9729     6.5044     6.5031     6.4851     6.4837     0.0000     0.0000     0.0781    99.4078     0.0002     4.6398   19.03290    1.30848     56.918    26.6797    26.6789    1479.03          1      42533          2  0.000e+00
  430448478    216.962    218.914   3.400567   3.400334    33.9741    33.9729     6.5044     6.5030     6.4851     6.4836     0.0000     0.0000     0.0781    99.4078     0.0002     4.6398   18.98297    1.30505     56.769    26.6796    26.6789    1479.03          1      42534          2  0.000e+00
  430448478    216.918    218.870   3.400567   3.400353    33.9741    33.9730     6.5044     6.5031     6.4851     6.4838     0.0000     0.0000     0.0794    99.4078     0.0002     4.6398   18.97664    1.30462     56.750    26.6797    26.6789    1479.03          1      42535          2  0.000e+00
  430448478    216.918    218.870   3.400567   3.400340    33.9740    33.9729     6.5045     6.5031     6.4852     6.4837     0.0000     0.0000     0.0781    99.4078     0.0002     4.6398   18.97042    1.30419     56.731    26.6796    26.6789    1479.03          1      42536          2  0.000e+00
  430448478    216.918    218.870   3.400567   3.400334    33.9739    33.9729     6.5046     6.5030     6.4852     6.4836     0.0000     0.0000     0.0781    99.4078     0.0002     4.6398   18.97716    1.30465     56.751    26.6795    26.6789    1479.03          1      42537          2  0.000e+00
  430448478    216.918    218.870   3.400567   3.400328    33.9741    33.9730     6.5044     6.5028     6.4851     6.4835     0.0000     0.0000     0.0794    99.4340     0.0002     4.6410   18.97146    1.30426     56.735    26.6797    26.6790    1479.03          1      42538          2  0.000e+00
  430448478    216.868    218.819   3.400587   3.400353    33.9744    33.9731     6.5044     6.5030     6.4850     6.4836     0.0000     0.0000     0.0794    99.4078     0.0002     4.6398   18.96564    1.30386     56.717    26.6799    26.6791    1479.03          1      42539          2  0.000e+00
  430448478    216.874    218.825   3.400548   3.400366    33.9739    33.9735     6.5044     6.5028     6.4851     6.4834     0.0000     0.0000     0.0781    99.4078     0.0002     4.6398   18.95995    1.30347     56.700    26.6795    26.6794    1479.03          1      42540          2  0.000e+00
  430448478    216.868    218.819   3.400554   3.400366    33.9738    33.9734     6.5046     6.5028     6.4852     6.4835     0.0000     0.0000     0.0781    99.4078     0.0002     4.6398   18.95423    1.30307     56.683    26.6794    26.6794    1479.03          1      42541          2  0.000e+00
  430448478    216.868    218.819   3.400567   3.400340    33.9738    33.9730     6.5047     6.5030     6.4853     6.4836     0.0000     0.0000     0.0781    99.4078     0.0002     4.6398   18.94852    1.30268     56.666    26.6794    26.6790    1479.03          1      42542          2  0.000e+00
  430448478    216.868    218.819   3.400567   3.400308    33.9741    33.9729     6.5044     6.5028     6.4851     6.4834     0.0000     0.0000     0.0781    99.4078     0.0002     4.6398   18.94283    1.30229     56.649    26.6797    26.6789    1479.03          1      42543          2  0.000e+00
  430448478    216.824    218.775   3.400587   3.400321    33.9742    33.9728     6.5046     6.5030     6.4852     6.4836     0.0000     0.0000     0.0794    99.4078     0.0002     4.6398   18.93701    1.30189     56.631    26.6797    26.6788    1479.03          1      42544          2  0.000e+00
  430448478    216.824    218.775   3.400574   3.400334    33.9742    33.9731     6.5044     6.5028     6.4851     6.4835     0.0000     0.0000     0.0781    99.4340     0.0002     4.6410   18.98695    1.30532     56.781    26.6798    26.6791    1479.03          1      42545          2  0.000e+00
  430448478    216.868    218.819   3.400548   3.400334    33.9738    33.9731     6.5045     6.5028     6.4852     6.4834     0.0000     0.0000     0.0781    99.4078     0.0002     4.6398   18.99276    1.30572     56.798    26.6794    26.6791    1479.03          1      42546          2  0.000e+00
  430448478    216.824    218.775   3.400561   3.400334    33.9739    33.9730     6.5046     6.5030     6.4852     6.4836     0.0000     0.0000     0.0781    99.4078     0.0002     4.6398   18.92924    1.30135     56.608    26.6795    26.6790    1479.03          1      42547          2  0.000e+00
  430448478    216.824    218.775   3.400567   3.400353    33.9741    33.9733     6.5044     6.5028     6.4851     6.4835     0.0000     0.0000     0.0781    99.4078     0.0002     4.6398   18.92199    1.30086     56.587    26.6797    26.6793    1479.03          1      42548          2  0.000e+00
  430448478    216.824    218.775   3.400587   3.400366    33.9742    33.9733     6.5045     6.5030     6.4852     6.4836     0.0000     0.0000     0.0781    99.4078     0.0002     4.6398   18.92769    1.30125     56.603    26.6798    26.6792    1479.03          1      42549          2  0.000e+00
  430448478    216.824    218.775   3.400548   3.400366    33.9739    33.9732     6.5044     6.5031     6.4851     6.4837     0.0000     0.0000     0.0781    99.4078     0.0002     4.6398   19.00250    1.30640     56.828    26.6795    26.6791    1479.03          1      42550          2  0.000e+00
  430448478    216.868    218.819   3.400534   3.400334    33.9741    33.9731     6.5041     6.5028     6.4847     6.4835     0.0000     0.0000     0.0781    99.4340     0.0002     4.6410   19.02129    1.30770     56.884    26.6797    26.6791    1479.03          1      42551          2  0.000e+00
  430448857    110.031    110.992   3.457809   3.457553    33.7606    33.7610     7.4135     7.4102     7.4030     7.3998     0.0000     0.0000     0.0757   100.2188    -0.0001     4.6777   41.84013    2.82098    122.746    26.3866    26.3873    1480.52          1      51641          3  0.000e+00
  430448857    110.081    111.042   3.457782   3.457534    33.7598    33.7614     7.4140     7.4096     7.4035     7.3992     0.0000     0.0000     0.0769   100.2188    -0.0001     4.6777   41.82791    2.82014    122.710    26.3858    26.3877    1480.53          1      51642          3  0.000e+00
  430448857    110.025    110.986   3.457829   3.457527    33.7597    33.7615     7.4146     7.4094     7.4041     7.3990     0.0000     0.0000     0.0757   100.2188    -0.0001     4.6777   41.88137    2.82371    122.865    26.3857    26.3879    1480.53          1      51643          3  0.000e+00
  430448857    110.081    111.042   3.457829   3.457501    33.7594    33.7609     7.4150     7.4097     7.4045     7.3993     0.0000     0.0000     0.0769   100.2188    -0.0001     4.6777   41.87925    2.82355    122.858    26.3854    26.3873    1480.53          1      51644          3  0.000e+00
  430448857    110.031    110.992   3.457842   3.457521    33.7599    33.7611     7.4146     7.4097     7.4041     7.3993     0.0000     0.0000     0.0769   100.2188    -0.0001     4.6777   41.87566    2.82332    122.848    26.3858    26.3875    1480.53          1      51645          3  0.000e+00
  430448857    110.068    111.030   3.457809   3.457534    33.7598    33.7608     7.4143     7.4102     7.4039     7.3998     0.0000     0.0000     0.0757   100.2188    -0.0001     4.6777   41.81681    2.81937    122.676    26.3858    26.3871    1480.53          1      51646          3  0.000e+00
  430448857    110.031    110.992   3.457742   3.457527    33.7596    33.7604     7.4138     7.4106     7.4033     7.4001     0.0000     0.0000     0.0757   100.2188    -0.0001     4.6777   41.81281    2.81914    122.666    26.3857    26.3868    1480.52          1      51647          3  0.000e+00
  430448857    110.081    111.042   3.457795   3.457547    33.7602    33.7608     7.4137     7.4103     7.4032     7.3998     0.0000     0.0000     0.0769   100.2188    -0.0001     4.6777   41.80926    2.81889    122.655    26.3862    26.3872    1480.52          1      51648          3  0.000e+00
  430448857    110.031    110.992   3.457762   3.457579    33.7600    33.7607     7.4136     7.4109     7.4032     7.4004     0.0000     0.0000     0.0769   100.1665    -0.0001     4.6752   41.79319    2.81782    122.609    26.3860    26.3870    1480.52          1      51649          3  0.000e+00
