ROS/FK009A_CTD038_20130827.ros
* Sea-Bird SBE 9 Data File:
* FileName = C:\Falkor-Data-2013\FK009A\CTD\FK009A_CTD038_20130827.hex
* Software Version Seasave V 7.21f
* Temperature SN = 5483
* Conductivity SN = 3916
* Number of Bytes Per Scan = 41
* Number of Voltage Words = 4
* Number of Scans Averaged by the Deck Unit = 1
* NMEA Latitude = 48 21.13 N
* NMEA Longitude = 125 18.85 W
* NMEA UTC (Time) = Aug 27 2013 20:17:29
* NMEA baud rate = 4800
** Ship: RV Falkor
** Station: NN03
** Operator: CP
# nquan = 27
# nvalues = 392                                   
# units = specified
# name 0 = timeQ: Time, NMEA [seconds]
# name 1 = depSM: Depth [salt water, m]
# name 2 = prDM: Pressure, Digiquartz [db]
# name 3 = c0S/m: Conductivity [S/m]
# name 4 = c1S/m: Conductivity, 2 [S/m]
# name 5 = sal00: Salinity, Practical [PSU]
# name 6 = sal11: Salinity, Practical, 2 [PSU]
# name 7 = t090C: Temperature [ITS-90, deg C]
# name 8 = t190C: Temperature, 2 [ITS-90, deg C]
# name 9 = potemp090C: Potential Temperature [ITS-90, deg C]
# name 10 = potemp190C: Potential Temperature, 2 [ITS-90, deg C]
# name 11 = v2: Voltage 2
# name 12 = v3: Voltage 3
# name 13 = v0: Voltage 0
# name 14 = CStarTr0: Beam Transmission, WET Labs C-Star [%]
# name 15 = CStarAt0: Beam Attenuation, WET Labs C-Star [1/m]
# name 16 = v5: Voltage 5
# name 17 = sbeox0PS: Oxygen, SBE 43 [% saturation]
# name 18 = sbeox0ML/L: Oxygen, SBE 43 [ml/l]
# name 19 = sbeox0Mm/Kg: Oxygen, SBE 43 [umol/Kg]
# name 20 = sigma-é00: Density [sigma-theta, Kg/m^3]
# name 21 = sigma-é11: Density, 2 [sigma-theta, Kg/m^3]
# name 22 = svCM: Sound Velocity [Chen-Millero, m/s]
# name 23 = modError: Modulo Error Count
# name 24 = scan: Scan Count
# name 25 = nbf: Bottles Fired
# name 26 = flag:  0.000e+00
# interval = seconds: 0.0416667
# start_time = Jan 01 2000 20:17:29 [NMEA time, first data scan]
# bad_flag = -9.990e-29
*END*
[from data line 54]
  430950457     81.240     81.946   3.406568   3.406360    33.8985    33.8974     6.7158     6.7146     6.7085     6.7073     0.0000     0.0000     0.0794    97.8382     0.0009     4.5665   22.19107    1.51893     66.078    26.5905    26.5898    1477.52          0      14587          2  0.000e+00
  430950457     81.227     81.934   3.406588   3.406348    33.8986    33.8976     6.7159     6.7143     6.7086     6.7070     0.0000     0.0000     0.0806    97.8644     0.0009     4.5678   22.19348    1.51909     66.085    26.5905    26.5899    1477.52          0      14588          2  0.000e+00
  430950457     81.240     81.946   3.406641   3.406296    33.8990    33.8965     6.7161     6.7147     6.7088     6.7074     0.0000     0.0000     0.0806    97.8644     0.0009     4.5678   22.19645    1.51928     66.094    26.5908    26.5891    1477.52          0      14589          2  0.000e+00
  430950457     81.321     82.028   3.406661   3.406348    33.8989    33.8971     6.7164     6.7147     6.7091     6.7074     0.0000     0.0000     0.0794    97.8644     0.0009     4.5678   22.20011    1.51952     66.104    26.5907    26.5895    1477.52          0      14590          2  0.000e+00
  430950457     81.240     81.946   3.406635   3.406373    33.8985    33.8974     6.7166     6.7147     6.7093     6.7074     0.0000     0.0000     0.0794    97.8644     0.0009     4.5678   22.12466    1.51436     65.879    26.5903    26.5897    1477.52          0      14591          2  0.000e+00
  430950457     81.271     81.978   3.406648   3.406373    33.8984    33.8971     6.7167     6.7150     6.7094     6.7078     0.0000     0.0000     0.0794    97.8644     0.0009     4.5678   22.10512    1.51301     65.821    26.5903    26.5894    1477.52          0      14592          2  0.000e+00
  430950457     81.240     81.946   3.406661   3.406348    33.8985    33.8970     6.7168     6.7149     6.7096     6.7076     0.0000     0.0000     0.0806    97.8644     0.0009     4.5678   22.15277    1.51627     65.963    26.5903    26.5894    1477.52          0      14593          2  0.000e+00
  430950457     81.271     81.978   3.406681   3.406386    33.8990    33.8975     6.7166     6.7147     6.7093     6.7074     0.0000     0.0000     0.0806    97.8644     0.0009     4.5678   22.07864    1.51120     65.742    26.5907    26.5898    1477.52          0      14594          2  0.000e+00
  430950457     81.284     81.990   3.406668   3.406406    33.8988    33.8973     6.7166     6.7152     6.7093     6.7079     0.0000     0.0000     0.0806    97.8644     0.0009     4.5678   22.13917    1.51534     65.922    26.5906    26.5896    1477.52          0      14595          2  0.000e+00
  430950457     81.284     81.990   3.406681   3.406431    33.8987    33.8979     6.7168     6.7149     6.7096     6.7076     0.0000     0.0000     0.0806    97.8644     0.0009     4.5678   22.13278    1.51490     65.903    26.5905    26.5901    1477.52          0      14596          2  0.000e+00
  430950457     81.271     81.978   3.406668   3.406386    33.8985    33.8974     6.7169     6.7149     6.7096     6.7076     0.0000     0.0000     0.0794    97.8644     0.0009     4.5678   22.13863    1.51530     65.920    26.5903    26.5897    1477.52          0      14597          2  0.000e+00
  430950457     81.327     82.034   3.406681   3.406393    33.8988    33.8974     6.7167     6.7149     6.7094     6.7076     0.0000     0.0000     0.0806    97.8644     0.0009     4.5678   22.14517    1.51575     65.940    26.5906    26.5897    1477.52          0      14598          2  0.000e+00
  430950457     81.365     82.072   3.406694   3.406380    33.8988    33.8969     6.7168     6.7152     6.7095     6.7079     0.0000     0.0000     0.0806    97.8644     0.0009     4.5678   22.16441    1.51706     65.997    26.5906    26.5893    1477.52          0      14599          2  0.000e+00
  430950457     81.327     82.034   3.406694   3.406393    33.8988    33.8973     6.7169     6.7150     6.7096     6.7077     0.0000     0.0000     0.0806    97.8644     0.0009     4.5678   22.17215    1.51759     66.020    26.5905    26.5896    1477.52          0      14600          2  0.000e+00
  430950457     81.365     82.072   3.406694   3.406425    33.8987    33.8971     6.7169     6.7155     6.7096     6.7082     0.0000     0.0000     0.0794    97.8644     0.0009     4.5678   22.23520    1.52191     66.208    26.5905    26.5894    1477.52          0      14601          2  0.000e+00
  430950458     81.377     82.085   3.406714   3.406457    33.8987    33.8975     6.7172     6.7155     6.7099     6.7082     0.0000     0.0000     0.0794    97.8644     0.0009     4.5678   22.17571    1.51783     66.030    26.5904    26.5897    1477.52          0      14602          2  0.000e+00
  430950458     81.408     82.116   3.406701   3.406463    33.8985    33.8974     6.7172     6.7157     6.7099     6.7084     0.0000     0.0000     0.0806    97.8644     0.0009     4.5678   22.17139    1.51753     66.018    26.5903    26.5896    1477.52          0      14603          2  0.000e+00
  430950458     81.421     82.129   3.406714   3.406463    33.8984    33.8974     6.7174     6.7157     6.7101     6.7084     0.0000     0.0000     0.0806    97.8644     0.0009     4.5678   22.16700    1.51723     66.004    26.5902    26.5896    1477.53          0      14604          2  0.000e+00
  430950458     81.458     82.167   3.406721   3.406463    33.8989    33.8974     6.7170     6.7157     6.7097     6.7084     0.0000     0.0000     0.0794    97.8644     0.0009     4.5678   22.16271    1.51694     65.992    26.5906    26.5896    1477.53          0      14605          2  0.000e+00
  430950458     81.514     82.223   3.406740   3.406464    33.8985    33.8975     6.7175     6.7155     6.7102     6.7081     0.0000     0.0000     0.0806    97.8644     0.0009     4.5678   22.15843    1.51663     65.978    26.5903    26.5898    1477.53          0      14606          2  0.000e+00
  430950458     81.502     82.211   3.406774   3.406444    33.8990    33.8971     6.7175     6.7157     6.7102     6.7084     0.0000     0.0000     0.0794    97.8382     0.0009     4.5665   22.16625    1.51717     66.002    26.5906    26.5894    1477.53          0      14607          2  0.000e+00
  430950458     81.558     82.267   3.406787   3.406438    33.8989    33.8972     6.7177     6.7155     6.7104     6.7082     0.0000     0.0000     0.0794    97.8121     0.0009     4.5653   22.24162    1.52232     66.226    26.5905    26.5895    1477.53          0      14608          2  0.000e+00
  430950458     81.608     82.318   3.406760   3.406412    33.8989    33.8970     6.7174     6.7154     6.7101     6.7080     0.0000     0.0000     0.0806    97.8121     0.0009     4.5653   22.19501    1.51914     66.087    26.5906    26.5894    1477.53          0      14609          2  0.000e+00
  430950458     81.639     82.349   3.406754   3.406406    33.8985    33.8974     6.7177     6.7149     6.7103     6.7076     0.0000     0.0000     0.0806    97.8121     0.0009     4.5653   22.20392    1.51974     66.114    26.5902    26.5897    1477.53          0      14610          2  0.000e+00
  430950458     81.695     82.406   3.406774   3.406431    33.8985    33.8977     6.7179     6.7149     6.7105     6.7076     0.0000     0.0000     0.0806    97.8121     0.0009     4.5653   22.21340    1.52038     66.142    26.5902    26.5899    1477.53          0      14611          2  0.000e+00
  430950458     81.689     82.400   3.406807   3.406386    33.8989    33.8972     6.7179     6.7149     6.7105     6.7076     0.0000     0.0000     0.0806    97.8121     0.0009     4.5653   22.22319    1.52105     66.171    26.5905    26.5895    1477.53          0      14612          2  0.000e+00
  430950458     81.745     82.456   3.406813   3.406419    33.8986    33.8975     6.7181     6.7149     6.7108     6.7076     0.0000     0.0000     0.0806    97.8121     0.0009     4.5653   22.30052    1.52634     66.401    26.5903    26.5898    1477.53          0      14613          2  0.000e+00
  430950458     81.733     82.444   3.406793   3.406386    33.8988    33.8973     6.7177     6.7147     6.7104     6.7074     0.0000     0.0000     0.0806    97.8121     0.0009     4.5653   22.32258    1.52786     66.467    26.5905    26.5897    1477.53          0      14614          2  0.000e+00
  430950458     81.789     82.500   3.406807   3.406374    33.8991    33.8974     6.7175     6.7144     6.7102     6.7071     0.0000     0.0000     0.0806    97.8121     0.0009     4.5653   22.34482    1.52938     66.533    26.5907    26.5898    1477.53          0      14615          2  0.000e+00
  430950458     81.870     82.582   3.406767   3.406374    33.8985    33.8972     6.7177     6.7146     6.7103     6.7072     0.0000     0.0000     0.0794    97.8121     0.0009     4.5653   22.36713    1.53091     66.600    26.5903    26.5896    1477.53          0      14616          2  0.000e+00
  430950458     81.926     82.639   3.406754   3.406393    33.8986    33.8968     6.7174     6.7152     6.7100     6.7078     0.0000     0.0000     0.0794    97.8121     0.0009     4.5653   22.37712    1.53161     66.630    26.5904    26.5892    1477.53          0      14617          2  0.000e+00
  430950458     81.964     82.677   3.406754   3.406444    33.8986    33.8978     6.7174     6.7147     6.7100     6.7074     0.0000     0.0000     0.0794    97.8121     0.0009     4.5653   22.31967    1.52767     66.459    26.5904    26.5901    1477.53          0      14618          2  0.000e+00
  430950458     81.976     82.689   3.406754   3.406419    33.8988    33.8972     6.7172     6.7150     6.7098     6.7077     0.0000     0.0000     0.0794    97.8121     0.0009     4.5653   22.31727    1.52751     66.452    26.5906    26.5896    1477.53          0      14619          2  0.000e+00
  430950458     82.064     82.777   3.406754   3.406406    33.8989    33.8970     6.7171     6.7150     6.7097     6.7077     0.0000     0.0000     0.0806    97.8121     0.0009     4.5653   22.31507    1.52737     66.445    26.5906    26.5894    1477.54          0      14620          2  0.000e+00
  430950458     82.101     82.815   3.406727   3.406425    33.8986    33.8974     6.7171     6.7149     6.7097     6.7075     0.0000     0.0000     0.0794    97.8121     0.0009     4.5653   22.37961    1.53179     66.638    26.5904    26.5897    1477.54          0      14621          2  0.000e+00
  430950458     82.157     82.872   3.406767   3.406438    33.8989    33.8975     6.7172     6.7149     6.7098     6.7075     0.0000     0.0000     0.0806    97.8121     0.0009     4.5653   22.32172    1.52782     66.465    26.5906    26.5898    1477.54          0      14622          2  0.000e+00
  430950458     82.195     82.910   3.406734   3.406464    33.8988    33.8970     6.7169     6.7157     6.7095     6.7083     0.0000     0.0000     0.0794    97.8121     0.0009     4.5653   22.31890    1.52764     66.457    26.5905    26.5893    1477.54          0      14623          2  0.000e+00
  430950458     82.294     83.010   3.406741   3.406515    33.8988    33.8975     6.7168     6.7157     6.7095     6.7083     0.0000     0.0000     0.0794    97.8121     0.0009     4.5653   22.31625    1.52746     66.449    26.5906    26.5897    1477.54          0      14624          2  0.000e+00
  430950458     82.282     82.998   3.406754   3.406502    33.8988    33.8972     6.7171     6.7158     6.7097     6.7084     0.0000     0.0012     0.0794    97.8121     0.0009     4.5653   22.31326    1.52724     66.440    26.5905    26.5895    1477.54          0      14625          2  0.000e+00
  430950459     82.388     83.105   3.406754   3.406541    33.8989    33.8976     6.7169     6.7158     6.7095     6.7084     0.0000     0.0000     0.0806    97.8121     0.0009     4.5653   22.37751    1.53165     66.632    26.5906    26.5898    1477.54          0      14626          2  0.000e+00
  430950459     82.376     83.092   3.406774   3.406535    33.8990    33.8972     6.7170     6.7162     6.7096     6.7088     0.0000     0.0000     0.0806    97.7859     0.0009     4.5641   22.31893    1.52763     66.457    26.5907    26.5894    1477.54          0      14627          2  0.000e+00
  430950459     82.482     83.199   3.406714   3.406502    33.8984    33.8976     6.7169     6.7154     6.7095     6.7080     0.0000     0.0000     0.0806    97.7859     0.0009     4.5641   22.32808    1.52827     66.485    26.5903    26.5898    1477.54          0      14628          2  0.000e+00
  430950459     82.482     83.199   3.406761   3.406399    33.8991    33.8971     6.7167     6.7147     6.7093     6.7073     0.0000     0.0000     0.0806    97.7597     0.0009     4.5629   22.32514    1.52807     66.476    26.5908    26.5895    1477.54          0      14629          2  0.000e+00
  430950459     82.606     83.325   3.406714   3.406374    33.8986    33.8977     6.7167     6.7138     6.7093     6.7063     0.0000     0.0000     0.0806    97.7597     0.0009     4.5629   22.32256    1.52790     66.468    26.5904    26.5901    1477.54          0      14630          2  0.000e+00
  430950567     68.942     69.539   3.394737   3.394554    33.7521    33.7524     6.7379     6.7355     6.7317     6.7294     0.0000     0.0000     0.0806    98.0213     0.0008     4.5751   16.74822    1.14690     49.900    26.4720    26.4725    1477.22          0      17221          3  0.000e+00
  430950567     68.942     69.539   3.394730   3.394548    33.7516    33.7524     6.7383     6.7355     6.7321     6.7294     0.0000     0.0000     0.0806    98.0213     0.0008     4.5751   16.74724    1.14683     49.896    26.4716    26.4725    1477.22          0      17222          3  0.000e+00
  430950567     68.849     69.445   3.394770   3.394612    33.7520    33.7534     6.7385     6.7352     6.7323     6.7291     0.0000     0.0000     0.0806    98.0213     0.0008     4.5751   16.74654    1.14677     49.894    26.4718    26.4734    1477.22          0      17223          3  0.000e+00
  430950567     68.917     69.514   3.394783   3.394612    33.7514    33.7535     6.7392     6.7351     6.7330     6.7289     0.0000     0.0000     0.0818    98.0213     0.0008     4.5751   16.74667    1.14677     49.894    26.4712    26.4735    1477.22          0      17224          3  0.000e+00
  430950567     68.892     69.489   3.394783   3.394535    33.7513    33.7522     6.7393     6.7355     6.7331     6.7294     0.0000     0.0000     0.0818    98.0213     0.0008     4.5751   16.74710    1.14679     49.895    26.4711    26.4724    1477.22          0      17225          3  0.000e+00
  430950567     68.892     69.489   3.394789   3.394516    33.7510    33.7519     6.7396     6.7357     6.7335     6.7295     0.0000     0.0000     0.0806    98.0213     0.0008     4.5751   16.74807    1.14685     49.898    26.4709    26.4721    1477.22          0      17226          3  0.000e+00
  430950567     68.849     69.445   3.394809   3.394464    33.7510    33.7512     6.7399     6.7358     6.7337     6.7297     0.0000     0.0000     0.0806    98.0213     0.0008     4.5751   16.67052    1.14154     49.666    26.4709    26.4715    1477.22          0      17227          3  0.000e+00
  430950567     68.917     69.514   3.394816   3.394497    33.7511    33.7517     6.7399     6.7357     6.7337     6.7295     0.0000     0.0000     0.0794    98.0213     0.0008     4.5751   16.66091    1.14088     49.638    26.4709    26.4719    1477.22          0      17228          3  0.000e+00
  430950567     68.849     69.445   3.394836   3.394535    33.7509    33.7521     6.7403     6.7357     6.7341     6.7295     0.0000     0.0000     0.0806    98.0213     0.0008     4.5751   16.65197    1.14025     49.611    26.4707    26.4723    1477.22          0      17229          3  0.000e+00
