ROS/FK009A_CTD037_20130827.ros
* Sea-Bird SBE 9 Data File:
* FileName = C:\Falkor-Data-2013\FK009A\CTD\FK009A_CTD037_20130827.hex
* Software Version Seasave V 7.21f
* Temperature SN = 5483
* Conductivity SN = 3916
* Number of Bytes Per Scan = 41
* Number of Voltage Words = 4
* Number of Scans Averaged by the Deck Unit = 1
* NMEA Latitude = 48 21.32 N
* NMEA Longitude = 125 27.82 W
* NMEA UTC (Time) = Aug 27 2013 18:59:00
* NMEA baud rate = 4800
** Ship: RV Falkor
** Station: NN02
** Operator: Nathan Cunningham
# nquan = 27
# nvalues = 441                                   
# units = specified
# name 0 = timeQ: Time, NMEA [seconds]
# name 1 = depSM: Depth [salt water, m]
# name 2 = prDM: Pressure, Digiquartz [db]
# name 3 = c0S/m: Conductivity [S/m]
# name 4 = c1S/m: Conductivity, 2 [S/m]
# name 5 = sal00: Salinity, Practical [PSU]
# name 6 = sal11: Salinity, Practical, 2 [PSU]
# name 7 = t090C: Temperature [ITS-90, deg C]
# name 8 = t190C: Temperature, 2 [ITS-90, deg C]
# name 9 = potemp090C: Potential Temperature [ITS-90, deg C]
# name 10 = potemp190C: Potential Temperature, 2 [ITS-90, deg C]
# name 11 = v2: Voltage 2
# name 12 = v3: Voltage 3
# name 13 = v0: Voltage 0
# name 14 = CStarTr0: Beam Transmission, WET Labs C-Star [%]
# name 15 = CStarAt0: Beam Attenuation, WET Labs C-Star [1/m]
# name 16 = v5: Voltage 5
# name 17 = sbeox0PS: Oxygen, SBE 43 [% saturation]
# name 18 = sbeox0ML/L: Oxygen, SBE 43 [ml/l]
# name 19 = sbeox0Mm/Kg: Oxygen, SBE 43 [umol/Kg]
# name 20 = sigma-é00: Density [sigma-theta, Kg/m^3]
# name 21 = sigma-é11: Density, 2 [sigma-theta, Kg/m^3]
# name 22 = svCM: Sound Velocity [Chen-Millero, m/s]
# name 23 = modError: Modulo Error Count
# name 24 = scan: Scan Count
# name 25 = nbf: Bottles Fired
# name 26 = flag:  0.000e+00
# interval = seconds: 0.0416667
# start_time = Jan 01 2000 18:59:00 [NMEA time, first data scan]
# bad_flag = -9.990e-29
*END*
[from data line 323]
  430946399     31.741     32.013   3.427765   3.426430    33.2639    33.2701     7.6307     7.6092     7.6277     7.6061     0.0000     0.0000     0.0855    99.2247     0.0003     4.6313   37.19277    2.50341    108.973    25.9642    25.9722    1479.44          0      30214          7  0.000e+00
  430946399     31.791     32.064   3.427394   3.425992    33.2668    33.2723     7.6235     7.6020     7.6205     7.5989     0.0000     0.0000     0.0855    99.2247     0.0003     4.6313   37.24574    2.50734    109.144    25.9675    25.9749    1479.42          0      30215          7  0.000e+00
  430946399     31.835     32.108   3.427156   3.425740    33.2691    33.2735     7.6184     7.5978     7.6153     7.5948     0.0000     0.0000     0.0855    99.2247     0.0003     4.6313   37.25502    2.50822    109.182    25.9701    25.9765    1479.40          0      30216          7  0.000e+00
  430946399     31.878     32.152   3.427123   3.425766    33.2704    33.2742     7.6166     7.5974     7.6136     7.5943     0.0000     0.0000     0.0855    99.2247     0.0003     4.6313   37.19838    2.50449    109.019    25.9713    25.9770    1479.40          0      30217          7  0.000e+00
  430946399     31.878     32.152   3.427242   3.425760    33.2686    33.2738     7.6198     7.5977     7.6168     7.5946     0.0000     0.0000     0.0855    99.2247     0.0003     4.6313   37.14217    2.50055    108.848    25.9694    25.9767    1479.41          0      30218          7  0.000e+00
  430946399     31.878     32.152   3.427023   3.425669    33.2694    33.2746     7.6165     7.5958     7.6135     7.5928     0.0000     0.0000     0.0855    99.2247     0.0003     4.6313   37.13080    2.49996    108.822    25.9706    25.9776    1479.40          0      30219          7  0.000e+00
  430946399     32.015     32.290   3.426732   3.425702    33.2725    33.2736     7.6099     7.5972     7.6068     7.5941     0.0000     0.0000     0.0855    99.2247     0.0003     4.6313   37.12119    2.49963    108.808    25.9740    25.9766    1479.38          0      30220          7  0.000e+00
  430946399     31.972     32.246   3.426546   3.425837    33.2732    33.2745     7.6072     7.5978     7.6041     7.5948     0.0000     0.0000     0.0855    99.2509     0.0003     4.6325   37.11142    2.49912    108.785    25.9748    25.9772    1479.37          0      30221          7  0.000e+00
  430946399     32.015     32.290   3.426487   3.425979    33.2736    33.2737     7.6061     7.6002     7.6030     7.5972     0.0000     0.0000     0.0867    99.2247     0.0003     4.6313   37.16865    2.50303    108.955    25.9753    25.9762    1479.36          0      30222          7  0.000e+00
  430946399     32.015     32.290   3.426361   3.426115    33.2741    33.2730     7.6041     7.6025     7.6011     7.5994     0.0000     0.0000     0.0855    99.2247     0.0003     4.6313   37.15997    2.50255    108.934    25.9760    25.9754    1479.36          0      30223          7  0.000e+00
  430946399     32.065     32.340   3.426109   3.425818    33.2749    33.2744     7.6004     7.5977     7.5974     7.5946     0.0000     0.0000     0.0855    99.2247     0.0003     4.6313   37.16319    2.50296    108.952    25.9771    25.9771    1479.35          0      30224          7  0.000e+00
  430946399     32.065     32.340   3.425639   3.425373    33.2739    33.2770     7.5961     7.5899     7.5931     7.5869     0.0000     0.0000     0.0855    99.2247     0.0003     4.6313   37.10091    2.49903    108.781    25.9770    25.9803    1479.33          0      30225          7  0.000e+00
  430946399     32.109     32.384   3.425254   3.425244    33.2752    33.2765     7.5904     7.5889     7.5873     7.5859     0.0000     0.0000     0.0855    99.2509     0.0003     4.6325   37.09449    2.49890    108.775    25.9789    25.9801    1479.31          0      30226          7  0.000e+00
  430946400     32.109     32.384   3.425009   3.425186    33.2762    33.2767     7.5867     7.5881     7.5836     7.5851     0.0000     0.0000     0.0855    99.2770     0.0003     4.6337   37.08868    2.49870    108.766    25.9801    25.9803    1479.29          0      30227          7  0.000e+00
  430946400     32.153     32.428   3.424910   3.425173    33.2777    33.2776     7.5840     7.5870     7.5809     7.5840     0.0000     0.0000     0.0855    99.2770     0.0003     4.6337   37.07237    2.49774    108.724    25.9817    25.9812    1479.29          0      30228          7  0.000e+00
  430946400     32.109     32.384   3.424817   3.425121    33.2796    33.2767     7.5809     7.5873     7.5779     7.5843     0.0000     0.0000     0.0855    99.2770     0.0003     4.6337   37.06769    2.49756    108.716    25.9836    25.9805    1479.28          0      30229          7  0.000e+00
  430946400     32.153     32.428   3.424963   3.425128    33.2821    33.2763     7.5800     7.5878     7.5769     7.5847     0.0000     0.0000     0.0855    99.2509     0.0003     4.6325   37.06425    2.49734    108.707    25.9857    25.9801    1479.28          0      30230          7  0.000e+00
  430946400     32.159     32.435   3.425155   3.425096    33.2846    33.2752     7.5795     7.5886     7.5764     7.5855     0.0000     0.0000     0.0842    99.2509     0.0003     4.6325   37.06152    2.49715    108.698    25.9878    25.9791    1479.28          0      30231          7  0.000e+00
  430946400     32.153     32.428   3.425407   3.425076    33.2850    33.2747     7.5819     7.5890     7.5788     7.5859     0.0000     0.0012     0.0830    99.2770     0.0003     4.6337   36.99376    2.49244    108.493    25.9878    25.9786    1479.29          0      30232          7  0.000e+00
  430946400     32.203     32.479   3.425619   3.425173    33.2813    33.2763     7.5882     7.5883     7.5851     7.5852     0.0000     0.0000     0.0830    99.2509     0.0003     4.6325   37.04786    2.49579    108.639    25.9839    25.9800    1479.31          0      30233          7  0.000e+00
  430946518     21.049     21.229   3.523155   3.522816    32.8105    32.8103     9.1928     9.1893     9.1906     9.1871     0.0000     0.0000     0.1184    97.7074     0.0009     4.5604   52.74712    3.43833    149.756    25.3741    25.3744    1484.57          0      33071          8  0.000e+00
  430946518     21.000     21.179   3.522846   3.522607    32.8103    32.8117     9.1896     9.1854     9.1874     9.1832     0.0000     0.0000     0.1184    97.7074     0.0009     4.5604   52.83438    3.44426    150.014    25.3744    25.3761    1484.56          0      33072          8  0.000e+00
  430946518     21.000     21.179   3.522358   3.522229    32.8125    32.8124     9.1818     9.1804     9.1795     9.1782     0.0000     0.0000     0.1184    97.7074     0.0009     4.5604   52.86540    3.44683    150.126    25.3773    25.3774    1484.53          0      33073          8  0.000e+00
  430946518     21.049     21.229   3.522190   3.521812    32.8151    32.8157     9.1770     9.1721     9.1747     9.1698     0.0000     0.0000     0.1184    97.7074     0.0009     4.5604   52.88327    3.44830    150.189    25.3801    25.3814    1484.52          0      33074          8  0.000e+00
  430946518     21.000     21.179   3.522338   3.522046    32.8165    32.8174     9.1771     9.1729     9.1749     9.1706     0.0000     0.0000     0.1184    97.6289     0.0010     4.5568   52.83231    3.44494    150.043    25.3812    25.3826    1484.52          0      33075          8  0.000e+00
  430946518     21.049     21.229   3.522632   3.522633    32.8154    32.8128     9.1817     9.1845     9.1795     9.1822     0.0000     0.0000     0.1184    97.4981     0.0010     4.5507   52.89822    3.44891    150.216    25.3796    25.3772    1484.54          0      33076          8  0.000e+00
  430946518     21.000     21.179   3.522900   3.522789    32.8141    32.8119     9.1861     9.1872     9.1838     9.1850     0.0000     0.0000     0.1184    97.4720     0.0010     4.5495   52.85200    3.44560    150.072    25.3779    25.3760    1484.55          0      33077          8  0.000e+00
  430946519     21.000     21.179   3.523061   3.522737    32.8131    32.8105     9.1890     9.1882     9.1867     9.1860     0.0000     0.0000     0.1184    97.4981     0.0010     4.5507   52.85857    3.44583    150.082    25.3767    25.3747    1484.56          0      33078          8  0.000e+00
  430946519     20.956     21.135   3.522994   3.522437    32.8105    32.8108     9.1910     9.1845     9.1888     9.1822     0.0000     0.0000     0.1184    97.4981     0.0010     4.5507   52.86278    3.44600    150.090    25.3743    25.3756    1484.56          0      33079          8  0.000e+00
  430946519     21.049     21.229   3.522893   3.522033    32.8112    32.8143     9.1891     9.1761     9.1869     9.1739     0.0000     0.0000     0.1197    97.4981     0.0010     4.5507   52.86616    3.44635    150.105    25.3752    25.3796    1484.56          0      33080          8  0.000e+00
  430946519     21.000     21.179   3.522967   3.521883    32.8122    32.8149     9.1890     9.1738     9.1867     9.1716     0.0000     0.0000     0.1197    97.4981     0.0010     4.5507   52.93095    3.45057    150.289    25.3759    25.3805    1484.56          0      33081          8  0.000e+00
  430946519     21.000     21.179   3.523041   3.522059    32.8113    32.8149     9.1907     9.1758     9.1885     9.1735     0.0000     0.0000     0.1184    97.4981     0.0010     4.5507   52.99291    3.45449    150.460    25.3750    25.3802    1484.56          0      33082          8  0.000e+00
  430946519     20.956     21.135   3.523061   3.522340    32.8110    32.8143     9.1914     9.1796     9.1891     9.1774     0.0000     0.0000     0.1184    97.4981     0.0010     4.5507   53.00749    3.45540    150.499    25.3746    25.3790    1484.56          0      33083          8  0.000e+00
  430946519     20.956     21.135   3.523061   3.522548    32.8105    32.8121     9.1919     9.1843     9.1896     9.1821     0.0000     0.0000     0.1184    97.4981     0.0010     4.5507   53.01940    3.45615    150.532    25.3742    25.3766    1484.57          0      33084          8  0.000e+00
  430946519     20.956     21.135   3.523081   3.522646    32.8107    32.8107     9.1919     9.1869     9.1896     9.1847     0.0000     0.0000     0.1197    97.4981     0.0010     4.5507   53.02837    3.45673    150.557    25.3743    25.3751    1484.57          0      33085          8  0.000e+00
  430946519     20.912     21.091   3.523134   3.522613    32.8114    32.8109     9.1917     9.1864     9.1895     9.1842     0.0000     0.0000     0.1184    97.4981     0.0010     4.5507   53.09874    3.46131    150.757    25.3749    25.3753    1484.57          0      33086          8  0.000e+00
  430946519     20.956     21.135   3.523175   3.522548    32.8111    32.8103     9.1925     9.1863     9.1903     9.1840     0.0000     0.0000     0.1184    97.4981     0.0010     4.5507   53.03642    3.45720    150.578    25.3745    25.3749    1484.57          0      33087          8  0.000e+00
  430946519     20.900     21.079   3.523188   3.522366    32.8111    32.8120     9.1927     9.1824     9.1904     9.1802     0.0000     0.0000     0.1197    97.4981     0.0010     4.5507   53.02449    3.45641    150.543    25.3745    25.3769    1484.57          0      33088          8  0.000e+00
  430946519     20.912     21.091   3.523255   3.522314    32.8107    32.8139     9.1938     9.1798     9.1916     9.1776     0.0000     0.0000     0.1197    97.4981     0.0010     4.5507   53.02020    3.45605    150.528    25.3741    25.3787    1484.57          0      33089          8  0.000e+00
  430946519     20.863     21.041   3.523262   3.522881    32.8104    32.8126     9.1943     9.1876     9.1920     9.1853     0.0000     0.0000     0.1197    97.4981     0.0010     4.5507   53.01255    3.45552    150.505    25.3737    25.3765    1484.57          0      33090          8  0.000e+00
  430946519     20.863     21.041   3.523349   3.523474    32.8111    32.8105     9.1945     9.1966     9.1922     9.1943     0.0000     0.0000     0.1197    97.4981     0.0010     4.5507   53.06697    3.45904    150.658    25.3742    25.3734    1484.57          0      33091          8  0.000e+00
  430946519     20.819     20.997   3.523643   3.523728    32.8109    32.8081     9.1980     9.2020     9.1958     9.1998     0.0000     0.0000     0.1197    97.4981     0.0010     4.5507   53.06292    3.45851    150.635    25.3735    25.3707    1484.59          0      33092          8  0.000e+00
  430946519     20.819     20.997   3.524132   3.523767    32.8109    32.8066     9.2035     9.2041     9.2013     9.2019     0.0000     0.0000     0.1197    97.4981     0.0010     4.5507   53.05557    3.45761    150.596    25.3727    25.3692    1484.61          0      33093          8  0.000e+00
  430946519     20.769     20.947   3.524501   3.523839    32.8084    32.8067     9.2104     9.2048     9.2082     9.2026     0.0000     0.0000     0.1197    97.4981     0.0010     4.5507   53.04434    3.45640    150.544    25.3696    25.3692    1484.63          0      33094          8  0.000e+00
  430946519     20.819     20.997   3.524675   3.523865    32.8066    32.8061     9.2143     9.2058     9.2121     9.2036     0.0000     0.0000     0.1197    97.5243     0.0010     4.5519   53.04134    3.45595    150.524    25.3676    25.3685    1484.64          0      33095          8  0.000e+00
  430946519     20.725     20.903   3.525090   3.523930    32.8053    32.8055     9.2204     9.2072     9.2182     9.2050     0.0000     0.0000     0.1209    97.6551     0.0009     4.5580   53.03415    3.45504    150.485    25.3656    25.3678    1484.66          0      33096          8  0.000e+00
  430946519     20.725     20.903   3.525479   3.524093    32.8019    32.8061     9.2285     9.2084     9.2263     9.2062     0.0000     0.0000     0.1209    97.7074     0.0009     4.5604   53.02445    3.45387    150.434    25.3616    25.3681    1484.69          0      33097          8  0.000e+00
  430946519     20.725     20.903   3.525633   3.524361    32.8008    32.8041     9.2314     9.2135     9.2292     9.2113     0.0000     0.0000     0.1209    97.7074     0.0009     4.5604   53.01226    3.45288    150.391    25.3603    25.3658    1484.70          0      33098          8  0.000e+00
  430946519     20.725     20.903   3.525780   3.524334    32.8017    32.8016     9.2321     9.2159     9.2299     9.2137     0.0000     0.0000     0.1197    97.6813     0.0009     4.5592   53.06194    3.45604    150.529    25.3609    25.3634    1484.70          0      33099          8  0.000e+00
  430946519     20.632     20.808   3.525914   3.524374    32.8011    32.8025     9.2343     9.2154     9.2321     9.2132     0.0000     0.0000     0.1197    97.6813     0.0009     4.5592   53.05299    3.45530    150.497    25.3601    25.3642    1484.71          0      33100          8  0.000e+00
  430946519     20.682     20.859   3.525968   3.524680    32.7998    32.8032     9.2363     9.2182     9.2341     9.2160     0.0000     0.0000     0.1197    97.6813     0.0009     4.5592   52.97700    3.45023    150.276    25.3588    25.3643    1484.71          0      33101          8  0.000e+00
  430946520     20.632     20.808   3.525881   3.525013    32.7988    32.8029     9.2365     9.2222     9.2343     9.2200     0.0000     0.0000     0.1209    97.6813     0.0009     4.5592   53.02724    3.45351    150.420    25.3579    25.3634    1484.71          0      33102          8  0.000e+00
