ROS/FK009A_CTD012_20130820.ros
* Sea-Bird SBE 9 Data File:
* FileName = C:\Falkor-Data-2013\FK009A\CTD\FK009A_CTD012_20130820.hex
* Software Version Seasave V 7.21f
* Temperature SN = 5483
* Conductivity SN = 3916
* Number of Bytes Per Scan = 41
* Number of Voltage Words = 4
* Number of Scans Averaged by the Deck Unit = 1
* NMEA Latitude = 48 14.97 N
* NMEA Longitude = 126 39.93 W
* NMEA UTC (Time) = Aug 20 2013 14:07:47
* NMEA baud rate = 4800
** Ship: RV Falkor
** Station: LC12
** Operator: Nathan Cunningham
# nquan = 27
# nvalues = 931                                   
# units = specified
# name 0 = timeQ: Time, NMEA [seconds]
# name 1 = depSM: Depth [salt water, m]
# name 2 = prDM: Pressure, Digiquartz [db]
# name 3 = c0S/m: Conductivity [S/m]
# name 4 = c1S/m: Conductivity, 2 [S/m]
# name 5 = sal00: Salinity, Practical [PSU]
# name 6 = sal11: Salinity, Practical, 2 [PSU]
# name 7 = t090C: Temperature [ITS-90, deg C]
# name 8 = t190C: Temperature, 2 [ITS-90, deg C]
# name 9 = potemp090C: Potential Temperature [ITS-90, deg C]
# name 10 = potemp190C: Potential Temperature, 2 [ITS-90, deg C]
# name 11 = v2: Voltage 2
# name 12 = v3: Voltage 3
# name 13 = v0: Voltage 0
# name 14 = CStarTr0: Beam Transmission, WET Labs C-Star [%]
# name 15 = CStarAt0: Beam Attenuation, WET Labs C-Star [1/m]
# name 16 = v5: Voltage 5
# name 17 = sbeox0PS: Oxygen, SBE 43 [% saturation]
# name 18 = sbeox0ML/L: Oxygen, SBE 43 [ml/l]
# name 19 = sbeox0Mm/Kg: Oxygen, SBE 43 [umol/Kg]
# name 20 = sigma-é00: Density [sigma-theta, Kg/m^3]
# name 21 = sigma-é11: Density, 2 [sigma-theta, Kg/m^3]
# name 22 = svCM: Sound Velocity [Chen-Millero, m/s]
# name 23 = modError: Modulo Error Count
# name 24 = scan: Scan Count
# name 25 = nbf: Bottles Fired
# name 26 = flag:  0.000e+00
# interval = seconds: 0.0416667
# start_time = Aug 20 2013 14:07:48 [NMEA time, first data scan]
# bad_flag = -9.990e-29
*END*
[from data line 430]
  430330365    498.562    503.404   3.298484   3.298170    34.1268    34.1252     5.0656     5.0636     5.0255     5.0235     3.3297     0.6947     0.0769   100.3234    -0.0001     4.6825    7.39006    0.52496     22.829    26.9800    26.9790    1478.14          3     179933          9  0.000e+00
  430330366    498.606    503.449   3.298484   3.298202    34.1265    34.1254     5.0658     5.0637     5.0258     5.0237     3.3297     0.6947     0.0781   100.3234    -0.0001     4.6825    7.40292    0.52587     22.868    26.9798    26.9791    1478.15          3     179934          9  0.000e+00
  430330366    498.644    503.487   3.298478   3.298202    34.1266    34.1252     5.0657     5.0639     5.0256     5.0238     3.3297     0.6947     0.0781   100.3234    -0.0001     4.6825    7.41639    0.52683     22.910    26.9798    26.9790    1478.15          3     179935          9  0.000e+00
  430330366    498.700    503.544   3.298380   3.298202    34.1258    34.1251     5.0653     5.0640     5.0252     5.0239     3.3297     0.6947     0.0781   100.3234    -0.0001     4.6825    7.50372    0.53304     23.180    26.9793    26.9788    1478.14          3     179936          9  0.000e+00
  430330366    498.700    503.544   3.298399   3.298183    34.1268    34.1254     5.0646     5.0634     5.0245     5.0234     3.3297     0.6972     0.0781   100.3234    -0.0001     4.6825    7.51717    0.53400     23.222    26.9801    26.9792    1478.14          3     179937          9  0.000e+00
  430330366    498.782    503.627   3.298367   3.298151    34.1265    34.1254     5.0645     5.0631     5.0244     5.0230     3.3297     0.6960     0.0781   100.3234    -0.0001     4.6825    7.45685    0.52972     23.036    26.9799    26.9792    1478.14          3     179938          9  0.000e+00
  430330366    498.750    503.595   3.298354   3.298145    34.1266    34.1255     5.0642     5.0630     5.0242     5.0229     3.3297     0.6947     0.0781   100.3234    -0.0001     4.6825    7.45499    0.52959     23.030    26.9800    26.9793    1478.14          3     179939          9  0.000e+00
  430330366    498.845    503.690   3.298400   3.298145    34.1268    34.1254     5.0645     5.0630     5.0244     5.0229     3.3297     0.6947     0.0781   100.3234    -0.0001     4.6825    7.39529    0.52534     22.846    26.9802    26.9792    1478.14          3     179940          9  0.000e+00
  430330366    498.876    503.722   3.298367   3.298145    34.1266    34.1252     5.0642     5.0631     5.0242     5.0230     3.3297     0.6960     0.0781   100.3234    -0.0001     4.6825    7.46855    0.53055     23.072    26.9801    26.9791    1478.14          3     179941          9  0.000e+00
  430330366    498.933    503.779   3.298373   3.298164    34.1267    34.1253     5.0642     5.0633     5.0242     5.0232     3.3297     0.6960     0.0781   100.3234    -0.0001     4.6825    7.48387    0.53164     23.119    26.9801    26.9791    1478.15          3     179942          9  0.000e+00
  430330366    498.876    503.722   3.298432   3.298170    34.1273    34.1251     5.0644     5.0635     5.0243     5.0235     3.3297     0.6947     0.0781   100.3234    -0.0001     4.6825    7.48442    0.53168     23.121    26.9806    26.9789    1478.15          3     179943          9  0.000e+00
  430330605    400.499    404.292   3.339525   3.339286    34.0709    34.0694     5.6318     5.6307     5.5982     5.5971     3.1221     0.7350     0.0794   100.3496    -0.0001     4.6838   12.09332    0.84795     36.879    26.8682    26.8671    1478.73          3     185678         10  0.000e+00
  430330605    400.455    404.248   3.339518   3.339299    34.0707    34.0695     5.6320     5.6308     5.5984     5.5972     3.1221     0.7375     0.0794   100.3496    -0.0001     4.6838   12.14612    0.85165     37.040    26.8679    26.8671    1478.73          3     185679         10  0.000e+00
  430330605    400.455    404.248   3.339492   3.339280    34.0705    34.0691     5.6319     5.6309     5.5983     5.5973     3.1221     0.7363     0.0806   100.3234    -0.0001     4.6825   12.21338    0.85637     37.245    26.8679    26.8668    1478.73          3     185680         10  0.000e+00
  430330605    400.499    404.292   3.339485   3.339254    34.0704    34.0688     5.6319     5.6309     5.5983     5.5973     3.1221     0.7350     0.0794   100.3234    -0.0001     4.6825   12.20979    0.85612     37.234    26.8678    26.8666    1478.73          3     185681         10  0.000e+00
  430330605    400.486    404.279   3.339479   3.339267    34.0707    34.0691     5.6316     5.6308     5.5979     5.5972     3.1221     0.7350     0.0794   100.3234    -0.0001     4.6825   12.33647    0.86501     37.621    26.8680    26.8668    1478.73          3     185682         10  0.000e+00
  430330605    400.499    404.292   3.339498   3.339274    34.0709    34.0689     5.6316     5.6310     5.5979     5.5974     3.1221     0.7363     0.0806   100.3234    -0.0001     4.6825   12.39168    0.86888     37.789    26.8682    26.8667    1478.73          3     185683         10  0.000e+00
  430330605    400.499    404.292   3.339485   3.339299    34.0706    34.0696     5.6317     5.6306     5.5981     5.5970     3.1221     0.7350     0.0794   100.3234    -0.0001     4.6825   12.44685    0.87275     37.957    26.8679    26.8673    1478.73          3     185684         10  0.000e+00
  430330605    400.499    404.292   3.339479   3.339280    34.0712    34.0695     5.6311     5.6306     5.5974     5.5969     3.1221     0.7350     0.0781   100.3234    -0.0001     4.6825   12.50208    0.87663     38.126    26.8685    26.8671    1478.73          3     185685         10  0.000e+00
  430330605    400.455    404.248   3.339485   3.339274    34.0715    34.0693     5.6309     5.6306     5.5973     5.5970     3.1221     0.7363     0.0781   100.3234    -0.0001     4.6825   12.49971    0.87646     38.119    26.8687    26.8671    1478.73          3     185686         10  0.000e+00
  430330605    400.536    404.330   3.339479   3.339274    34.0716    34.0693     5.6306     5.6306     5.5970     5.5970     3.1221     0.7363     0.0794   100.3234    -0.0001     4.6825   12.46653    0.87414     38.018    26.8689    26.8670    1478.73          3     185687         10  0.000e+00
  430330605    400.499    404.292   3.339498   3.339293    34.0716    34.0693     5.6309     5.6309     5.5973     5.5973     3.1221     0.7350     0.0781   100.3234    -0.0001     4.6825   12.44403    0.87256     37.949    26.8688    26.8670    1478.73          3     185688         10  0.000e+00
  430330605    400.549    404.343   3.339531   3.339306    34.0716    34.0697     5.6312     5.6306     5.5976     5.5970     3.1209     0.7350     0.0781   100.3234    -0.0001     4.6825   12.41880    0.87078     37.872    26.8688    26.8673    1478.73          3     185689         10  0.000e+00
  430330605    400.549    404.343   3.339492   3.339280    34.0710    34.0688     5.6314     5.6312     5.5978     5.5976     3.1209     0.7363     0.0794   100.3496    -0.0001     4.6838   12.39062    0.86881     37.786    26.8683    26.8665    1478.73          3     185690         10  0.000e+00
  430330605    400.549    404.343   3.339479   3.339293    34.0702    34.0690     5.6320     5.6311     5.5984     5.5975     3.1221     0.7363     0.0781   100.3234    -0.0001     4.6825   12.35954    0.86662     37.691    26.8675    26.8668    1478.73          3     185691         10  0.000e+00
  430330605    400.536    404.330   3.339505   3.339306    34.0711    34.0698     5.6314     5.6305     5.5978     5.5968     3.1209     0.7363     0.0781   100.3496    -0.0001     4.6838   12.31126    0.86324     37.544    26.8684    26.8675    1478.73          3     185692         10  0.000e+00
  430330605    400.549    404.343   3.339512   3.339331    34.0704    34.0697     5.6322     5.6309     5.5985     5.5973     3.1221     0.7363     0.0794   100.3234    -0.0001     4.6825   12.25950    0.85960     37.385    26.8677    26.8673    1478.73          3     185693         10  0.000e+00
  430330605    400.549    404.343   3.339531   3.339318    34.0705    34.0693     5.6323     5.6311     5.5987     5.5975     3.1221     0.7363     0.0794   100.3234    -0.0001     4.6825   12.20431    0.85573     37.217    26.8678    26.8670    1478.74          3     185694         10  0.000e+00
  430330605    400.593    404.387   3.339584   3.339280    34.0704    34.0691     5.6330     5.6309     5.5993     5.5973     3.1209     0.7350     0.0781   100.3234    -0.0001     4.6825   12.14571    0.85161     37.038    26.8676    26.8668    1478.74          3     185695         10  0.000e+00
  430330605    400.593    404.387   3.339623   3.339318    34.0709    34.0696     5.6330     5.6308     5.5993     5.5971     3.1209     0.7363     0.0794   100.3234    -0.0001     4.6825   12.08363    0.84725     36.848    26.8680    26.8673    1478.74          3     185696         10  0.000e+00
  430330605    400.580    404.375   3.339564   3.339337    34.0702    34.0692     5.6329     5.6314     5.5993     5.5978     3.1209     0.7350     0.0794   100.3234    -0.0001     4.6825   12.03245    0.84367     36.692    26.8675    26.8669    1478.74          3     185697         10  0.000e+00
  430330605    400.643    404.438   3.339564   3.339312    34.0700    34.0691     5.6331     5.6312     5.5995     5.5976     3.1209     0.7350     0.0781   100.3234    -0.0001     4.6825   11.97851    0.83988     36.528    26.8673    26.8668    1478.74          3     185698         10  0.000e+00
  430330605    400.593    404.387   3.339571   3.339325    34.0703    34.0694     5.6330     5.6311     5.5994     5.5975     3.1209     0.7375     0.0781   100.3496    -0.0001     4.6838   11.85003    0.83088     36.136    26.8675    26.8670    1478.74          3     185699         10  0.000e+00
  430330606    400.687    404.482   3.339617   3.339337    34.0704    34.0689     5.6333     5.6317     5.5997     5.5980     3.1209     0.7350     0.0781   100.3496    -0.0001     4.6838   11.77716    0.82576     35.914    26.8676    26.8666    1478.74          3     185700         10  0.000e+00
  430330606    400.593    404.387   3.339610   3.339357    34.0701    34.0688     5.6336     5.6320     5.6000     5.5984     3.1209     0.7350     0.0781   100.3496    -0.0001     4.6838   11.71607    0.82147     35.727    26.8673    26.8664    1478.74          3     185701         10  0.000e+00
  430330606    400.687    404.482   3.339603   3.339344    34.0701    34.0683     5.6334     5.6323     5.5998     5.5987     3.1209     0.7363     0.0781   100.3496    -0.0001     4.6838   11.71069    0.82110     35.711    26.8674    26.8661    1478.74          3     185702         10  0.000e+00
  430330606    400.675    404.470   3.339603   3.339357    34.0701    34.0686     5.6334     5.6322     5.5998     5.5986     3.1209     0.7350     0.0781   100.3496    -0.0001     4.6838   11.71642    0.82150     35.728    26.8674    26.8663    1478.74          3     185703         10  0.000e+00
  430330606    400.737    404.533   3.339603   3.339363    34.0698    34.0685     5.6337     5.6324     5.6001     5.5987     3.1209     0.7350     0.0781   100.3496    -0.0001     4.6838   11.72225    0.82190     35.746    26.8670    26.8662    1478.74          3     185704         10  0.000e+00
  430330606    400.687    404.482   3.339603   3.339363    34.0701    34.0684     5.6334     5.6325     5.5998     5.5988     3.1221     0.7350     0.0781   100.3496    -0.0001     4.6838   11.72793    0.82231     35.763    26.8674    26.8661    1478.74          3     185705         10  0.000e+00
  430330606    400.737    404.533   3.339603   3.339363    34.0701    34.0686     5.6334     5.6322     5.5998     5.5986     3.1221     0.7363     0.0781   100.3496    -0.0001     4.6838   11.73376    0.82272     35.781    26.8673    26.8663    1478.74          3     185706         10  0.000e+00
  430330606    400.737    404.533   3.339584   3.339363    34.0698    34.0684     5.6335     5.6325     5.5999     5.5988     3.1221     0.7363     0.0794   100.3496    -0.0001     4.6838   11.72513    0.82211     35.755    26.8671    26.8661    1478.74          3     185707         10  0.000e+00
  430330606    400.719    404.514   3.339597   3.339344    34.0699    34.0686     5.6336     5.6320     5.5999     5.5984     3.1209     0.7363     0.0781   100.3496    -0.0001     4.6838   11.73027    0.82247     35.770    26.8671    26.8663    1478.74          3     185708         10  0.000e+00
  430330606    400.825    404.622   3.339603   3.339357    34.0701    34.0684     5.6334     5.6324     5.5998     5.5987     3.1209     0.7350     0.0781   100.3496    -0.0001     4.6838   11.72124    0.82184     35.743    26.8673    26.8661    1478.74          3     185709         10  0.000e+00
  430330606    400.781    404.578   3.339584   3.339382    34.0699    34.0686     5.6334     5.6325     5.5998     5.5988     3.1221     0.7350     0.0757   100.3496    -0.0001     4.6838   11.71140    0.82115     35.713    26.8671    26.8662    1478.74          3     185710         10  0.000e+00
  430330606    400.781    404.578   3.339597   3.339376    34.0703    34.0686     5.6331     5.6324     5.5995     5.5987     3.1209     0.7363     0.0757   100.3496    -0.0001     4.6838   11.71543    0.82144     35.725    26.8675    26.8663    1478.74          3     185711         10  0.000e+00
  430330607    400.825    404.622   3.339531   3.339389    34.0705    34.0686     5.6322     5.6325     5.5985     5.5988     3.1209     0.7350     0.0757   100.3496    -0.0001     4.6838   11.71955    0.82174     35.739    26.8678    26.8663    1478.74          3     185712         10  0.000e+00
  430330607    400.825    404.622   3.339512   3.339376    34.0712    34.0687     5.6312     5.6322     5.5976     5.5985     3.1209     0.7350     0.0769   100.3496    -0.0001     4.6838   11.65210    0.81703     35.534    26.8685    26.8664    1478.74          3     185713         10  0.000e+00
  430330607    400.863    404.660   3.339485   3.339363    34.0720    34.0695     5.6301     5.6312     5.5965     5.5976     3.1209     0.7363     0.0769   100.3496    -0.0001     4.6838   11.64299    0.81640     35.507    26.8692    26.8671    1478.73          3     185714         10  0.000e+00
  430330607    400.875    404.673   3.339459   3.339318    34.0724    34.0691     5.6295     5.6312     5.5958     5.5975     3.1209     0.7350     0.0757   100.3496    -0.0001     4.6838   11.69153    0.81982     35.655    26.8696    26.8668    1478.73          3     185715         10  0.000e+00
  430330607    400.875    404.673   3.339492   3.339286    34.0726    34.0694     5.6296     5.6305     5.5960     5.5968     3.1209     0.7363     0.0769   100.3496    -0.0001     4.6838   11.69612    0.82014     35.669    26.8698    26.8672    1478.73          3     185716         10  0.000e+00
  430330607    400.919    404.717   3.339485   3.339274    34.0722    34.0700     5.6300     5.6297     5.5963     5.5961     3.1209     0.7350     0.0769   100.3496    -0.0001     4.6838   11.70078    0.82046     35.683    26.8694    26.8677    1478.73          3     185717         10  0.000e+00
  430330607    400.970    404.768   3.339525   3.339274    34.0721    34.0702     5.6305     5.6295     5.5968     5.5959     3.1209     0.7363     0.0769   100.3496    -0.0001     4.6838   11.69107    0.81977     35.653    26.8693    26.8679    1478.74          3     185718         10  0.000e+00
  430330607    400.951    404.749   3.339518   3.339274    34.0719    34.0700     5.6306     5.6297     5.5970     5.5961     3.1209     0.7363     0.0769   100.3496    -0.0001     4.6838   11.68068    0.81904     35.621    26.8691    26.8677    1478.74          3     185719         10  0.000e+00
