ROS/FK009A_CTD025_20130822.ros
* Sea-Bird SBE 9 Data File:
* FileName = C:\Falkor-Data-2013\FK009A\CTD\FK009A_CTD025_20130822.hex
* Software Version Seasave V 7.21f
* Temperature SN = 5483
* Conductivity SN = 3916
* Number of Bytes Per Scan = 41
* Number of Voltage Words = 4
* Number of Scans Averaged by the Deck Unit = 1
* NMEA Latitude = 48 47.95 N
* NMEA Longitude = 125 15.93 W
* NMEA UTC (Time) = Aug 22 2013 20:02:54
* NMEA baud rate = 4800
** Ship: RV Falkor
** Station: MB16
** Operator: Nathan Cunningham
# nquan = 27
# nvalues = 196                                   
# units = specified
# name 0 = timeQ: Time, NMEA [seconds]
# name 1 = depSM: Depth [salt water, m]
# name 2 = prDM: Pressure, Digiquartz [db]
# name 3 = c0S/m: Conductivity [S/m]
# name 4 = c1S/m: Conductivity, 2 [S/m]
# name 5 = sal00: Salinity, Practical [PSU]
# name 6 = sal11: Salinity, Practical, 2 [PSU]
# name 7 = t090C: Temperature [ITS-90, deg C]
# name 8 = t190C: Temperature, 2 [ITS-90, deg C]
# name 9 = potemp090C: Potential Temperature [ITS-90, deg C]
# name 10 = potemp190C: Potential Temperature, 2 [ITS-90, deg C]
# name 11 = v2: Voltage 2
# name 12 = v3: Voltage 3
# name 13 = v0: Voltage 0
# name 14 = CStarTr0: Beam Transmission, WET Labs C-Star [%]
# name 15 = CStarAt0: Beam Attenuation, WET Labs C-Star [1/m]
# name 16 = v5: Voltage 5
# name 17 = sbeox0PS: Oxygen, SBE 43 [% saturation]
# name 18 = sbeox0ML/L: Oxygen, SBE 43 [ml/l]
# name 19 = sbeox0Mm/Kg: Oxygen, SBE 43 [umol/Kg]
# name 20 = sigma-é00: Density [sigma-theta, Kg/m^3]
# name 21 = sigma-é11: Density, 2 [sigma-theta, Kg/m^3]
# name 22 = svCM: Sound Velocity [Chen-Millero, m/s]
# name 23 = modError: Modulo Error Count
# name 24 = scan: Scan Count
# name 25 = nbf: Bottles Fired
# name 26 = flag:  0.000e+00
# interval = seconds: 0.0416667
# start_time = Aug 22 2013 20:02:54 [NMEA time, first data scan]
# bad_flag = -9.990e-29
*END*
[from data line 54]
  430517577     75.314     75.971   3.450157   3.449632    32.9666    32.9497     8.1752     8.1873     8.1677     8.1798     0.0000     0.0000     0.1123    93.8357     0.0025     4.3797   41.97850    2.79638    121.763    25.6525    25.6375    1481.86          0      14470          2  0.000e+00
  430517577     75.240     75.896   3.450197   3.449632    32.9685    32.9501     8.1736     8.1869     8.1662     8.1794     0.0000     0.0000     0.1111    93.8096     0.0026     4.3785   41.95948    2.79517    121.710    25.6543    25.6379    1481.86          0      14471          2  0.000e+00
  430517577     75.314     75.971   3.450204   3.449587    32.9698    32.9502     8.1723     8.1862     8.1648     8.1788     0.0000     0.0000     0.1111    93.8357     0.0025     4.3797   41.94125    2.79402    121.660    25.6555    25.6380    1481.86          0      14472          2  0.000e+00
  430517577     75.333     75.990   3.450204   3.449594    32.9708    32.9503     8.1712     8.1861     8.1637     8.1786     0.0000     0.0000     0.1111    93.8096     0.0026     4.3785   41.99999    2.79798    121.832    25.6565    25.6382    1481.86          0      14473          2  0.000e+00
  430517577     75.364     76.022   3.450251   3.449645    32.9719    32.9508     8.1706     8.1862     8.1631     8.1787     0.0000     0.0000     0.1123    93.8357     0.0025     4.3797   42.00384    2.79826    121.844    25.6574    25.6385    1481.85          0      14474          2  0.000e+00
  430517577     75.314     75.971   3.450244   3.449645    32.9726    32.9505     8.1698     8.1866     8.1623     8.1791     0.0000     0.0000     0.1111    93.8357     0.0025     4.3797   41.99586    2.79776    121.822    25.6581    25.6383    1481.85          0      14475          2  0.000e+00
  430517577     75.377     76.034   3.450277   3.449632    32.9738    32.9506     8.1688     8.1863     8.1613     8.1788     0.0000     0.0000     0.1111    93.8357     0.0025     4.3797   41.99945    2.79804    121.834    25.6592    25.6384    1481.85          0      14476          2  0.000e+00
  430517577     75.364     76.022   3.450277   3.449632    32.9745    32.9503     8.1682     8.1866     8.1607     8.1790     0.0000     0.0000     0.1111    93.8357     0.0025     4.3797   41.94816    2.79466    121.687    25.6598    25.6381    1481.85          0      14477          2  0.000e+00
  430517577     75.364     76.022   3.450310   3.449632    32.9753    32.9504     8.1677     8.1865     8.1602     8.1790     0.0000     0.0000     0.1111    93.8357     0.0025     4.3797   42.00722    2.79860    121.859    25.6605    25.6382    1481.85          0      14478          2  0.000e+00
  430517577     75.377     76.034   3.450304   3.449607    32.9755    32.9499     8.1674     8.1867     8.1599     8.1792     0.0000     0.0000     0.1123    93.8357     0.0025     4.3797   41.94554    2.79451    121.680    25.6607    25.6378    1481.85          0      14479          2  0.000e+00
  430517577     75.408     76.066   3.450310   3.449620    32.9755    32.9507     8.1674     8.1860     8.1599     8.1785     0.0000     0.0000     0.1111    93.8096     0.0026     4.3785   41.95073    2.79486    121.695    25.6607    25.6385    1481.85          0      14480          2  0.000e+00
  430517577     75.377     76.034   3.450277   3.449652    32.9752    32.9523     8.1674     8.1847     8.1599     8.1772     0.0000     0.0000     0.1111    93.8096     0.0026     4.3785   41.95649    2.79525    121.713    25.6605    25.6399    1481.85          0      14481          2  0.000e+00
  430517577     75.452     76.110   3.450290   3.449665    32.9756    32.9518     8.1671     8.1853     8.1595     8.1778     0.0000     0.0000     0.1123    93.8357     0.0025     4.3797   41.96377    2.79574    121.734    25.6608    25.6395    1481.85          0      14482          2  0.000e+00
  430517577     75.408     76.066   3.450317   3.449665    32.9761    32.9523     8.1669     8.1848     8.1594     8.1773     0.0000     0.0000     0.1123    93.8357     0.0025     4.3797   41.94847    2.79473    121.690    25.6612    25.6400    1481.85          0      14483          2  0.000e+00
  430517577     75.421     76.078   3.450330   3.449710    32.9762    32.9544     8.1669     8.1831     8.1594     8.1756     0.0000     0.0000     0.1123    93.8096     0.0026     4.3785   41.94489    2.79449    121.679    25.6613    25.6418    1481.85          0      14484          2  0.000e+00
  430517577     75.408     76.066   3.450284   3.449768    32.9760    32.9573     8.1666     8.1806     8.1591     8.1731     0.0000     0.0000     0.1123    93.8096     0.0026     4.3785   41.94165    2.79429    121.671    25.6612    25.6445    1481.85          0      14485          2  0.000e+00
  430517577     75.502     76.160   3.450291   3.449807    32.9760    32.9601     8.1666     8.1781     8.1591     8.1705     0.0000     0.0000     0.1123    94.1758     0.0024     4.3956   41.93941    2.79414    121.664    25.6612    25.6471    1481.85          0      14486          2  0.000e+00
  430517577     75.421     76.078   3.450297   3.449840    32.9765    32.9615     8.1662     8.1770     8.1587     8.1695     0.0000     0.0000     0.1123    94.4374     0.0023     4.4078   41.93671    2.79398    121.657    25.6616    25.6483    1481.84          0      14487          2  0.000e+00
  430517577     75.452     76.110   3.450277   3.449853    32.9764    32.9628     8.1661     8.1757     8.1586     8.1682     0.0000     0.0000     0.1123    94.4636     0.0023     4.4090   42.00094    2.79827    121.844    25.6616    25.6495    1481.84          0      14488          2  0.000e+00
  430517578     75.470     76.129   3.450271   3.449872    32.9758    32.9633     8.1666     8.1754     8.1591     8.1679     0.0000     0.0000     0.1136    94.4374     0.0023     4.4078   41.99873    2.79810    121.837    25.6611    25.6500    1481.85          0      14489          2  0.000e+00
  430517578     75.452     76.110   3.450277   3.449807    32.9758    32.9630     8.1667     8.1750     8.1592     8.1675     0.0000     0.0000     0.1123    94.4374     0.0023     4.4078   42.00730    2.79866    121.861    25.6610    25.6498    1481.85          0      14490          2  0.000e+00
  430517578     75.502     76.160   3.450271   3.449833    32.9761    32.9649     8.1663     8.1733     8.1588     8.1657     0.0000     0.0000     0.1123    94.4374     0.0023     4.4078   41.93898    2.79413    121.664    25.6613    25.6515    1481.85          0      14491          2  0.000e+00
  430517578     75.470     76.129   3.450291   3.449872    32.9773    32.9680     8.1653     8.1704     8.1578     8.1629     0.0000     0.0000     0.1123    94.4374     0.0023     4.4078   41.93659    2.79402    121.659    25.6624    25.6544    1481.84          0      14492          2  0.000e+00
  430517578     75.502     76.160   3.450297   3.449924    32.9776    32.9698     8.1650     8.1691     8.1575     8.1616     0.0000     0.0000     0.1123    94.4374     0.0023     4.4078   41.93494    2.79392    121.654    25.6627    25.6559    1481.84          0      14493          2  0.000e+00
  430517578     75.514     76.173   3.450277   3.449924    32.9775    32.9668     8.1648     8.1723     8.1573     8.1648     0.0000     0.0000     0.1123    94.4374     0.0023     4.4078   41.93365    2.79384    121.651    25.6627    25.6531    1481.84          0      14494          2  0.000e+00
  430517578     75.452     76.110   3.450271   3.449891    32.9772    32.9639     8.1652     8.1750     8.1577     8.1675     0.0000     0.0000     0.1123    94.4374     0.0023     4.4078   41.92097    2.79298    121.614    25.6623    25.6505    1481.84          0      14495          2  0.000e+00
  430517578     75.502     76.160   3.450291   3.449859    32.9774    32.9634     8.1651     8.1752     8.1576     8.1677     0.0000     0.0000     0.1123    94.4374     0.0023     4.4078   41.98621    2.79733    121.803    25.6625    25.6500    1481.84          0      14496          2  0.000e+00
  430517578     75.514     76.173   3.450277   3.449853    32.9775    32.9643     8.1648     8.1741     8.1573     8.1665     0.0000     0.0000     0.1123    94.4374     0.0023     4.4078   42.00775    2.79878    121.866    25.6627    25.6510    1481.84          0      14497          2  0.000e+00
  430517578     75.502     76.160   3.450271   3.449898    32.9779    32.9668     8.1643     8.1720     8.1568     8.1645     0.0000     0.0000     0.1123    94.4374     0.0023     4.4078   42.01822    2.79950    121.897    25.6631    25.6532    1481.84          0      14498          2  0.000e+00
  430517578     75.502     76.160   3.450271   3.449956    32.9782    32.9684     8.1640     8.1709     8.1565     8.1634     0.0000     0.0000     0.1136    94.4374     0.0023     4.4078   42.02874    2.80022    121.929    25.6633    25.6546    1481.84          0      14499          2  0.000e+00
  430517578     75.514     76.173   3.450277   3.449975    32.9785    32.9685     8.1638     8.1710     8.1563     8.1635     0.0000     0.0000     0.1136    94.4374     0.0023     4.4078   42.03932    2.80093    121.960    25.6635    25.6547    1481.84          0      14500          2  0.000e+00
  430517578     75.545     76.204   3.450271   3.449995    32.9787    32.9685     8.1635     8.1712     8.1560     8.1637     0.0000     0.0000     0.1123    94.4374     0.0023     4.4078   41.97272    2.79651    121.767    25.6638    25.6547    1481.84          0      14501          2  0.000e+00
  430517578     75.470     76.129   3.450271   3.449956    32.9788    32.9671     8.1634     8.1723     8.1559     8.1648     0.0000     0.0000     0.1123    94.4374     0.0023     4.4078   41.97187    2.79646    121.765    25.6639    25.6534    1481.84          0      14502          2  0.000e+00
  430517578     75.545     76.204   3.450291   3.449963    32.9792    32.9676     8.1632     8.1718     8.1557     8.1643     0.0000     0.0000     0.1123    94.4374     0.0023     4.4078   41.90640    2.79210    121.575    25.6642    25.6538    1481.84          0      14503          2  0.000e+00
  430517578     75.502     76.160   3.450297   3.450021    32.9796    32.9695     8.1629     8.1704     8.1554     8.1629     0.0000     0.0000     0.1136    94.4374     0.0023     4.4078   41.88472    2.79067    121.513    25.6645    25.6556    1481.84          0      14504          2  0.000e+00
  430517578     75.514     76.173   3.450277   3.450060    32.9795    32.9708     8.1627     8.1696     8.1552     8.1621     0.0000     0.0000     0.1123    94.4374     0.0023     4.4078   41.94109    2.79444    121.677    25.6646    25.6567    1481.84          0      14505          2  0.000e+00
  430517578     75.502     76.160   3.450271   3.450021    32.9791    32.9712     8.1630     8.1687     8.1555     8.1611     0.0000     0.0000     0.1123    94.4897     0.0023     4.4103   41.94283    2.79454    121.681    25.6642    25.6571    1481.84          0      14506          2  0.000e+00
  430517578     75.470     76.129   3.450271   3.450008    32.9791    32.9720     8.1630     8.1676     8.1555     8.1601     0.0000     0.0000     0.1136    94.5682     0.0022     4.4139   41.94495    2.79468    121.687    25.6642    25.6579    1481.84          0      14507          2  0.000e+00
  430517578     75.545     76.204   3.450271   3.450008    32.9791    32.9723     8.1630     8.1673     8.1555     8.1598     0.0000     0.0000     0.1136    94.5682     0.0022     4.4139   42.00255    2.79852    121.854    25.6642    25.6582    1481.84          0      14508          2  0.000e+00
  430517578     75.452     76.110   3.450271   3.449956    32.9792    32.9716     8.1630     8.1675     8.1555     8.1600     0.0000     0.0000     0.1148    94.5682     0.0022     4.4139   41.93800    2.79422    121.667    25.6643    25.6576    1481.84          0      14509          2  0.000e+00
  430517578     75.514     76.173   3.450277   3.449846    32.9792    32.9693     8.1630     8.1688     8.1555     8.1612     0.0000     0.0000     0.1136    94.5682     0.0022     4.4139   41.94062    2.79439    121.675    25.6642    25.6556    1481.84          0      14510          2  0.000e+00
  430517578     75.502     76.160   3.450291   3.449775    32.9793    32.9667     8.1630     8.1707     8.1555     8.1632     0.0000     0.0000     0.1136    94.5682     0.0022     4.4139   41.94329    2.79456    121.682    25.6644    25.6533    1481.84          0      14511          2  0.000e+00
  430517578     75.470     76.129   3.450297   3.449665    32.9796    32.9631     8.1629     8.1733     8.1554     8.1658     0.0000     0.0000     0.1136    94.5682     0.0022     4.4139   42.01221    2.79916    121.882    25.6646    25.6501    1481.84          0      14512          2  0.000e+00
  430517579     75.502     76.160   3.450277   3.449536    32.9793    32.9604     8.1630     8.1747     8.1555     8.1672     0.0000     0.0000     0.1136    94.5682     0.0022     4.4139   41.96065    2.79572    121.733    25.6643    25.6477    1481.84          0      14513          2  0.000e+00
  430517762     59.906     60.426   3.472936   3.472814    32.4006    32.4017     9.0534     9.0508     9.0471     9.0445     0.0000     0.0000     0.1148    96.2163     0.0015     4.4908   48.67962    3.19143    139.043    25.0759    25.0771    1484.20          1      18902          3  0.000e+00
  430517762     59.862     60.382   3.472896   3.472846    32.4009    32.4019     9.0526     9.0509     9.0463     9.0446     0.0000     0.0000     0.1160    96.2163     0.0015     4.4908   48.62118    3.18765    138.878    25.0763    25.0773    1484.19          1      18903          3  0.000e+00
  430517762     59.862     60.382   3.472902   3.472814    32.4020    32.4007     9.0515     9.0520     9.0452     9.0457     0.0000     0.0000     0.1148    96.2163     0.0015     4.4908   48.68382    3.19182    139.059    25.0773    25.0762    1484.19          1      18904          3  0.000e+00
  430517762     59.818     60.338   3.472889   3.472820    32.4022    32.4001     9.0511     9.0527     9.0449     9.0464     0.0000     0.0000     0.1148    96.2686     0.0015     4.4933   48.62665    3.18809    138.897    25.0775    25.0756    1484.19          1      18905          3  0.000e+00
  430517762     59.862     60.382   3.472902   3.472833    32.4023    32.4001     9.0511     9.0528     9.0448     9.0465     0.0000     0.0000     0.1148    96.3471     0.0015     4.4969   48.69080    3.19229    139.080    25.0776    25.0756    1484.19          1      18906          3  0.000e+00
  430517762     59.862     60.382   3.472856   3.472762    32.4018    32.4006     9.0511     9.0514     9.0448     9.0451     0.0000     0.0000     0.1148    96.3471     0.0015     4.4969   48.70038    3.19293    139.108    25.0772    25.0762    1484.19          1      18907          3  0.000e+00
  430517762     59.769     60.288   3.472869   3.472619    32.4022    32.4015     9.0510     9.0489     9.0447     9.0426     0.0000     0.0000     0.1148    96.3733     0.0015     4.4982   48.70982    3.19355    139.135    25.0775    25.0772    1484.19          1      18908          3  0.000e+00
  430517762     59.862     60.382   3.472902   3.472561    32.4025    32.4025     9.0510     9.0471     9.0447     9.0408     0.0000     0.0000     0.1160    96.3733     0.0015     4.4982   48.72085    3.19427    139.166    25.0777    25.0783    1484.19          1      18909          3  0.000e+00
  430517762     59.818     60.338   3.472909   3.472555    32.4020    32.4033     9.0516     9.0461     9.0453     9.0398     0.0000     0.0000     0.1160    96.3471     0.0015     4.4969   48.79662    3.19920    139.381    25.0772    25.0791    1484.19          1      18910          3  0.000e+00
