ROS/FK009A_CTD035_20130827.ros
* Sea-Bird SBE 9 Data File:
* FileName = C:\Falkor-Data-2013\FK009A\CTD\FK009A_CTD034_20130827.hex
* Software Version Seasave V 7.21f
* Temperature SN = 5483
* Conductivity SN = 3916
* Number of Bytes Per Scan = 41
* Number of Voltage Words = 4
* Number of Scans Averaged by the Deck Unit = 1
* NMEA Latitude = 48 28.31 N
* NMEA Longitude = 125 19.44 W
* NMEA UTC (Time) = Aug 27 2013 00:14:51
* NMEA baud rate = 4800
** Ship: RV Falkor
** Station: MB07
** Operator: CP
# nquan = 27
# nvalues = 490                                   
# units = specified
# name 0 = timeQ: Time, NMEA [seconds]
# name 1 = depSM: Depth [salt water, m]
# name 2 = prDM: Pressure, Digiquartz [db]
# name 3 = c0S/m: Conductivity [S/m]
# name 4 = c1S/m: Conductivity, 2 [S/m]
# name 5 = sal00: Salinity, Practical [PSU]
# name 6 = sal11: Salinity, Practical, 2 [PSU]
# name 7 = t090C: Temperature [ITS-90, deg C]
# name 8 = t190C: Temperature, 2 [ITS-90, deg C]
# name 9 = potemp090C: Potential Temperature [ITS-90, deg C]
# name 10 = potemp190C: Potential Temperature, 2 [ITS-90, deg C]
# name 11 = v2: Voltage 2
# name 12 = v3: Voltage 3
# name 13 = v0: Voltage 0
# name 14 = CStarTr0: Beam Transmission, WET Labs C-Star [%]
# name 15 = CStarAt0: Beam Attenuation, WET Labs C-Star [1/m]
# name 16 = v5: Voltage 5
# name 17 = sbeox0PS: Oxygen, SBE 43 [% saturation]
# name 18 = sbeox0ML/L: Oxygen, SBE 43 [ml/l]
# name 19 = sbeox0Mm/Kg: Oxygen, SBE 43 [umol/Kg]
# name 20 = sigma-é00: Density [sigma-theta, Kg/m^3]
# name 21 = sigma-é11: Density, 2 [sigma-theta, Kg/m^3]
# name 22 = svCM: Sound Velocity [Chen-Millero, m/s]
# name 23 = modError: Modulo Error Count
# name 24 = scan: Scan Count
# name 25 = nbf: Bottles Fired
# name 26 = flag:  0.000e+00
# interval = seconds: 0.0416667
# start_time = Jan 01 2000 00:14:51 [NMEA time, first data scan]
# bad_flag = -9.990e-29
*END*
[from data line 323]
  430879359     30.655     30.918   3.497763   3.497286    32.9139    32.9146     8.7906     8.7844     8.7875     8.7813     0.0000     0.0000     0.1648    96.4517     0.0014     4.5018   49.19056    3.23307    140.796    25.5178    25.5194    1483.37         10      39996          7  0.000e+00
  430879359     30.705     30.968   3.497817   3.497371    32.9142    32.9136     8.7908     8.7864     8.7876     8.7833     0.0000     0.0000     0.1648    96.4517     0.0014     4.5018   49.18868    3.23293    140.790    25.5181    25.5183    1483.37         10      39997          7  0.000e+00
  430879359     30.661     30.924   3.497810   3.497449    32.9140    32.9133     8.7910     8.7877     8.7878     8.7845     0.0000     0.0000     0.1661    96.4517     0.0014     4.5018   49.10765    3.22759    140.558    25.5179    25.5179    1483.37         10      39998          7  0.000e+00
  430879359     30.748     31.012   3.497790   3.497494    32.9144    32.9133     8.7903     8.7882     8.7871     8.7850     0.0000     0.0000     0.1648    96.4517     0.0014     4.5018   49.09037    3.22650    140.510    25.5183    25.5178    1483.37         10      39999          7  0.000e+00
  430879360     30.748     31.012   3.497770   3.497488    32.9140    32.9138     8.7905     8.7876     8.7873     8.7844     0.0000     0.0000     0.1648    96.4517     0.0014     4.5018   49.14620    3.23016    140.669    25.5180    25.5182    1483.37         10      40000          7  0.000e+00
  430879360     30.748     31.012   3.497790   3.497241    32.9142    32.9136     8.7905     8.7849     8.7873     8.7818     0.0000     0.0000     0.1648    96.4779     0.0014     4.5031   49.08031    3.22583    140.481    25.5181    25.5185    1483.37         10      40001          7  0.000e+00
  430879360     30.798     31.063   3.497757   3.497020    32.9142    32.9162     8.7901     8.7797     8.7869     8.7765     0.0000     0.0000     0.1648    96.4517     0.0014     4.5018   49.06756    3.22502    140.445    25.5182    25.5213    1483.37         10      40002          7  0.000e+00
  430879360     30.798     31.063   3.497189   3.496740    32.9122    32.9156     8.7858     8.7772     8.7827     8.7740     0.0000     0.0000     0.1648    96.4517     0.0014     4.5018   49.11809    3.22869    140.605    25.5173    25.5212    1483.35         10      40003          7  0.000e+00
  430879360     30.842     31.107   3.496281   3.496493    32.9174    32.9171     8.7701     8.7727     8.7669     8.7695     0.0000     0.0000     0.1648    96.4779     0.0014     4.5031   49.18911    3.23438    140.852    25.5237    25.5231    1483.30         10      40004          7  0.000e+00
  430879360     30.798     31.063   3.495894   3.496441    32.9210    32.9187     8.7618     8.7705     8.7586     8.7673     0.0000     0.0000     0.1648    96.4517     0.0014     4.5018   49.19128    3.23504    140.881    25.5278    25.5247    1483.27         10      40005          7  0.000e+00
  430879360     30.886     31.151   3.495393   3.496045    32.9226    32.9187     8.7545     8.7660     8.7513     8.7628     0.0000     0.0000     0.1648    96.4779     0.0014     4.5031   49.19160    3.23556    140.903    25.5302    25.5254    1483.25         10      40006          7  0.000e+00
  430879360     30.892     31.157   3.494799   3.495291    32.9258    32.9227     8.7443     8.7532     8.7411     8.7500     0.0000     0.0000     0.1661    96.4779     0.0014     4.5031   49.18901    3.23606    140.924    25.5343    25.5305    1483.21         10      40007          7  0.000e+00
  430879360     30.886     31.151   3.494345   3.494589    32.9288    32.9271     8.7359     8.7406     8.7327     8.7374     0.0000     0.0000     0.1673    96.4517     0.0014     4.5018   49.18356    3.23624    140.931    25.5380    25.5358    1483.19         10      40008          7  0.000e+00
  430879360     30.886     31.151   3.493811   3.493972    32.9305    32.9293     8.7281     8.7312     8.7249     8.7280     0.0000     0.0000     0.1661    96.4517     0.0014     4.5018   49.17547    3.23623    140.931    25.5405    25.5391    1483.16         10      40009          7  0.000e+00
  430879360     30.936     31.201   3.493337   3.493426    32.9341    32.9352     8.7189     8.7187     8.7157     8.7155     0.0000     0.0000     0.1661    96.5302     0.0014     4.5055   49.16518    3.23615    140.926    25.5447    25.5456    1483.13         10      40010          7  0.000e+00
  430879360     30.936     31.201   3.493036   3.493036    32.9371    32.9369     8.7123     8.7125     8.7091     8.7093     0.0000     0.0000     0.1661    96.5564     0.0014     4.5067   49.16268    3.23640    140.937    25.5481    25.5479    1483.11         10      40011          7  0.000e+00
  430879360     30.936     31.201   3.492789   3.492756    32.9383    32.9330     8.7083     8.7135     8.7051     8.7103     0.0000     0.0000     0.1661    96.5564     0.0014     4.5067   49.15776    3.23634    140.934    25.5496    25.5447    1483.10         10      40012          7  0.000e+00
  430879360     30.979     31.245   3.492509   3.492341    32.9392    32.9353     8.7041     8.7064     8.7009     8.7032     0.0000     0.0000     0.1661    96.5564     0.0014     4.5067   49.16191    3.23690    140.958    25.5510    25.5475    1483.08         10      40013          7  0.000e+00
  430879360     30.979     31.245   3.492249   3.491990    32.9428    32.9437     8.6973     8.6934     8.6941     8.6902     0.0000     0.0000     0.1661    96.5302     0.0014     4.5055   49.15327    3.23674    140.951    25.5548    25.5561    1483.06         10      40014          7  0.000e+00
  430879360     31.023     31.289   3.492035   3.491867    32.9449    32.9489     8.6926     8.6864     8.6894     8.6832     0.0000     0.0000     0.1661    96.5564     0.0014     4.5067   49.14254    3.23633    140.933    25.5572    25.5612    1483.05         10      40015          7  0.000e+00
  430879451     21.898     22.085   3.528890   3.528920    32.7743    32.7725     9.2963     9.2986     9.2940     9.2963     0.0000     0.0000     0.1783    96.3733     0.0015     4.4982   55.00555    3.57819    155.854    25.3293    25.3276    1484.92         10      42198          8  0.000e+00
  430879451     21.941     22.129   3.528548   3.528894    32.7800    32.7722     9.2863     9.2987     9.2840     9.2963     0.0000     0.0000     0.1783    96.3733     0.0015     4.4982   54.95421    3.57551    155.737    25.3353    25.3273    1484.89         10      42199          8  0.000e+00
  430879451     21.848     22.035   3.528427   3.528933    32.7803    32.7722     9.2847     9.2991     9.2823     9.2968     0.0000     0.0000     0.1783    96.3733     0.0015     4.4982   54.94515    3.57504    155.716    25.3358    25.3272    1484.89         10      42200          8  0.000e+00
  430879451     21.941     22.129   3.528662   3.529089    32.7773    32.7707     9.2905     9.3025     9.2882     9.3001     0.0000     0.0000     0.1783    96.3994     0.0015     4.4994   54.93650    3.57409    155.675    25.3326    25.3255    1484.90         10      42201          8  0.000e+00
  430879451     21.848     22.035   3.528856   3.529279    32.7755    32.7702     9.2947     9.3052     9.2924     9.3029     0.0000     0.0000     0.1832    96.3733     0.0015     4.4982   54.92621    3.57313    155.634    25.3305    25.3247    1484.92         10      42202          8  0.000e+00
  430879451     21.848     22.035   3.528990   3.529422    32.7750    32.7698     9.2967     9.3072     9.2944     9.3049     0.0000     0.0000     0.2161    96.3733     0.0015     4.4982   54.91631    3.57233    155.599    25.3298    25.3241    1484.92         10      42203          8  0.000e+00
  430879451     21.848     22.035   3.529024   3.529500    32.7744    32.7699     9.2978     9.3080     9.2955     9.3057     0.0000     0.0000     0.2308    96.3733     0.0015     4.4982   54.90604    3.57160    155.567    25.3291    25.3240    1484.93         10      42204          8  0.000e+00
  430879451     21.848     22.035   3.528997   3.529448    32.7735    32.7690     9.2984     9.3085     9.2961     9.3061     0.0000     0.0000     0.2308    96.3733     0.0015     4.4982   54.90600    3.57156    155.566    25.3284    25.3232    1484.93         10      42205          8  0.000e+00
  430879451     21.804     21.991   3.529037   3.529259    32.7738    32.7692     9.2985     9.3061     9.2962     9.3037     0.0000     0.0000     0.2283    96.3733     0.0015     4.4982   54.90568    3.57153    155.564    25.3286    25.3238    1484.93         10      42206          8  0.000e+00
  430879451     21.804     21.991   3.529057   3.529083    32.7739    32.7702     9.2987     9.3030     9.2964     9.3007     0.0000     0.0000     0.2271    96.3733     0.0015     4.4982   54.90567    3.57151    155.563    25.3286    25.3251    1484.93         10      42207          8  0.000e+00
  430879452     21.804     21.991   3.529057   3.529083    32.7737    32.7714     9.2989     9.3017     9.2966     9.2994     0.0000     0.0000     0.2283    96.3733     0.0015     4.4982   54.90566    3.57150    155.563    25.3285    25.3262    1484.93         10      42208          8  0.000e+00
  430879452     21.754     21.941   3.529151   3.529220    32.7739    32.7712     9.2998     9.3035     9.2975     9.3012     0.0000     0.0000     0.2283    96.3733     0.0015     4.4982   54.90525    3.57140    155.559    25.3284    25.3258    1484.93         10      42209          8  0.000e+00
  430879452     21.754     21.941   3.529278   3.529337    32.7738    32.7708     9.3013     9.3053     9.2990     9.3029     0.0000     0.0000     0.2283    96.3733     0.0015     4.4982   54.90515    3.57127    155.553    25.3281    25.3251    1484.94         10      42210          8  0.000e+00
  430879452     21.705     21.890   3.529593   3.529526    32.7747    32.7707     9.3039     9.3075     9.3016     9.3052     0.0000     0.0000     0.2283    96.3733     0.0015     4.4982   54.90463    3.57102    155.542    25.3284    25.3247    1484.95         10      42211          8  0.000e+00
  430879452     21.667     21.853   3.529834   3.529650    32.7730    32.7705     9.3085     9.3091     9.3062     9.3068     0.0000     0.0000     0.2283    96.3994     0.0015     4.4994   54.90408    3.57066    155.527    25.3264    25.3243    1484.96         10      42212          8  0.000e+00
  430879452     21.711     21.897   3.529901   3.529722    32.7713    32.7695     9.3111     9.3110     9.3087     9.3087     0.0000     0.0000     0.2283    96.4256     0.0015     4.5006   54.83959    3.56630    155.337    25.3246    25.3232    1484.97         10      42213          8  0.000e+00
  430879452     21.617     21.802   3.529915   3.529761    32.7705    32.7690     9.3122     9.3120     9.3099     9.3097     0.0000     0.0000     0.2295    96.4256     0.0015     4.5006   54.82909    3.56555    155.304    25.3238    25.3227    1484.97         10      42214          8  0.000e+00
  430879452     21.617     21.802   3.529935   3.529768    32.7705    32.7682     9.3124     9.3130     9.3100     9.3107     0.0000     0.0000     0.2295    96.4256     0.0015     4.5006   54.81974    3.56493    155.277    25.3238    25.3219    1484.97         10      42215          8  0.000e+00
  430879452     21.574     21.758   3.529922   3.529748    32.7703    32.7682     9.3125     9.3128     9.3102     9.3105     0.0000     0.0000     0.2283    96.4256     0.0015     4.5006   54.82112    3.56501    155.281    25.3236    25.3219    1484.97         10      42216          8  0.000e+00
  430879452     21.530     21.714   3.529955   3.529689    32.7701    32.7683     9.3130     9.3120     9.3107     9.3097     0.0000     0.0000     0.2283    96.4256     0.0015     4.5006   54.88796    3.56932    155.469    25.3234    25.3221    1484.97         10      42217          8  0.000e+00
  430879452     21.574     21.758   3.529928   3.529657    32.7702    32.7688     9.3127     9.3111     9.3104     9.3088     0.0000     0.0000     0.2283    96.4256     0.0015     4.5006   54.89084    3.56953    155.478    25.3235    25.3227    1484.97         10      42218          8  0.000e+00
  430879452     21.480     21.664   3.529841   3.529598    32.7698    32.7684     9.3122     9.3109     9.3099     9.3086     0.0000     0.0000     0.2295    96.4256     0.0015     4.5006   54.88214    3.56901    155.456    25.3232    25.3224    1484.97         10      42219          8  0.000e+00
  430879452     21.480     21.664   3.529767   3.529579    32.7699    32.7685     9.3112     9.3106     9.3089     9.3083     0.0000     0.0000     0.2295    96.4256     0.0015     4.5006   54.87371    3.56854    155.435    25.3235    25.3225    1484.96         10      42220          8  0.000e+00
  430879452     21.393     21.576   3.529680   3.529559    32.7701    32.7688     9.3101     9.3101     9.3078     9.3078     0.0000     0.0000     0.2283    96.4256     0.0015     4.5006   54.81023    3.56450    155.259    25.3238    25.3228    1484.96         10      42221          8  0.000e+00
  430879452     21.437     21.620   3.529539   3.529500    32.7702    32.7692     9.3083     9.3090     9.3060     9.3067     0.0000     0.0000     0.2283    96.4256     0.0015     4.5006   54.80258    3.56413    155.243    25.3242    25.3233    1484.95         10      42222          8  0.000e+00
  430879452     21.343     21.526   3.529479   3.529461    32.7710    32.7697     9.3069     9.3080     9.3046     9.3057     0.0000     0.0000     0.2283    96.4256     0.0015     4.5006   54.78375    3.56301    155.194    25.3250    25.3239    1484.95         10      42223          8  0.000e+00
  430879452     21.343     21.526   3.529446   3.529644    32.7720    32.7706     9.3054     9.3091     9.3031     9.3068     0.0000     0.0000     0.2295    96.4256     0.0015     4.5006   54.83021    3.56612    155.329    25.3260    25.3244    1484.94         10      42224          8  0.000e+00
  430879452     21.343     21.526   3.529459   3.529872    32.7724    32.7709     9.3051     9.3114     9.3028     9.3091     0.0000     0.0000     0.2295    96.4256     0.0015     4.5006   54.83235    3.56628    155.336    25.3265    25.3242    1484.94         10      42225          8  0.000e+00
  430879452     21.206     21.387   3.529559   3.530016    32.7723    32.7695     9.3064     9.3146     9.3041     9.3123     0.0000     0.0000     0.2283    96.4256     0.0015     4.5006   54.83343    3.56625    155.335    25.3262    25.3226    1484.94         10      42226          8  0.000e+00
  430879452     21.250     21.431   3.529761   3.530127    32.7726    32.7679     9.3083     9.3176     9.3060     9.3153     0.0000     0.0000     0.2283    96.4256     0.0015     4.5006   54.83574    3.56624    155.334    25.3261    25.3209    1484.95         10      42227          8  0.000e+00
  430879452     21.162     21.343   3.529962   3.530153    32.7714    32.7670     9.3119     9.3188     9.3096     9.3166     0.0000     0.0000     0.2112    96.4256     0.0015     4.5006   54.77241    3.56186    155.144    25.3246    25.3200    1484.96         10      42228          8  0.000e+00
  430879452     21.162     21.343   3.530149   3.530126    32.7704    32.7664     9.3151     9.3192     9.3128     9.3170     0.0000     0.0000     0.1905    96.4256     0.0015     4.5006   54.76457    3.56113    155.112    25.3233    25.3195    1484.97         10      42229          8  0.000e+00
