ROS/FK009A_CTD035_20130827.ros
* Sea-Bird SBE 9 Data File:
* FileName = C:\Falkor-Data-2013\FK009A\CTD\FK009A_CTD034_20130827.hex
* Software Version Seasave V 7.21f
* Temperature SN = 5483
* Conductivity SN = 3916
* Number of Bytes Per Scan = 41
* Number of Voltage Words = 4
* Number of Scans Averaged by the Deck Unit = 1
* NMEA Latitude = 48 28.31 N
* NMEA Longitude = 125 19.44 W
* NMEA UTC (Time) = Aug 27 2013 00:14:51
* NMEA baud rate = 4800
** Ship: RV Falkor
** Station: MB07
** Operator: CP
# nquan = 27
# nvalues = 490                                   
# units = specified
# name 0 = timeQ: Time, NMEA [seconds]
# name 1 = depSM: Depth [salt water, m]
# name 2 = prDM: Pressure, Digiquartz [db]
# name 3 = c0S/m: Conductivity [S/m]
# name 4 = c1S/m: Conductivity, 2 [S/m]
# name 5 = sal00: Salinity, Practical [PSU]
# name 6 = sal11: Salinity, Practical, 2 [PSU]
# name 7 = t090C: Temperature [ITS-90, deg C]
# name 8 = t190C: Temperature, 2 [ITS-90, deg C]
# name 9 = potemp090C: Potential Temperature [ITS-90, deg C]
# name 10 = potemp190C: Potential Temperature, 2 [ITS-90, deg C]
# name 11 = v2: Voltage 2
# name 12 = v3: Voltage 3
# name 13 = v0: Voltage 0
# name 14 = CStarTr0: Beam Transmission, WET Labs C-Star [%]
# name 15 = CStarAt0: Beam Attenuation, WET Labs C-Star [1/m]
# name 16 = v5: Voltage 5
# name 17 = sbeox0PS: Oxygen, SBE 43 [% saturation]
# name 18 = sbeox0ML/L: Oxygen, SBE 43 [ml/l]
# name 19 = sbeox0Mm/Kg: Oxygen, SBE 43 [umol/Kg]
# name 20 = sigma-é00: Density [sigma-theta, Kg/m^3]
# name 21 = sigma-é11: Density, 2 [sigma-theta, Kg/m^3]
# name 22 = svCM: Sound Velocity [Chen-Millero, m/s]
# name 23 = modError: Modulo Error Count
# name 24 = scan: Scan Count
# name 25 = nbf: Bottles Fired
# name 26 = flag:  0.000e+00
# interval = seconds: 0.0416667
# start_time = Jan 01 2000 00:14:51 [NMEA time, first data scan]
# bad_flag = -9.990e-29
*END*
[from data line 269]
  430879243     50.824     51.263   3.401314   3.400988    33.6152    33.6138     6.9603     6.9581     6.9557     6.9535     0.0000     0.0000     0.0842    98.8323     0.0005     4.6129   17.32346    1.18130     51.403    26.3340    26.3332    1477.61          9      37208          6  0.000e+00
  430879243     50.811     51.250   3.401307   3.400982    33.6153    33.6141     6.9602     6.9578     6.9555     6.9532     0.0000     0.0000     0.0855    98.8323     0.0005     4.6129   17.32776    1.18159     51.416    26.3341    26.3334    1477.61          9      37209          6  0.000e+00
  430879243     50.855     51.294   3.401327   3.400976    33.6154    33.6147     6.9603     6.9570     6.9557     6.9524     0.0000     0.0000     0.0842    98.8323     0.0005     4.6129   17.33217    1.18189     51.429    26.3341    26.3341    1477.61          9      37210          6  0.000e+00
  430879243     50.855     51.294   3.401288   3.400956    33.6149    33.6151     6.9603     6.9564     6.9557     6.9518     0.0000     0.0000     0.0855    98.8323     0.0005     4.6129   17.33649    1.18219     51.442    26.3338    26.3344    1477.61          9      37211          6  0.000e+00
  430879243     50.868     51.307   3.401281   3.400950    33.6155    33.6154     6.9597     6.9560     6.9551     6.9514     0.0000     0.0000     0.0842    98.8323     0.0005     4.6129   17.34086    1.18250     51.455    26.3343    26.3347    1477.61          9      37212          6  0.000e+00
  430879243     50.905     51.344   3.401228   3.400898    33.6156    33.6148     6.9590     6.9560     6.9544     6.9514     0.0000     0.0000     0.0842    98.8323     0.0005     4.6129   17.34528    1.18282     51.469    26.3344    26.3343    1477.61          9      37213          6  0.000e+00
  430879243     50.905     51.344   3.401189   3.400905    33.6163    33.6154     6.9577     6.9556     6.9531     6.9510     0.0000     0.0000     0.0855    98.8323     0.0005     4.6129   17.36164    1.18396     51.519    26.3352    26.3347    1477.60          9      37214          6  0.000e+00
  430879243     50.961     51.401   3.401136   3.400873    33.6167    33.6159     6.9568     6.9546     6.9521     6.9500     0.0000     0.0000     0.0855    98.8323     0.0005     4.6129   17.31223    1.18062     51.373    26.3356    26.3353    1477.60          9      37215          6  0.000e+00
  430879243     50.949     51.388   3.401050   3.400834    33.6165    33.6164     6.9560     6.9537     6.9513     6.9490     0.0000     0.0000     0.0842    98.8323     0.0005     4.6129   17.38483    1.18559     51.590    26.3356    26.3358    1477.60          9      37216          6  0.000e+00
  430879243     50.949     51.388   3.401030   3.400828    33.6166    33.6162     6.9557     6.9538     6.9510     6.9492     0.0000     0.0000     0.0842    98.8323     0.0005     4.6129   17.39108    1.18602     51.609    26.3357    26.3356    1477.60          9      37217          6  0.000e+00
  430879243     50.949     51.388   3.401030   3.400828    33.6172    33.6159     6.9551     6.9541     6.9504     6.9495     0.0000     0.0000     0.0842    98.8323     0.0005     4.6129   17.46371    1.19099     51.825    26.3363    26.3354    1477.60          9      37218          6  0.000e+00
  430879243     51.011     51.451   3.401070   3.400866    33.6176    33.6161     6.9551     6.9543     6.9504     6.9497     0.0000     0.0000     0.0855    98.8323     0.0005     4.6129   17.48113    1.19217     51.876    26.3366    26.3355    1477.60          9      37219          6  0.000e+00
  430879243     50.999     51.439   3.401089   3.400815    33.6175    33.6156     6.9554     6.9543     6.9507     6.9497     0.0000     0.0000     0.0855    98.8323     0.0005     4.6129   17.43153    1.18878     51.729    26.3365    26.3351    1477.60          9      37220          6  0.000e+00
  430879244     51.086     51.527   3.401017   3.400770    33.6170    33.6160     6.9551     6.9534     6.9504     6.9487     0.0000     0.0000     0.0855    98.8323     0.0005     4.6129   17.43702    1.18917     51.746    26.3361    26.3355    1477.60          9      37221          6  0.000e+00
  430879244     50.999     51.439   3.400977   3.400763    33.6172    33.6169     6.9544     6.9524     6.9498     6.9477     0.0000     0.0000     0.0842    98.8323     0.0005     4.6129   17.44213    1.18953     51.761    26.3364    26.3364    1477.59          9      37222          6  0.000e+00
  430879244     51.055     51.495   3.400971   3.400763    33.6178    33.6170     6.9538     6.9522     6.9491     6.9476     0.0000     0.0000     0.0842    98.8323     0.0005     4.6129   17.44756    1.18992     51.778    26.3369    26.3365    1477.59          9      37223          6  0.000e+00
  430879244     51.086     51.527   3.400918   3.400718    33.6172    33.6169     6.9538     6.9518     6.9491     6.9471     0.0000     0.0000     0.0842    98.8323     0.0005     4.6129   17.45291    1.19029     51.794    26.3364    26.3365    1477.59          9      37224          6  0.000e+00
  430879244     51.042     51.483   3.400904   3.400673    33.6180    33.6171     6.9528     6.9511     6.9482     6.9465     0.0000     0.0000     0.0855    98.8323     0.0005     4.6129   17.45812    1.19066     51.811    26.3372    26.3367    1477.59          9      37225          6  0.000e+00
  430879244     51.086     51.527   3.400832   3.400603    33.6180    33.6172     6.9520     6.9502     6.9474     6.9455     0.0000     0.0000     0.0855    98.1783     0.0007     4.5824   17.46353    1.19106     51.828    26.3373    26.3370    1477.59          9      37226          6  0.000e+00
  430879244     51.098     51.539   3.400766   3.400583    33.6183    33.6173     6.9509     6.9499     6.9462     6.9452     0.0000     0.0000     0.0842    97.4981     0.0010     4.5507   17.46888    1.19145     51.845    26.3377    26.3371    1477.58          9      37227          6  0.000e+00
  430879244     51.086     51.527   3.400726   3.400532    33.6191    33.6175     6.9496     6.9491     6.9450     6.9444     0.0000     0.0000     0.0842    97.3673     0.0011     4.5446   17.47418    1.19184     51.861    26.3385    26.3373    1477.58          9      37228          6  0.000e+00
  430879244     51.086     51.527   3.400647   3.400538    33.6192    33.6176     6.9487     6.9490     6.9440     6.9444     0.0000     0.0000     0.0842    97.3935     0.0011     4.5458   17.47950    1.19223     51.878    26.3387    26.3374    1477.58          9      37229          6  0.000e+00
  430879244     51.086     51.527   3.400607   3.400570    33.6189    33.6178     6.9485     6.9492     6.9439     6.9446     0.0000     0.0000     0.0842    97.4197     0.0010     4.5470   17.47278    1.19177     51.859    26.3385    26.3375    1477.57          9      37230          6  0.000e+00
  430879244     51.098     51.539   3.400601   3.400603    33.6195    33.6172     6.9479     6.9502     6.9432     6.9455     0.0000     0.0000     0.0818    97.4197     0.0010     4.5470   17.46563    1.19130     51.838    26.3390    26.3369    1477.57          9      37231          6  0.000e+00
  430879244     51.086     51.527   3.400601   3.400590    33.6199    33.6176     6.9474     6.9497     6.9427     6.9450     0.0000     0.0000     0.0818    97.4197     0.0010     4.5470   17.45793    1.19078     51.816    26.3395    26.3373    1477.57          9      37232          6  0.000e+00
  430879358     30.063     30.320   3.498037   3.497936    32.9133    32.9113     8.7947     8.7957     8.7915     8.7925     0.0000     0.0000     0.1734    96.3471     0.0015     4.4969   49.06992    3.22487    140.439    25.5167    25.5150    1483.37         10      39967          7  0.000e+00
  430879358     30.063     30.320   3.498057   3.497904    32.9130    32.9114     8.7951     8.7952     8.7920     8.7921     0.0000     0.0000     0.1734    96.3471     0.0015     4.4969   49.00705    3.22070    140.258    25.5165    25.5151    1483.37         10      39968          7  0.000e+00
  430879358     30.150     30.408   3.498017   3.497910    32.9124    32.9110     8.7953     8.7957     8.7922     8.7925     0.0000     0.0000     0.1734    96.3733     0.0015     4.4982   49.00760    3.22074    140.259    25.5160    25.5148    1483.37         10      39969          7  0.000e+00
  430879358     30.106     30.364   3.498070   3.497943    32.9130    32.9110     8.7953     8.7960     8.7922     8.7929     0.0000     0.0000     0.1734    96.4256     0.0015     4.5006   49.07014    3.22484    140.438    25.5164    25.5147    1483.37         10      39970          7  0.000e+00
  430879358     30.150     30.408   3.498064   3.497923    32.9128    32.9109     8.7955     8.7959     8.7923     8.7927     0.0000     0.0000     0.1722    96.4256     0.0015     4.5006   49.06517    3.22451    140.423    25.5162    25.5147    1483.38         10      39971          7  0.000e+00
  430879358     30.150     30.409   3.498097   3.497936    32.9129    32.9109     8.7957     8.7960     8.7925     8.7929     0.0000     0.0000     0.1734    96.4256     0.0015     4.5006   49.18688    3.23249    140.771    25.5163    25.5147    1483.38         10      39972          7  0.000e+00
  430879358     30.156     30.415   3.498084   3.497949    32.9128    32.9110     8.7957     8.7960     8.7925     8.7929     0.0000     0.0000     0.1734    96.4256     0.0015     4.5006   49.14155    3.22951    140.641    25.5162    25.5148    1483.38         10      39973          7  0.000e+00
  430879358     30.200     30.459   3.498057   3.497923    32.9130    32.9118     8.7951     8.7949     8.7920     8.7917     0.0000     0.0000     0.1734    96.4256     0.0015     4.5006   49.07207    3.22498    140.444    25.5164    25.5156    1483.38         10      39974          7  0.000e+00
  430879358     30.200     30.459   3.498030   3.497891    32.9125    32.9116     8.7953     8.7947     8.7922     8.7916     0.0000     0.0000     0.1734    96.4256     0.0015     4.5006   49.06464    3.22449    140.423    25.5161    25.5154    1483.38         10      39975          7  0.000e+00
  430879359     30.243     30.503   3.498084   3.497884    32.9129    32.9117     8.7955     8.7946     8.7923     8.7914     0.0000     0.0000     0.1734    96.4256     0.0015     4.5006   49.10896    3.22738    140.549    25.5163    25.5155    1483.38         10      39976          7  0.000e+00
  430879359     30.243     30.503   3.498024   3.497884    32.9123    32.9119     8.7955     8.7944     8.7924     8.7912     0.0000     0.0000     0.1734    96.4256     0.0015     4.5006   49.10590    3.22719    140.540    25.5158    25.5157    1483.38         10      39977          7  0.000e+00
  430879359     30.293     30.553   3.497997   3.497884    32.9130    32.9114     8.7944     8.7949     8.7912     8.7917     0.0000     0.0000     0.1734    96.4256     0.0015     4.5006   49.11113    3.22760    140.558    25.5166    25.5152    1483.37         10      39978          7  0.000e+00
  430879359     30.293     30.553   3.497917   3.497832    32.9128    32.9114     8.7937     8.7942     8.7906     8.7911     0.0000     0.0000     0.1734    96.4256     0.0015     4.5006   49.11337    3.22780    140.567    25.5165    25.5154    1483.37         10      39979          7  0.000e+00
  430879359     30.337     30.597   3.497957   3.497819    32.9129    32.9119     8.7940     8.7936     8.7909     8.7904     0.0000     0.0000     0.1734    96.4256     0.0015     4.5006   49.11318    3.22776    140.565    25.5165    25.5158    1483.37         10      39980          7  0.000e+00
  430879359     30.337     30.597   3.498010   3.497819    32.9134    32.9120     8.7940     8.7934     8.7909     8.7903     0.0000     0.0000     0.1697    96.4256     0.0015     4.5006   49.11013    3.22755    140.556    25.5170    25.5159    1483.37         10      39981          7  0.000e+00
  430879359     30.337     30.597   3.497977   3.497793    32.9132    32.9121     8.7939     8.7931     8.7907     8.7899     0.0000     0.0000     0.1648    96.4256     0.0015     4.5006   49.10447    3.22719    140.540    25.5168    25.5160    1483.37         10      39982          7  0.000e+00
  430879359     30.430     30.692   3.497984   3.497767    32.9133    32.9123     8.7939     8.7925     8.7907     8.7893     0.0000     0.0000     0.1648    96.4256     0.0015     4.5006   49.03176    3.22241    140.332    25.5168    25.5163    1483.38         10      39983          7  0.000e+00
  430879359     30.381     30.641   3.497984   3.497715    32.9134    32.9128     8.7937     8.7914     8.7906     8.7882     0.0000     0.0000     0.1648    96.4256     0.0015     4.5006   49.08643    3.22601    140.489    25.5170    25.5169    1483.37         10      39984          7  0.000e+00
  430879359     30.430     30.692   3.497944   3.497696    32.9128    32.9126     8.7939     8.7913     8.7907     8.7881     0.0000     0.0000     0.1648    96.4256     0.0015     4.5006   49.15000    3.23019    140.671    25.5165    25.5168    1483.37         10      39985          7  0.000e+00
  430879359     30.474     30.736   3.497977   3.497696    32.9133    32.9129     8.7937     8.7910     8.7906     8.7878     0.0000     0.0000     0.1648    96.4256     0.0015     4.5006   49.14550    3.22990    140.658    25.5169    25.5170    1483.38         10      39986          7  0.000e+00
  430879359     30.474     30.736   3.497917   3.497696    32.9130    32.9128     8.7934     8.7912     8.7902     8.7880     0.0000     0.0000     0.1648    96.4256     0.0015     4.5006   49.07266    3.22514    140.451    25.5167    25.5169    1483.37         10      39987          7  0.000e+00
  430879359     30.474     30.736   3.497837   3.497618    32.9129    32.9125     8.7926     8.7906     8.7894     8.7874     0.0000     0.0000     0.1648    96.4256     0.0015     4.5006   49.12770    3.22882    140.611    25.5168    25.5168    1483.37         10      39988          7  0.000e+00
  430879359     30.518     30.780   3.497830   3.497533    32.9135    32.9125     8.7918     8.7896     8.7886     8.7864     0.0000     0.0000     0.1648    96.4256     0.0015     4.5006   49.12587    3.22874    140.608    25.5174    25.5169    1483.37         10      39989          7  0.000e+00
  430879359     30.568     30.830   3.497810   3.497533    32.9135    32.9127     8.7916     8.7894     8.7884     8.7862     0.0000     0.0000     0.1648    96.4517     0.0014     4.5018   49.12140    3.22846    140.596    25.5174    25.5171    1483.37         10      39990          7  0.000e+00
  430879359     30.518     30.780   3.497803   3.497540    32.9136    32.9135     8.7914     8.7886     8.7883     8.7854     0.0000     0.0000     0.1648    96.4517     0.0014     4.5018   49.12459    3.22868    140.605    25.5175    25.5178    1483.37         10      39991          7  0.000e+00
  430879359     30.568     30.830   3.497790   3.497494    32.9136    32.9127     8.7913     8.7889     8.7881     8.7857     0.0000     0.0012     0.1648    96.4779     0.0014     4.5031   49.19125    3.23308    140.796    25.5175    25.5172    1483.37         10      39992          7  0.000e+00
  430879359     30.617     30.880   3.497797   3.497475    32.9142    32.9128     8.7906     8.7886     8.7875     8.7854     0.0000     0.0000     0.1661    96.4517     0.0014     4.5018   49.20079    3.23374    140.825    25.5181    25.5173    1483.37         10      39993          7  0.000e+00
  430879359     30.611     30.874   3.497803   3.497403    32.9143    32.9129     8.7906     8.7877     8.7875     8.7845     0.0000     0.0000     0.1661    96.4517     0.0014     4.5018   49.20730    3.23416    140.844    25.5182    25.5175    1483.37         10      39994          7  0.000e+00
