ROS/FK009A_CTD002_20130819.ros
* Sea-Bird SBE 9 Data File:
* FileName = C:\Falkor-Data-2013\FK009A\CTD\FK009A_CTD002_20130819.hex
* Software Version Seasave V 7.21f
* Temperature SN = 5483
* Conductivity SN = 3916
* Number of Bytes Per Scan = 41
* Number of Voltage Words = 4
* Number of Scans Averaged by the Deck Unit = 1
* NMEA Latitude = 48 29.18 N
* NMEA Longitude = 124 41.11 W
* NMEA UTC (Time) = Aug 19 2013 17:16:41
* NMEA baud rate = 4800
** Ship:
** Station: JFG4a
** Operator:
# nquan = 27
# nvalues = 637                                   
# units = specified
# name 0 = timeQ: Time, NMEA [seconds]
# name 1 = depSM: Depth [salt water, m]
# name 2 = prDM: Pressure, Digiquartz [db]
# name 3 = c0S/m: Conductivity [S/m]
# name 4 = c1S/m: Conductivity, 2 [S/m]
# name 5 = sal00: Salinity, Practical [PSU]
# name 6 = sal11: Salinity, Practical, 2 [PSU]
# name 7 = t090C: Temperature [ITS-90, deg C]
# name 8 = t190C: Temperature, 2 [ITS-90, deg C]
# name 9 = potemp090C: Potential Temperature [ITS-90, deg C]
# name 10 = potemp190C: Potential Temperature, 2 [ITS-90, deg C]
# name 11 = v2: Voltage 2
# name 12 = v3: Voltage 3
# name 13 = v0: Voltage 0
# name 14 = CStarTr0: Beam Transmission, WET Labs C-Star [%]
# name 15 = CStarAt0: Beam Attenuation, WET Labs C-Star [1/m]
# name 16 = v5: Voltage 5
# name 17 = sbeox0PS: Oxygen, SBE 43 [% saturation]
# name 18 = sbeox0ML/L: Oxygen, SBE 43 [ml/l]
# name 19 = sbeox0Mm/Kg: Oxygen, SBE 43 [umol/Kg]
# name 20 = sigma-é00: Density [sigma-theta, Kg/m^3]
# name 21 = sigma-é11: Density, 2 [sigma-theta, Kg/m^3]
# name 22 = svCM: Sound Velocity [Chen-Millero, m/s]
# name 23 = modError: Modulo Error Count
# name 24 = scan: Scan Count
# name 25 = nbf: Bottles Fired
# name 26 = flag:  0.000e+00
# interval = seconds: 0.0416667
# start_time = Aug 19 2013 17:16:42 [NMEA time, first data scan]
# bad_flag = -9.990e-29
*END*
[from data line 323]
  430249341    101.571    102.460   3.448127   3.447967    32.9924    32.9912     8.1117     8.1113     8.1017     8.1012     2.1306     0.9133     0.1026    97.7859     0.0009     4.5641   44.11548    2.94244    128.119    25.6825    25.6816    1482.09          0      36957          7  0.000e+00
  430249341    101.477    102.366   3.448147   3.447915    32.9929    32.9910     8.1115     8.1109     8.1014     8.1008     2.1306     0.9133     0.1013    97.7859     0.0009     4.5641   43.89311    2.92761    127.473    25.6830    25.6816    1482.09          0      36958          7  0.000e+00
  430249341    101.477    102.366   3.448154   3.447922    32.9934    32.9913     8.1111     8.1107     8.1010     8.1006     2.1306     0.9133     0.1013    97.7859     0.0009     4.5641   43.94826    2.93131    127.634    25.6834    25.6818    1482.09          0      36959          7  0.000e+00
  430249341    101.477    102.366   3.448154   3.447954    32.9936    32.9919     8.1108     8.1104     8.1008     8.1003     2.1306     0.9133     0.1013    97.7336     0.0009     4.5617   43.96074    2.93215    127.671    25.6836    25.6823    1482.09          0      36960          7  0.000e+00
  430249341    101.383    102.271   3.448107   3.447915    32.9933    32.9919     8.1107     8.1100     8.1006     8.1000     2.1319     0.9121     0.1013    97.6813     0.0009     4.5592   43.97407    2.93306    127.710    25.6834    25.6824    1482.09          0      36961          7  0.000e+00
  430249341    101.383    102.271   3.448114   3.447948    32.9933    32.9923     8.1107     8.1099     8.1007     8.0999     2.1306     0.9121     0.1026    97.6813     0.0009     4.5592   44.04396    2.93772    127.913    25.6834    25.6827    1482.09          0      36962          7  0.000e+00
  430249341    101.340    102.227   3.448101   3.447928    32.9934    32.9928     8.1105     8.1093     8.1005     8.0992     2.1306     0.9121     0.1013    97.6813     0.0009     4.5592   43.99276    2.93432    127.765    25.6835    25.6832    1482.08          0      36963          7  0.000e+00
  430249341    101.296    102.183   3.448114   3.447902    32.9934    32.9924     8.1107     8.1094     8.1007     8.0993     2.1306     0.9133     0.1013    97.7074     0.0009     4.5604   43.93986    2.93077    127.611    25.6834    25.6829    1482.08          0      36964          7  0.000e+00
  430249341    101.296    102.183   3.448101   3.447902    32.9927    32.9928     8.1113     8.1089     8.1013     8.0989     2.1306     0.9133     0.1013    97.6813     0.0009     4.5592   43.92043    2.92945    127.553    25.6828    25.6832    1482.09          0      36965          7  0.000e+00
  430249341    101.246    102.133   3.448067   3.447877    32.9923    32.9923     8.1113     8.1092     8.1013     8.0992     2.1306     0.9121     0.1001    97.6813     0.0009     4.5592   43.97849    2.93333    127.722    25.6825    25.6828    1482.08          0      36966          7  0.000e+00
  430249342    101.246    102.133   3.448107   3.447870    32.9922    32.9922     8.1119     8.1093     8.1019     8.0992     2.1319     0.9121     0.0989    97.6813     0.0009     4.5592   43.91549    2.92909    127.538    25.6823    25.6827    1482.09          0      36967          7  0.000e+00
  430249342    101.152    102.038   3.448101   3.447915    32.9923    32.9926     8.1118     8.1094     8.1018     8.0994     2.1306     0.9121     0.0989    97.6813     0.0009     4.5592   43.89604    2.92780    127.482    25.6824    25.6830    1482.08          0      36968          7  0.000e+00
  430249342    101.202    102.089   3.448094   3.447864    32.9918    32.9919     8.1122     8.1096     8.1022     8.0995     2.1306     0.9133     0.0989    97.6813     0.0009     4.5592   43.87736    2.92654    127.427    25.6820    25.6824    1482.09          0      36969          7  0.000e+00
  430249342    101.109    101.994   3.448067   3.447844    32.9918    32.9918     8.1120     8.1094     8.1019     8.0994     2.1306     0.9133     0.0989    97.6813     0.0009     4.5592   43.85792    2.92526    127.371    25.6820    25.6824    1482.08          0      36970          7  0.000e+00
  430249342    101.065    101.950   3.448081   3.447844    32.9924    32.9922     8.1115     8.1090     8.1015     8.0990     2.1306     0.9121     0.0989    97.6813     0.0009     4.5592   43.83878    2.92400    127.316    25.6826    25.6827    1482.08          0      36971          7  0.000e+00
  430249342    101.065    101.950   3.448114   3.447844    32.9927    32.9926     8.1115     8.1086     8.1015     8.0986     2.1306     0.9109     0.0989    97.6813     0.0009     4.5592   43.88604    2.92714    127.453    25.6828    25.6831    1482.08          0      36972          7  0.000e+00
  430249342    101.015    101.900   3.448074   3.447844    32.9919    32.9928     8.1120     8.1084     8.1019     8.0984     2.1306     0.9121     0.0989    97.7074     0.0009     4.5604   43.87742    2.92656    127.427    25.6821    25.6833    1482.08          0      36973          7  0.000e+00
  430249342    100.971    101.856   3.448081   3.447818    32.9922    32.9927     8.1117     8.1082     8.1017     8.0982     2.1319     0.9109     0.0989    97.6813     0.0009     4.5592   43.80222    2.92155    127.209    25.6824    25.6833    1482.08          0      36974          7  0.000e+00
  430249342    100.928    101.812   3.448067   3.447831    32.9925    32.9927     8.1113     8.1084     8.1013     8.0984     2.1306     0.9133     0.0989    97.6813     0.0009     4.5592   43.78215    2.92023    127.152    25.6826    25.6832    1482.08          0      36975          7  0.000e+00
  430249342    100.928    101.812   3.448061   3.447864    32.9929    32.9923     8.1108     8.1092     8.1008     8.0992     2.1319     0.9121     0.0989    97.7074     0.0009     4.5604   43.76233    2.91893    127.095    25.6830    25.6828    1482.08          0      36976          7  0.000e+00
  430249493     72.208     72.836   3.469858   3.469702    31.9868    31.9854     9.4714     9.4712     9.4636     9.4634     2.0208     1.0098     0.1209    98.2568     0.0007     4.5861   48.89996    3.18487    138.809    24.6869    24.6857    1485.44          0      40603          8  0.000e+00
  430249493     72.208     72.836   3.469898   3.469734    31.9874    31.9855     9.4712     9.4715     9.4634     9.4637     2.0208     1.0098     0.1197    98.2568     0.0007     4.5861   48.84174    3.18108    138.644    24.6874    24.6858    1485.44          0      40604          8  0.000e+00
  430249493     72.134     72.760   3.469871   3.469721    31.9871    31.9848     9.4712     9.4721     9.4634     9.4643     2.0208     1.0098     0.1197    98.2568     0.0007     4.5861   48.83741    3.18080    138.632    24.6871    24.6852    1485.43          0      40605          8  0.000e+00
  430249493     72.165     72.792   3.469898   3.469708    31.9870    31.9848     9.4717     9.4720     9.4639     9.4642     2.0208     1.0110     0.1197    98.2568     0.0007     4.5861   48.76821    3.17626    138.434    24.6869    24.6852    1485.44          0      40606          8  0.000e+00
  430249493     72.165     72.792   3.469871   3.469689    31.9861    31.9849     9.4724     9.4716     9.4646     9.4638     2.0208     1.0110     0.1197    98.2568     0.0007     4.5861   48.81869    3.17952    138.577    24.6862    24.6853    1485.44          0      40607          8  0.000e+00
  430249493     72.115     72.741   3.469871   3.469701    31.9860    31.9848     9.4725     9.4719     9.4647     9.4641     2.0208     1.0098     0.1197    98.2306     0.0007     4.5849   48.87873    3.18342    138.747    24.6860    24.6852    1485.44          0      40608          8  0.000e+00
  430249494     72.134     72.760   3.469878   3.469708    31.9861    31.9847     9.4725     9.4721     9.4647     9.4643     2.0208     1.0098     0.1197    98.2568     0.0007     4.5861   48.81848    3.17950    138.576    24.6861    24.6851    1485.44          0      40609          8  0.000e+00
  430249494     72.115     72.741   3.469878   3.469708    31.9861    31.9847     9.4725     9.4721     9.4647     9.4643     2.0208     1.0098     0.1197    98.2568     0.0007     4.5861   48.81237    3.17910    138.558    24.6861    24.6851    1485.44          0      40610          8  0.000e+00
  430249494     72.115     72.741   3.469924   3.469689    31.9867    31.9845     9.4723     9.4721     9.4645     9.4643     2.0195     1.0098     0.1197    98.2306     0.0007     4.5849   48.80595    3.17868    138.540    24.6866    24.6849    1485.44          0      40611          8  0.000e+00
  430249494     72.090     72.716   3.469878   3.469701    31.9859    31.9849     9.4727     9.4718     9.4649     9.4640     2.0208     1.0098     0.1197    98.2306     0.0007     4.5849   48.79892    3.17822    138.520    24.6860    24.6853    1485.44          0      40612          8  0.000e+00
  430249494     72.115     72.741   3.469844   3.469689    31.9851    31.9849     9.4732     9.4716     9.4654     9.4638     2.0208     1.0110     0.1197    98.2568     0.0007     4.5861   48.79176    3.17773    138.499    24.6852    24.6853    1485.44          0      40613          8  0.000e+00
  430249494     72.071     72.697   3.469898   3.469701    31.9847    31.9849     9.4743     9.4719     9.4665     9.4641     2.0208     1.0110     0.1184    98.2568     0.0007     4.5861   48.78371    3.17714    138.473    24.6848    24.6852    1485.44          0      40614          8  0.000e+00
  430249494     72.071     72.697   3.469858   3.469682    31.9837    31.9847     9.4749     9.4718     9.4672     9.4640     2.0208     1.0110     0.1111    98.2568     0.0007     4.5861   48.78624    3.17728    138.479    24.6839    24.6852    1485.44          0      40615          8  0.000e+00
  430249494     71.996     72.622   3.469864   3.469656    31.9840    31.9841     9.4748     9.4723     9.4670     9.4645     2.0208     1.0098     0.1074    98.2568     0.0007     4.5861   48.85343    3.18166    138.670    24.6841    24.6846    1485.44          0      40616          8  0.000e+00
  430249494     72.028     72.653   3.469858   3.469669    31.9843    31.9837     9.4743     9.4728     9.4665     9.4650     2.0208     1.0098     0.1074    98.2829     0.0007     4.5873   48.86608    3.18251    138.707    24.6845    24.6842    1485.44          0      40617          8  0.000e+00
  430249494     72.028     72.653   3.469871   3.469676    31.9848    31.9834     9.4740     9.4733     9.4662     9.4655     2.0208     1.0110     0.1074    98.3353     0.0007     4.5897   48.81302    3.17907    138.557    24.6848    24.6839    1485.44          0      40618          8  0.000e+00
  430249494     71.953     72.578   3.469878   3.469611    31.9849    31.9827     9.4740     9.4733     9.4662     9.4655     2.0208     1.0110     0.1087    98.3353     0.0007     4.5897   48.80355    3.17845    138.530    24.6849    24.6834    1485.44          0      40619          8  0.000e+00
  430249494     71.978     72.603   3.469904   3.469630    31.9850    31.9830     9.4741     9.4732     9.4663     9.4654     2.0208     1.0110     0.1074    98.3091     0.0007     4.5885   48.79427    3.17783    138.503    24.6850    24.6836    1485.44          0      40620          8  0.000e+00
  430249494     71.934     72.559   3.469858   3.469669    31.9842    31.9828     9.4745     9.4739     9.4667     9.4661     2.0208     1.0098     0.1074    98.3091     0.0007     4.5885   48.78412    3.17716    138.474    24.6843    24.6833    1485.44          0      40621          8  0.000e+00
  430249494     71.890     72.515   3.469871   3.469656    31.9838    31.9818     9.4751     9.4748     9.4673     9.4671     2.0208     1.0098     0.1074    98.3091     0.0007     4.5885   48.78424    3.17713    138.473    24.6839    24.6824    1485.44          0      40622          8  0.000e+00
  430249494     71.909     72.534   3.469878   3.469721    31.9831    31.9810     9.4759     9.4765     9.4682     9.4687     2.0208     1.0098     0.1074    98.3353     0.0007     4.5897   48.84982    3.18136    138.657    24.6832    24.6815    1485.44          0      40623          8  0.000e+00
  430249494     71.840     72.464   3.469858   3.469714    31.9817    31.9800     9.4774     9.4776     9.4696     9.4699     2.0208     1.0098     0.1074    98.3353     0.0007     4.5897   48.85958    3.18193    138.682    24.6819    24.6805    1485.44          0      40624          8  0.000e+00
  430249494     71.841     72.464   3.469844   3.469760    31.9808    31.9794     9.4782     9.4788     9.4704     9.4710     2.0208     1.0110     0.1087    98.3353     0.0007     4.5897   48.86939    3.18252    138.708    24.6810    24.6799    1485.45          0      40625          8  0.000e+00
  430249494     71.766     72.389   3.469851   3.469779    31.9797    31.9789     9.4795     9.4796     9.4717     9.4718     2.0208     1.0098     0.1074    98.3091     0.0007     4.5885   48.87826    3.18303    138.730    24.6800    24.6794    1485.45          0      40626          8  0.000e+00
  430249494     71.747     72.370   3.469871   3.469818    31.9787    31.9792     9.4809     9.4797     9.4732     9.4720     2.0208     1.0110     0.1074    98.3091     0.0007     4.5885   48.88705    3.18353    138.752    24.6789    24.6796    1485.45          0      40627          8  0.000e+00
  430249494     71.703     72.326   3.469878   3.469857    31.9779    31.9795     9.4819     9.4799     9.4742     9.4721     2.0208     1.0098     0.1074    98.3353     0.0007     4.5897   48.83021    3.17977    138.588    24.6782    24.6798    1485.45          0      40628          8  0.000e+00
  430249494     71.703     72.326   3.469858   3.469889    31.9770    31.9798     9.4827     9.4799     9.4749     9.4721     2.0208     1.0122     0.1074    98.3353     0.0007     4.5897   48.82845    3.17962    138.582    24.6774    24.6800    1485.46          0      40629          8  0.000e+00
  430249494     71.722     72.345   3.469918   3.469902    31.9773    31.9799     9.4830     9.4799     9.4753     9.4721     2.0208     1.0110     0.1087    98.3353     0.0007     4.5897   48.82683    3.17949    138.576    24.6776    24.6801    1485.46          0      40630          8  0.000e+00
  430249494     71.610     72.232   3.469917   3.469922    31.9769    31.9799     9.4835     9.4802     9.4758     9.4725     2.0195     1.0110     0.1074    98.3353     0.0007     4.5897   48.81368    3.17860    138.538    24.6772    24.6800    1485.46          0      40631          8  0.000e+00
  430249494     71.610     72.232   3.469931   3.469909    31.9770    31.9799     9.4835     9.4801     9.4758     9.4723     2.0195     1.0098     0.1074    98.3353     0.0007     4.5897   48.86591    3.18200    138.686    24.6773    24.6800    1485.46          0      40632          8  0.000e+00
  430249495     71.541     72.162   3.469957   3.469902    31.9773    31.9798     9.4835     9.4801     9.4758     9.4723     2.0195     1.0098     0.1074    98.3091     0.0007     4.5885   48.86205    3.18174    138.675    24.6775    24.6800    1485.46          0      40633          8  0.000e+00
  430249495     71.566     72.188   3.469951   3.469844    31.9775    31.9791     9.4833     9.4802     9.4755     9.4725     2.0195     1.0122     0.1074    98.3091     0.0007     4.5885   48.80357    3.17795    138.509    24.6777    24.6794    1485.46          0      40634          8  0.000e+00
