ROS/FK009A_CTD029_20130824.ros
* Sea-Bird SBE 9 Data File:
* FileName = C:\Falkor-Data-2013\FK009A\CTD\FK009A_CTD029_20130824.hex
* Software Version Seasave V 7.21f
* Temperature SN = 5483
* Conductivity SN = 3916
* Number of Bytes Per Scan = 41
* Number of Voltage Words = 4
* Number of Scans Averaged by the Deck Unit = 1
* NMEA Latitude = 48 06.59 N
* NMEA Longitude = 125 15.03 W
* NMEA UTC (Time) = Aug 24 2013 06:23:34
* NMEA baud rate = 4800
** Ship: RV Falkor
** Station: RD02
** Operator: CPeazy
# nquan = 27
# nvalues = 588                                   
# units = specified
# name 0 = timeQ: Time, NMEA [seconds]
# name 1 = depSM: Depth [salt water, m]
# name 2 = prDM: Pressure, Digiquartz [db]
# name 3 = c0S/m: Conductivity [S/m]
# name 4 = c1S/m: Conductivity, 2 [S/m]
# name 5 = sal00: Salinity, Practical [PSU]
# name 6 = sal11: Salinity, Practical, 2 [PSU]
# name 7 = t090C: Temperature [ITS-90, deg C]
# name 8 = t190C: Temperature, 2 [ITS-90, deg C]
# name 9 = potemp090C: Potential Temperature [ITS-90, deg C]
# name 10 = potemp190C: Potential Temperature, 2 [ITS-90, deg C]
# name 11 = v2: Voltage 2
# name 12 = v3: Voltage 3
# name 13 = v0: Voltage 0
# name 14 = CStarTr0: Beam Transmission, WET Labs C-Star [%]
# name 15 = CStarAt0: Beam Attenuation, WET Labs C-Star [1/m]
# name 16 = v5: Voltage 5
# name 17 = sbeox0PS: Oxygen, SBE 43 [% saturation]
# name 18 = sbeox0ML/L: Oxygen, SBE 43 [ml/l]
# name 19 = sbeox0Mm/Kg: Oxygen, SBE 43 [umol/Kg]
# name 20 = sigma-é00: Density [sigma-theta, Kg/m^3]
# name 21 = sigma-é11: Density, 2 [sigma-theta, Kg/m^3]
# name 22 = svCM: Sound Velocity [Chen-Millero, m/s]
# name 23 = modError: Modulo Error Count
# name 24 = scan: Scan Count
# name 25 = nbf: Bottles Fired
# name 26 = flag:  0.000e+00
# interval = seconds: 0.0416667
# start_time = Aug 24 2013 06:23:34 [NMEA time, first data scan]
# bad_flag = -9.990e-29
*END*
  430641221    327.195    330.231   3.377122   3.376943    34.0063    34.0051     6.1547     6.1539     6.1261     6.1253     0.0000     0.0000     0.0769    97.2104     0.0011     4.5372   16.36035    1.13368     49.311    26.7515    26.7506    1479.52          0      14565          1  0.000e+00
  430641221    327.245    330.282   3.377122   3.376918    34.0061    34.0050     6.1548     6.1537     6.1262     6.1251     0.0000     0.0000     0.0781    97.2104     0.0011     4.5372   16.37522    1.13471     49.356    26.7513    26.7505    1479.52          0      14566          1  0.000e+00
  430641221    327.195    330.231   3.377129   3.376943    34.0061    34.0051     6.1549     6.1539     6.1264     6.1253     0.0000     0.0000     0.0781    97.2104     0.0011     4.5372   16.38987    1.13572     49.400    26.7513    26.7506    1479.52          0      14567          1  0.000e+00
  430641221    327.195    330.231   3.377109   3.376930    34.0057    34.0050     6.1552     6.1539     6.1266     6.1253     0.0000     0.0000     0.0781    97.2104     0.0011     4.5372   16.40463    1.13674     49.444    26.7509    26.7505    1479.52          0      14568          1  0.000e+00
  430641221    327.101    330.136   3.377103   3.376982    34.0060    34.0054     6.1548     6.1540     6.1263     6.1254     0.0000     0.0000     0.0769    97.2104     0.0011     4.5372   16.33537    1.13195     49.236    26.7512    26.7509    1479.52          0      14569          1  0.000e+00
  430641221    327.151    330.187   3.377103   3.376962    34.0057    34.0053     6.1551     6.1539     6.1265     6.1253     0.0000     0.0000     0.0781    97.2104     0.0011     4.5372   16.40728    1.13693     49.452    26.7509    26.7508    1479.52          0      14570          1  0.000e+00
  430641221    327.151    330.187   3.377129   3.376956    34.0059    34.0053     6.1552     6.1539     6.1266     6.1253     0.0000     0.0000     0.0781    97.1842     0.0011     4.5360   16.40837    1.13700     49.455    26.7511    26.7508    1479.52          0      14571          1  0.000e+00
  430641221    327.151    330.187   3.377083   3.376943    34.0056    34.0051     6.1550     6.1539     6.1264     6.1253     0.0000     0.0000     0.0781    97.1581     0.0012     4.5348   16.35243    1.13313     49.287    26.7509    26.7507    1479.52          0      14572          1  0.000e+00
  430641222    327.057    330.092   3.377089   3.376950    34.0056    34.0052     6.1551     6.1539     6.1265     6.1253     0.0000     0.0000     0.0781    97.1581     0.0012     4.5348   16.35386    1.13323     49.291    26.7508    26.7507    1479.52          0      14573          1  0.000e+00
  430641222    327.101    330.136   3.377103   3.376956    34.0060    34.0053     6.1548     6.1539     6.1263     6.1253     0.0000     0.0000     0.0781    97.1581     0.0012     4.5348   16.35616    1.13339     49.298    26.7512    26.7508    1479.52          0      14574          1  0.000e+00
  430641222    327.057    330.092   3.377129   3.376943    34.0063    34.0053     6.1548     6.1537     6.1263     6.1251     0.0000     0.0000     0.0781    97.1581     0.0012     4.5348   16.35880    1.13357     49.306    26.7514    26.7508    1479.52          0      14575          1  0.000e+00
  430641222    327.057    330.092   3.377129   3.376905    34.0059    34.0047     6.1552     6.1539     6.1266     6.1253     0.0000     0.0000     0.0781    97.1581     0.0012     4.5348   16.41857    1.13770     49.486    26.7511    26.7503    1479.52          0      14576          1  0.000e+00
  430641222    327.013    330.048   3.377129   3.376937    34.0063    34.0053     6.1548     6.1537     6.1263     6.1251     0.0000     0.0000     0.0781    97.1581     0.0012     4.5348   16.36418    1.13394     49.322    26.7515    26.7508    1479.52          0      14577          1  0.000e+00
  430641222    327.057    330.092   3.377109   3.376943    34.0058    34.0053     6.1551     6.1537     6.1265     6.1251     0.0000     0.0000     0.0769    97.1581     0.0012     4.5348   16.35387    1.13322     49.291    26.7510    26.7508    1479.52          0      14578          1  0.000e+00
  430641222    326.995    330.029   3.377122   3.376924    34.0061    34.0050     6.1550     6.1539     6.1264     6.1253     0.0000     0.0000     0.0757    97.1581     0.0012     4.5348   16.34335    1.13250     49.260    26.7513    26.7505    1479.52          0      14579          1  0.000e+00
  430641222    327.013    330.048   3.377109   3.376924    34.0059    34.0048     6.1550     6.1540     6.1264     6.1255     0.0000     0.0012     0.0757    97.1581     0.0012     4.5348   16.33301    1.13178     49.228    26.7511    26.7504    1479.52          0      14580          1  0.000e+00
  430641222    327.013    330.048   3.377083   3.376911    34.0055    34.0050     6.1551     6.1537     6.1265     6.1251     0.0000     0.0000     0.0769    97.1581     0.0012     4.5348   16.39279    1.13592     49.409    26.7508    26.7506    1479.52          0      14581          1  0.000e+00
  430641222    326.963    329.997   3.377116   3.376917    34.0059    34.0049     6.1552     6.1539     6.1266     6.1253     0.0000     0.0000     0.0769    97.1581     0.0012     4.5348   16.33837    1.13215     49.244    26.7511    26.7505    1479.52          0      14582          1  0.000e+00
  430641222    327.013    330.048   3.377109   3.376924    34.0061    34.0050     6.1548     6.1539     6.1263     6.1253     0.0000     0.0000     0.0769    97.1581     0.0012     4.5348   16.41194    1.13725     49.466    26.7513    26.7505    1479.52          0      14583          1  0.000e+00
  430641222    326.963    329.997   3.377122   3.376937    34.0060    34.0053     6.1551     6.1537     6.1265     6.1251     0.0000     0.0000     0.0769    97.1581     0.0012     4.5348   16.34439    1.13257     49.263    26.7512    26.7508    1479.52          0      14584          1  0.000e+00
  430641222    326.963    329.997   3.377109   3.376950    34.0060    34.0055     6.1550     6.1537     6.1264     6.1251     0.0000     0.0000     0.0757    97.1581     0.0012     4.5348   16.33400    1.13185     49.231    26.7512    26.7509    1479.52          0      14585          1  0.000e+00
  430641222    326.963    329.997   3.377076   3.376956    34.0057    34.0054     6.1548     6.1539     6.1263     6.1253     0.0000     0.0000     0.0757    97.1581     0.0012     4.5348   16.32362    1.13114     49.200    26.7510    26.7508    1479.52          0      14586          1  0.000e+00
  430641222    326.963    329.997   3.377109   3.376943    34.0057    34.0052     6.1552     6.1539     6.1266     6.1253     0.0000     0.0000     0.0769    97.1581     0.0012     4.5348   16.31322    1.13040     49.169    26.7510    26.7507    1479.52          0      14587          1  0.000e+00
  430641222    326.920    329.953   3.377135   3.376924    34.0059    34.0052     6.1553     6.1537     6.1268     6.1251     0.0000     0.0000     0.0757    97.1581     0.0012     4.5348   16.30273    1.12967     49.137    26.7511    26.7507    1479.52          0      14588          1  0.000e+00
  430641222    326.963    329.997   3.377129   3.376924    34.0062    34.0050     6.1550     6.1539     6.1264     6.1253     0.0000     0.0000     0.0769    97.1581     0.0012     4.5348   16.36262    1.13383     49.318    26.7513    26.7506    1479.52          0      14589          1  0.000e+00
  430641222    326.920    329.953   3.377129   3.376937    34.0060    34.0053     6.1552     6.1537     6.1266     6.1251     0.0000     0.0000     0.0757    97.1581     0.0012     4.5348   16.36471    1.13397     49.324    26.7511    26.7508    1479.52          0      14590          1  0.000e+00
  430641222    326.963    329.997   3.377109   3.376905    34.0060    34.0049     6.1550     6.1537     6.1264     6.1251     0.0000     0.0000     0.0769    97.1581     0.0012     4.5348   16.29628    1.12924     49.118    26.7512    26.7505    1479.52          0      14591          1  0.000e+00
  430641222    326.963    329.997   3.377083   3.376911    34.0057    34.0049     6.1550     6.1539     6.1264     6.1253     0.0000     0.0000     0.0769    97.1319     0.0012     4.5336   16.29847    1.12939     49.124    26.7509    26.7504    1479.52          0      14592          1  0.000e+00
  430641222    326.920    329.953   3.377096   3.376937    34.0057    34.0052     6.1551     6.1539     6.1265     6.1253     0.0000     0.0000     0.0769    97.1319     0.0012     4.5336   16.30111    1.12957     49.132    26.7510    26.7507    1479.52          0      14593          1  0.000e+00
  430641222    326.995    330.029   3.377122   3.376950    34.0059    34.0054     6.1552     6.1537     6.1266     6.1251     0.0000     0.0000     0.0769    97.1319     0.0012     4.5336   16.31822    1.13075     49.184    26.7511    26.7509    1479.52          0      14594          1  0.000e+00
  430641222    326.920    329.953   3.377109   3.376930    34.0061    34.0049     6.1548     6.1540     6.1263     6.1255     0.0000     0.0000     0.0757    97.1319     0.0012     4.5336   16.30878    1.13010     49.155    26.7513    26.7505    1479.52          0      14595          1  0.000e+00
  430641222    326.963    329.997   3.377122   3.374942    34.0062    33.9828     6.1549     6.1539     6.1264     6.1253     0.0000     0.0000     0.0769    97.1319     0.0012     4.5336   16.29957    1.12946     49.128    26.7513    26.7330    1479.52          0      14596          1  0.000e+00
  430641223    326.963    329.997   3.377083   3.374519    34.0057    33.9781     6.1550     6.1539     6.1264     6.1253     0.0000     0.0000     0.0769    97.1319     0.0012     4.5336   16.29027    1.12882     49.100    26.7509    26.7293    1479.52          0      14597          1  0.000e+00
  430641223    326.963    329.997   3.377096   3.376366    34.0058    33.9986     6.1550     6.1540     6.1264     6.1255     0.0000     0.0000     0.0769    97.1319     0.0012     4.5336   16.28098    1.12818     49.072    26.7510    26.7455    1479.52          0      14598          1  0.000e+00
  430641223    327.013    330.048   3.377103   3.376930    34.0059    34.0047     6.1549     6.1542     6.1264     6.1256     0.0000     0.0000     0.0757    97.1319     0.0012     4.5336   16.28546    1.12849     49.085    26.7511    26.7503    1479.52          0      14599          1  0.000e+00
  430641223    327.013    330.048   3.377076   3.376937    34.0057    34.0050     6.1548     6.1540     6.1263     6.1255     0.0000     0.0000     0.0757    97.1319     0.0012     4.5336   16.27672    1.12789     49.059    26.7510    26.7505    1479.52          0      14600          1  0.000e+00
  430641223    327.013    330.048   3.377109   3.376950    34.0058    34.0054     6.1552     6.1537     6.1266     6.1251     0.0000     0.0000     0.0769    97.1319     0.0012     4.5336   16.26796    1.12727     49.032    26.7510    26.7509    1479.52          0      14601          1  0.000e+00
  430641223    327.013    330.048   3.377109   3.376905    34.0060    34.0049     6.1549     6.1537     6.1264     6.1251     0.0000     0.0000     0.0769    97.1319     0.0012     4.5336   16.25922    1.12667     49.006    26.7512    26.7505    1479.52          0      14602          1  0.000e+00
  430641223    327.013    330.048   3.377103   3.376950    34.0059    34.0051     6.1550     6.1540     6.1264     6.1255     0.0000     0.0000     0.0794    97.1319     0.0012     4.5336   16.25047    1.12606     48.980    26.7511    26.7506    1479.52          0      14603          1  0.000e+00
  430641223    327.057    330.092   3.377076   3.376956    34.0059    34.0055     6.1547     6.1537     6.1261     6.1251     0.0000     0.0000     0.0794    97.1319     0.0012     4.5336   16.24182    1.12547     48.954    26.7511    26.7509    1479.52          0      14604          1  0.000e+00
  430641223    327.057    330.092   3.377096   3.376930    34.0058    34.0053     6.1549     6.1535     6.1264     6.1250     0.0000     0.0000     0.0794    97.1319     0.0012     4.5336   16.24674    1.12580     48.968    26.7511    26.7509    1479.52          0      14605          1  0.000e+00
  430641223    327.057    330.092   3.377076   3.376937    34.0059    34.0051     6.1547     6.1539     6.1261     6.1253     0.0000     0.0000     0.0806    97.1319     0.0012     4.5336   16.32239    1.13105     49.197    26.7511    26.7506    1479.52          0      14606          1  0.000e+00
  430641223    327.057    330.092   3.377089   3.376950    34.0058    34.0054     6.1548     6.1537     6.1263     6.1251     0.0000     0.0000     0.0806    97.1319     0.0012     4.5336   16.34098    1.13234     49.253    26.7511    26.7509    1479.52          0      14607          1  0.000e+00
  430641223    327.101    330.136   3.377103   3.376930    34.0060    34.0049     6.1548     6.1540     6.1262     6.1254     0.0000     0.0000     0.0806    97.1319     0.0012     4.5336   16.35967    1.13363     49.309    26.7512    26.7504    1479.52          0      14608          1  0.000e+00
  430641223    327.133    330.168   3.377103   3.376962    34.0060    34.0055     6.1548     6.1537     6.1262     6.1251     0.0000     0.0000     0.0794    97.1319     0.0012     4.5336   16.36466    1.13398     49.324    26.7512    26.7510    1479.52          0      14609          1  0.000e+00
  430641223    327.101    330.136   3.377103   3.376956    34.0060    34.0053     6.1548     6.1539     6.1263     6.1253     0.0000     0.0000     0.0794    97.1319     0.0012     4.5336   16.36897    1.13428     49.337    26.7512    26.7508    1479.52          0      14610          1  0.000e+00
  430641223    327.151    330.187   3.377122   3.376975    34.0062    34.0055     6.1548     6.1539     6.1262     6.1253     0.0000     0.0000     0.0794    97.1319     0.0012     4.5336   16.38658    1.13550     49.390    26.7514    26.7509    1479.52          0      14611          1  0.000e+00
  430641223    327.151    330.187   3.377109   3.376930    34.0062    34.0047     6.1547     6.1542     6.1261     6.1256     0.0000     0.0000     0.0806    97.1319     0.0012     4.5336   16.39041    1.13576     49.402    26.7514    26.7502    1479.52          0      14612          1  0.000e+00
  430641223    327.195    330.231   3.377122   3.376943    34.0063    34.0051     6.1547     6.1539     6.1261     6.1253     0.0000     0.0000     0.0806    97.1581     0.0012     4.5348   16.39379    1.13600     49.412    26.7515    26.7506    1479.52          0      14613          1  0.000e+00
  430641350    305.968    308.791   3.378868   3.378546    34.0005    34.0002     6.1906     6.1874     6.1638     6.1606     0.0000     0.0000     0.0794    98.1521     0.0007     4.5812   16.65161    1.15294     50.149    26.7421    26.7422    1479.30          0      17656          2  0.000e+00
  430641350    305.912    308.734   3.378895   3.378597    34.0007    34.0000     6.1908     6.1881     6.1640     6.1614     0.0000     0.0000     0.0794    98.1521     0.0007     4.5812   16.65094    1.15289     50.147    26.7422    26.7420    1479.30          0      17657          2  0.000e+00
  430641350    305.924    308.747   3.378927   3.378623    34.0005    33.9994     6.1914     6.1890     6.1646     6.1623     0.0000     0.0000     0.0781    98.1521     0.0007     4.5812   16.64986    1.15280     50.143    26.7419    26.7414    1479.30          0      17658          2  0.000e+00
  430641350    305.818    308.639   3.378960   3.378719    34.0002    33.9997     6.1920     6.1899     6.1653     6.1631     0.0000     0.0000     0.0794    98.1521     0.0007     4.5812   16.66154    1.15359     50.178    26.7417    26.7415    1479.31          0      17659          2  0.000e+00
