ROS/FK009A_CTD026_20130823.ros
* Sea-Bird SBE 9 Data File:
* FileName = C:\Falkor-Data-2013\FK009A\CTD\FK009A_CTD026_20130823.hex
* Software Version Seasave V 7.21f
* Temperature SN = 5483
* Conductivity SN = 3916
* Number of Bytes Per Scan = 41
* Number of Voltage Words = 4
* Number of Scans Averaged by the Deck Unit = 1
* NMEA Latitude = 48 43.59 N
* NMEA Longitude = 125 42.77 W
* NMEA UTC (Time) = Aug 23 2013 01:39:36
* NMEA baud rate = 4800
** Ship: RV Falkor
** Station: LC05-A
** Operator: CPeazy
# nquan = 27
# nvalues = 196                                   
# units = specified
# name 0 = timeQ: Time, NMEA [seconds]
# name 1 = depSM: Depth [salt water, m]
# name 2 = prDM: Pressure, Digiquartz [db]
# name 3 = c0S/m: Conductivity [S/m]
# name 4 = c1S/m: Conductivity, 2 [S/m]
# name 5 = sal00: Salinity, Practical [PSU]
# name 6 = sal11: Salinity, Practical, 2 [PSU]
# name 7 = t090C: Temperature [ITS-90, deg C]
# name 8 = t190C: Temperature, 2 [ITS-90, deg C]
# name 9 = potemp090C: Potential Temperature [ITS-90, deg C]
# name 10 = potemp190C: Potential Temperature, 2 [ITS-90, deg C]
# name 11 = v2: Voltage 2
# name 12 = v3: Voltage 3
# name 13 = v0: Voltage 0
# name 14 = CStarTr0: Beam Transmission, WET Labs C-Star [%]
# name 15 = CStarAt0: Beam Attenuation, WET Labs C-Star [1/m]
# name 16 = v5: Voltage 5
# name 17 = sbeox0PS: Oxygen, SBE 43 [% saturation]
# name 18 = sbeox0ML/L: Oxygen, SBE 43 [ml/l]
# name 19 = sbeox0Mm/Kg: Oxygen, SBE 43 [umol/Kg]
# name 20 = sigma-é00: Density [sigma-theta, Kg/m^3]
# name 21 = sigma-é11: Density, 2 [sigma-theta, Kg/m^3]
# name 22 = svCM: Sound Velocity [Chen-Millero, m/s]
# name 23 = modError: Modulo Error Count
# name 24 = scan: Scan Count
# name 25 = nbf: Bottles Fired
# name 26 = flag:  0.000e+00
# interval = seconds: 0.0416667
# start_time = Aug 23 2013 01:39:36 [NMEA time, first data scan]
# bad_flag = -9.990e-29
*END*
[from data line 54]
  430537811    160.157    161.587   3.408384   3.408192    33.6383    33.6377     6.9612     6.9597     6.9465     6.9450     0.0000     0.0000     0.0830    89.7810     0.0043     4.1905   21.69854    1.47938     64.373    26.3534    26.3531    1479.45          6      15204          2  0.000e+00
  430537811    160.070    161.498   3.408384   3.408225    33.6383    33.6381     6.9612     6.9597     6.9465     6.9450     0.0000     0.0000     0.0830    89.7810     0.0043     4.1905   21.62167    1.47414     64.145    26.3534    26.3534    1479.45          6      15205          2  0.000e+00
  430537811    160.114    161.543   3.408384   3.408218    33.6386    33.6379     6.9609     6.9598     6.9462     6.9451     0.0000     0.0000     0.0842    89.7810     0.0043     4.1905   21.61279    1.47354     64.119    26.3537    26.3533    1479.45          6      15206          2  0.000e+00
  430537811    160.070    161.498   3.408384   3.408231    33.6385    33.6380     6.9611     6.9599     6.9464     6.9452     0.0000     0.0000     0.0830    89.7810     0.0043     4.1905   21.54748    1.46909     63.925    26.3536    26.3533    1479.45          6      15207          2  0.000e+00
  430537811    160.070    161.498   3.408384   3.408244    33.6384    33.6378     6.9612     6.9602     6.9465     6.9455     0.0000     0.0000     0.0830    89.7810     0.0043     4.1905   21.49423    1.46545     63.767    26.3535    26.3532    1479.45          6      15208          2  0.000e+00
  430537811    160.020    161.448   3.408384   3.408244    33.6383    33.6380     6.9612     6.9601     6.9465     6.9454     0.0000     0.0000     0.0830    89.7810     0.0043     4.1905   21.36080    1.45635     63.371    26.3534    26.3533    1479.45          6      15209          2  0.000e+00
  430537811    160.020    161.448   3.408384   3.408263    33.6383    33.6376     6.9612     6.9607     6.9465     6.9460     0.0000     0.0000     0.0830    89.8071     0.0043     4.1917   21.28318    1.45106     63.140    26.3534    26.3529    1479.45          6      15210          2  0.000e+00
  430537811    160.020    161.448   3.408404   3.408295    33.6387    33.6373     6.9611     6.9613     6.9464     6.9466     0.0000     0.0000     0.0842    89.8071     0.0043     4.1917   21.24830    1.44869     63.037    26.3537    26.3526    1479.45          6      15211          2  0.000e+00
  430537811    160.020    161.448   3.408370   3.408347    33.6384    33.6374     6.9611     6.9618     6.9464     6.9471     0.0000     0.0000     0.0830    89.8071     0.0043     4.1917   21.20601    1.44581     62.912    26.3535    26.3526    1479.45          6      15212          2  0.000e+00
  430537811    159.976    161.404   3.408377   3.408366    33.6383    33.6372     6.9612     6.9623     6.9466     6.9476     0.0000     0.0000     0.0830    89.8071     0.0043     4.1917   21.18897    1.44464     62.861    26.3534    26.3524    1479.45          6      15213          2  0.000e+00
  430537811    160.020    161.448   3.408384   3.408385    33.6385    33.6369     6.9611     6.9627     6.9464     6.9481     0.0000     0.0000     0.0830    89.8071     0.0043     4.1917   21.16123    1.44275     62.779    26.3536    26.3521    1479.45          6      15214          2  0.000e+00
  430537811    159.932    161.360   3.408384   3.408347    33.6385    33.6362     6.9611     6.9631     6.9464     6.9484     0.0000     0.0000     0.0830    89.8071     0.0043     4.1917   21.14656    1.44175     62.735    26.3536    26.3515    1479.45          6      15215          2  0.000e+00
  430537811    159.976    161.404   3.408404   3.408334    33.6386    33.6363     6.9612     6.9627     6.9466     6.9481     0.0000     0.0000     0.0842    89.8071     0.0043     4.1917   21.12130    1.44002     62.660    26.3536    26.3517    1479.45          6      15216          2  0.000e+00
  430537811    159.932    161.360   3.408430   3.408334    33.6389    33.6362     6.9612     6.9630     6.9466     6.9483     0.0000     0.0000     0.0830    89.8071     0.0043     4.1917   21.09681    1.43835     62.587    26.3539    26.3515    1479.45          6      15217          2  0.000e+00
  430537811    159.932    161.360   3.408397   3.408379    33.6385    33.6367     6.9612     6.9629     6.9466     6.9482     0.0000     0.0000     0.0842    89.8071     0.0043     4.1917   21.08586    1.43761     62.555    26.3536    26.3519    1479.45          6      15218          2  0.000e+00
  430537811    159.882    161.309   3.408384   3.408347    33.6381    33.6361     6.9615     6.9632     6.9468     6.9485     0.0000     0.0000     0.0830    89.8071     0.0043     4.1917   21.08871    1.43780     62.563    26.3532    26.3514    1479.45          6      15219          2  0.000e+00
  430537811    159.932    161.360   3.408430   3.408379    33.6386    33.6363     6.9616     6.9634     6.9469     6.9487     0.0000     0.0000     0.0842    89.8071     0.0043     4.1917   21.02621    1.43353     62.378    26.3536    26.3515    1479.45          6      15220          2  0.000e+00
  430537811    159.882    161.309   3.408397   3.408372    33.6382    33.6363     6.9616     6.9633     6.9469     6.9486     0.0000     0.0000     0.0842    89.8071     0.0043     4.1917   21.07677    1.43698     62.528    26.3533    26.3516    1479.45          6      15221          2  0.000e+00
  430537811    159.839    161.265   3.408450   3.408366    33.6380    33.6360     6.9624     6.9635     6.9477     6.9488     0.0000     0.0000     0.0842    89.8071     0.0043     4.1917   21.14077    1.44132     62.716    26.3530    26.3513    1479.45          6      15222          2  0.000e+00
  430537811    159.882    161.309   3.408523   3.408340    33.6382    33.6359     6.9630     6.9634     6.9483     6.9487     0.0000     0.0000     0.0842    89.8071     0.0043     4.1917   21.08272    1.43734     62.543    26.3531    26.3512    1479.46          6      15223          2  0.000e+00
  430537811    159.839    161.265   3.408542   3.408353    33.6378    33.6360     6.9637     6.9634     6.9490     6.9487     0.0000     0.0000     0.0842    89.8071     0.0043     4.1917   21.08159    1.43724     62.539    26.3527    26.3513    1479.46          6      15224          2  0.000e+00
  430537811    159.839    161.265   3.408542   3.408411    33.6373    33.6366     6.9641     6.9634     6.9495     6.9487     0.0000     0.0000     0.0855    89.8071     0.0043     4.1917   21.01448    1.43266     62.340    26.3522    26.3518    1479.46          6      15225          2  0.000e+00
  430537811    159.839    161.265   3.408542   3.408430    33.6373    33.6369     6.9641     6.9634     6.9495     6.9487     0.0000     0.0000     0.0855    89.8071     0.0043     4.1917   21.27545    1.45045     63.114    26.3522    26.3520    1479.46          6      15226          2  0.000e+00
  430537812    159.789    161.215   3.408542   3.408379    33.6370    33.6365     6.9645     6.9632     6.9498     6.9485     0.0000     0.0000     0.0855    89.8071     0.0043     4.1917   21.31361    1.45304     63.227    26.3520    26.3517    1479.46          6      15227          2  0.000e+00
  430537812    159.789    161.215   3.408542   3.408366    33.6370    33.6363     6.9645     6.9632     6.9498     6.9485     0.0000     0.0000     0.0855    89.8071     0.0043     4.1917   21.36435    1.45650     63.377    26.3520    26.3516    1479.46          6      15228          2  0.000e+00
  430537812    159.839    161.265   3.408542   3.408366    33.6372    33.6361     6.9643     6.9634     6.9496     6.9487     0.0000     0.0000     0.0842    89.8071     0.0043     4.1917   21.33569    1.45455     63.292    26.3521    26.3514    1479.46          6      15229          2  0.000e+00
  430537812    159.745    161.171   3.408516   3.408366    33.6370    33.6362     6.9642     6.9634     6.9495     6.9487     0.0000     0.0000     0.0842    89.7810     0.0043     4.1905   21.36280    1.45640     63.373    26.3520    26.3515    1479.46          6      15230          2  0.000e+00
  430537812    159.789    161.215   3.408476   3.408366    33.6366    33.6363     6.9641     6.9632     6.9495     6.9485     0.0000     0.0000     0.0842    89.7286     0.0043     4.1880   21.39078    1.45832     63.456    26.3517    26.3516    1479.46          6      15231          2  0.000e+00
  430537812    159.745    161.171   3.408470   3.408366    33.6371    33.6364     6.9637     6.9632     6.9490     6.9485     0.0000     0.0000     0.0855    89.7548     0.0043     4.1893   21.48663    1.46486     63.741    26.3521    26.3516    1479.45          6      15232          2  0.000e+00
  430537812    159.745    161.171   3.408476   3.408347    33.6374    33.6362     6.9633     6.9631     6.9487     6.9484     0.0000     0.0000     0.0855    89.7286     0.0043     4.1880   21.51450    1.46677     63.824    26.3524    26.3515    1479.45          6      15233          2  0.000e+00
  430537812    159.745    161.171   3.408456   3.408360    33.6371    33.6364     6.9635     6.9631     6.9488     6.9484     0.0000     0.0000     0.0842    89.7548     0.0043     4.1893   21.55430    1.46948     63.942    26.3521    26.3517    1479.45          6      15234          2  0.000e+00
  430537812    159.701    161.126   3.408489   3.408366    33.6381    33.6364     6.9629     6.9632     6.9482     6.9485     0.0000     0.0000     0.0855    89.7548     0.0043     4.1893   21.59400    1.47220     64.060    26.3530    26.3516    1479.45          6      15235          2  0.000e+00
  430537812    159.695    161.120   3.408463   3.408340    33.6381    33.6362     6.9625     6.9631     6.9479     6.9484     0.0000     0.0000     0.0842    89.7548     0.0043     4.1893   21.55375    1.46947     63.941    26.3531    26.3515    1479.45          6      15236          2  0.000e+00
  430537812    159.701    161.126   3.408423   3.408379    33.6377    33.6369     6.9625     6.9628     6.9479     6.9481     0.0000     0.0000     0.0855    89.7548     0.0043     4.1893   21.58163    1.47137     64.024    26.3527    26.3521    1479.45          6      15237          2  0.000e+00
  430537812    159.695    161.120   3.408456   3.408372    33.6376    33.6366     6.9630     6.9631     6.9484     6.9484     0.0000     0.0000     0.0855    89.7548     0.0043     4.1893   21.67755    1.47790     64.308    26.3526    26.3518    1479.45          6      15238          2  0.000e+00
  430537812    159.651    161.076   3.408456   3.408385    33.6379    33.6366     6.9627     6.9632     6.9480     6.9485     0.0000     0.0000     0.0842    89.7286     0.0043     4.1880   21.71774    1.48064     64.428    26.3529    26.3518    1479.45          6      15239          2  0.000e+00
  430537812    159.651    161.076   3.408470   3.408398    33.6383    33.6369     6.9625     6.9631     6.9478     6.9484     0.0000     0.0000     0.0855    89.7548     0.0043     4.1893   21.75804    1.48340     64.547    26.3532    26.3521    1479.45          6      15240          2  0.000e+00
  430537812    159.651    161.076   3.408430   3.408327    33.6378    33.6361     6.9625     6.9631     6.9479     6.9484     0.0000     0.0000     0.0842    89.7286     0.0043     4.1880   21.86594    1.49076     64.868    26.3528    26.3514    1479.45          6      15241          2  0.000e+00
  430537812    159.651    161.076   3.408417   3.408347    33.6376    33.6360     6.9625     6.9634     6.9479     6.9487     0.0000     0.0000     0.0842    89.7548     0.0043     4.1893   21.83764    1.48883     64.784    26.3527    26.3513    1479.45          6      15242          2  0.000e+00
  430537812    159.651    161.076   3.408436   3.408366    33.6380    33.6364     6.9624     6.9632     6.9477     6.9485     0.0000     0.0000     0.0855    89.7548     0.0043     4.1893   21.87695    1.49151     64.900    26.3530    26.3516    1479.45          6      15243          2  0.000e+00
  430537812    159.608    161.032   3.408436   3.408340    33.6382    33.6361     6.9622     6.9632     6.9476     6.9486     0.0000     0.0000     0.0842    89.7286     0.0043     4.1880   21.84853    1.48958     64.816    26.3532    26.3514    1479.45          6      15244          2  0.000e+00
  430537812    159.608    161.032   3.408397   3.408379    33.6374    33.6362     6.9625     6.9636     6.9479     6.9489     0.0000     0.0000     0.0855    89.7548     0.0043     4.1893   21.87637    1.49147     64.899    26.3525    26.3514    1479.45          6      15245          2  0.000e+00
  430537812    159.608    161.032   3.408403   3.408372    33.6375    33.6363     6.9625     6.9634     6.9479     6.9487     0.0000     0.0000     0.0855    89.7548     0.0043     4.1893   21.89229    1.49255     64.946    26.3526    26.3516    1479.45          6      15246          2  0.000e+00
  430537812    159.651    161.076   3.408436   3.408366    33.6380    33.6361     6.9624     6.9635     6.9477     6.9489     0.0000     0.0000     0.0842    89.7548     0.0043     4.1893   21.97595    1.49826     65.194    26.3530    26.3514    1479.45          6      15247          2  0.000e+00
  430538024    101.187    102.075   3.412821   3.412357    33.5737    33.5753     7.1068     7.0999     7.0975     7.0906     0.0000     0.0000     0.0818    93.5480     0.0027     4.3663   25.04622    1.70265     74.093    26.2819    26.2842    1478.96          7      20327          3  0.000e+00
  430538024    101.230    102.119   3.412795   3.412421    33.5732    33.5749     7.1070     7.1011     7.0976     7.0917     0.0000     0.0000     0.0818    93.5480     0.0027     4.3663   24.99260    1.69900     73.934    26.2815    26.2837    1478.96          7      20328          3  0.000e+00
  430538024    101.187    102.075   3.412808   3.412479    33.5734    33.5746     7.1070     7.1020     7.0976     7.0926     0.0000     0.0000     0.0818    93.5480     0.0027     4.3663   24.98228    1.69830     73.904    26.2817    26.2834    1478.96          7      20329          3  0.000e+00
  430538024    101.230    102.119   3.412821   3.412453    33.5735    33.5737     7.1070     7.1027     7.0976     7.0933     0.0000     0.0000     0.0806    93.5480     0.0027     4.3663   24.97225    1.69762     73.874    26.2818    26.2825    1478.96          7      20330          3  0.000e+00
  430538024    101.187    102.075   3.412821   3.412485    33.5740    33.5739     7.1065     7.1029     7.0972     7.0935     0.0000     0.0000     0.0806    93.5480     0.0027     4.3663   24.97407    1.69775     73.880    26.2822    26.2826    1478.96          7      20331          3  0.000e+00
  430538024    101.187    102.075   3.412722   3.412524    33.5735    33.5733     7.1059     7.1039     7.0965     7.0946     0.0000     0.0000     0.0818    93.5480     0.0027     4.3663   24.96440    1.69713     73.853    26.2820    26.2820    1478.96          7      20332          3  0.000e+00
  430538024    101.187    102.075   3.412715   3.412627    33.5742    33.5730     7.1051     7.1053     7.0957     7.0960     0.0000     0.0000     0.0818    93.5480     0.0027     4.3663   24.95475    1.69649     73.825    26.2826    26.2816    1478.95          7      20333          3  0.000e+00
  430538025    101.187    102.075   3.412702   3.412640    33.5744    33.5719     7.1047     7.1066     7.0954     7.0973     0.0000     0.0000     0.0806    93.5480     0.0027     4.3663   24.95718    1.69667     73.833    26.2828    26.2806    1478.95          7      20334          3  0.000e+00
  430538025    101.143    102.031   3.412696   3.412653    33.5751    33.5718     7.1040     7.1069     7.0946     7.0976     0.0000     0.0000     0.0818    93.5480     0.0027     4.3663   24.95998    1.69688     73.842    26.2834    26.2804    1478.95          7      20335          3  0.000e+00
