ROS/FK009A_CTD033_20130826.ros
* Sea-Bird SBE 9 Data File:
* FileName = C:\Falkor-Data-2013\FK009A\CTD\FK009A_CTD033_20130826.hex
* Software Version Seasave V 7.21f
* Temperature SN = 5483
* Conductivity SN = 3916
* Number of Bytes Per Scan = 41
* Number of Voltage Words = 4
* Number of Scans Averaged by the Deck Unit = 1
* NMEA Latitude = 48 47.60 N
* NMEA Longitude = 125 15.91 W
* NMEA UTC (Time) = Aug 26 2013 16:26:48
* NMEA baud rate = 4800
** Ship: RV Falkor
** Station: MB16
** Operator: Nathan Cunningham
# nquan = 27
# nvalues = 392                                   
# units = specified
# name 0 = timeQ: Time, NMEA [seconds]
# name 1 = depSM: Depth [salt water, m]
# name 2 = prDM: Pressure, Digiquartz [db]
# name 3 = c0S/m: Conductivity [S/m]
# name 4 = c1S/m: Conductivity, 2 [S/m]
# name 5 = sal00: Salinity, Practical [PSU]
# name 6 = sal11: Salinity, Practical, 2 [PSU]
# name 7 = t090C: Temperature [ITS-90, deg C]
# name 8 = t190C: Temperature, 2 [ITS-90, deg C]
# name 9 = potemp090C: Potential Temperature [ITS-90, deg C]
# name 10 = potemp190C: Potential Temperature, 2 [ITS-90, deg C]
# name 11 = v2: Voltage 2
# name 12 = v3: Voltage 3
# name 13 = v0: Voltage 0
# name 14 = CStarTr0: Beam Transmission, WET Labs C-Star [%]
# name 15 = CStarAt0: Beam Attenuation, WET Labs C-Star [1/m]
# name 16 = v5: Voltage 5
# name 17 = sbeox0PS: Oxygen, SBE 43 [% saturation]
# name 18 = sbeox0ML/L: Oxygen, SBE 43 [ml/l]
# name 19 = sbeox0Mm/Kg: Oxygen, SBE 43 [umol/Kg]
# name 20 = sigma-é00: Density [sigma-theta, Kg/m^3]
# name 21 = sigma-é11: Density, 2 [sigma-theta, Kg/m^3]
# name 22 = svCM: Sound Velocity [Chen-Millero, m/s]
# name 23 = modError: Modulo Error Count
# name 24 = scan: Scan Count
# name 25 = nbf: Bottles Fired
# name 26 = flag:  0.000e+00
# interval = seconds: 0.0416667
# start_time = Aug 26 2013 16:26:49 [NMEA time, first data scan]
# bad_flag = -9.990e-29
*END*
[from data line 215]
  430850935     31.795     32.069   3.476636   3.476007    32.3731    32.3747     9.1397     9.1307     9.1363     9.1273     0.0000     0.0000     0.1734    95.6408     0.0018     4.4640   49.19265    3.21948    140.270    25.0404    25.0431    1484.02          0      31830          5  0.000e+00
  430850935     31.801     32.075   3.476530   3.475943    32.3731    32.3759     9.1384     9.1287     9.1351     9.1253     0.0000     0.0000     0.1734    95.6408     0.0018     4.4640   49.22156    3.22146    140.356    25.0407    25.0443    1484.01          0      31831          5  0.000e+00
  430850935     31.845     32.119   3.476290   3.475826    32.3762    32.3772     9.1323     9.1259     9.1289     9.1225     0.0000     0.0000     0.1734    95.6408     0.0018     4.4640   49.24979    3.22368    140.452    25.0440    25.0458    1483.99          0      31832          5  0.000e+00
  430850935     31.889     32.163   3.475863   3.475716    32.3798    32.3803     9.1235     9.1212     9.1201     9.1178     0.0000     0.0000     0.1734    95.6669     0.0018     4.4652   49.26621    3.22531    140.523    25.0482    25.0490    1483.97          0      31833          5  0.000e+00
  430850935     31.889     32.163   3.475257   3.475644    32.3853    32.3803     9.1105     9.1204     9.1072     9.1171     0.0000     0.0000     0.1734    95.6408     0.0018     4.4640   49.34580    3.23133    140.784    25.0545    25.0491    1483.93          0      31834          5  0.000e+00
  430850935     31.889     32.163   3.474711   3.475580    32.3924    32.3801     9.0965     9.1199     9.0932     9.1165     0.0000     0.0000     0.1734    95.6669     0.0018     4.4652   49.37959    3.23440    140.917    25.0623    25.0490    1483.88          0      31835          5  0.000e+00
  430850935     31.938     32.214   3.474611   3.475605    32.3995    32.3798     9.0875     9.1205     9.0842     9.1172     0.0000     0.0000     0.1734    95.6669     0.0018     4.4652   49.41163    3.23700    141.029    25.0692    25.0487    1483.86          0      31836          5  0.000e+00
  430850935     31.982     32.258   3.474764   3.475599    32.3977    32.3798     9.0912     9.1204     9.0878     9.1171     0.0000     0.0000     0.1734    95.6408     0.0018     4.4640   49.44090    3.23869    141.103    25.0673    25.0487    1483.87          0      31837          5  0.000e+00
  430850935     31.982     32.258   3.474791   3.475573    32.3981    32.3805     9.0911     9.1193     9.0877     9.1159     0.0000     0.0000     0.1734    95.6669     0.0018     4.4652   49.53333    3.24475    141.367    25.0676    25.0495    1483.87          0      31838          5  0.000e+00
  430850935     31.938     32.214   3.474871   3.475586    32.3971    32.3804     9.0931     9.1196     9.0898     9.1162     0.0000     0.0000     0.1734    95.5885     0.0018     4.4615   49.55784    3.24622    141.431    25.0665    25.0493    1483.88          0      31839          5  0.000e+00
  430850935     32.026     32.302   3.475064   3.475573    32.3907    32.3796     9.1022     9.1203     9.0989     9.1169     0.0000     0.0000     0.1734    95.4053     0.0019     4.4530   49.51516    3.24291    141.288    25.0601    25.0486    1483.90          0      31840          5  0.000e+00
  430850935     32.026     32.302   3.475171   3.475489    32.3888    32.3792     9.1056     9.1197     9.1022     9.1164     0.0000     0.0000     0.1734    95.3792     0.0019     4.4518   49.58963    3.24758    141.492    25.0581    25.0484    1483.91          0      31841          5  0.000e+00
  430850935     31.982     32.258   3.475051   3.475469    32.3910    32.3799     9.1019     9.1188     9.0985     9.1154     0.0000     0.0000     0.1734    95.3792     0.0019     4.4518   49.60731    3.24896    141.551    25.0603    25.0490    1483.90          0      31842          5  0.000e+00
  430850935     32.076     32.352   3.474738   3.475450    32.3931    32.3811     9.0959     9.1172     9.0925     9.1138     0.0000     0.0000     0.1734    95.3792     0.0019     4.4518   49.62351    3.25041    141.614    25.0630    25.0502    1483.88          0      31843          5  0.000e+00
  430850935     32.026     32.302   3.474418   3.475392    32.3945    32.3849     9.0907     9.1124     9.0873     9.1090     0.0000     0.0000     0.1734    95.3792     0.0019     4.4518   49.63612    3.25158    141.665    25.0649    25.0540    1483.87          0      31844          5  0.000e+00
  430850935     32.076     32.352   3.474245   3.475379    32.3964    32.3808     9.0867     9.1167     9.0833     9.1133     0.0000     0.0000     0.1734    95.3792     0.0019     4.4518   49.72234    3.25748    141.921    25.0669    25.0501    1483.85          0      31845          5  0.000e+00
  430850935     32.026     32.302   3.474258   3.475379    32.4023    32.3776     9.0803     9.1203     9.0769     9.1169     0.0000     0.0000     0.1734    95.3792     0.0019     4.4518   49.74025    3.25899    141.986    25.0726    25.0470    1483.84          0      31846          5  0.000e+00
  430850935     32.076     32.352   3.474352   3.475534    32.4038    32.3760     9.0798     9.1238     9.0764     9.1204     0.0000     0.0000     0.1734    95.3792     0.0019     4.4518   49.75528    3.25998    142.030    25.0738    25.0452    1483.84          0      31847          5  0.000e+00
  430850936     32.076     32.352   3.474445   3.475664    32.4002    32.3758     9.0848     9.1255     9.0814     9.1221     0.0000     0.0000     0.1734    95.3792     0.0019     4.4518   49.83132    3.26468    142.235    25.0702    25.0448    1483.85          0      31848          5  0.000e+00
  430850936     32.026     32.302   3.474558   3.475832    32.3998    32.3739     9.0865     9.1295     9.0831     9.1262     0.0000     0.0000     0.1734    95.3792     0.0019     4.4518   49.84935    3.26574    142.281    25.0697    25.0426    1483.86          0      31849          5  0.000e+00
  430850936     32.076     32.352   3.474805   3.476040    32.4024    32.3716     9.0864     9.1344     9.0830     9.1310     0.0000     0.0000     0.1734    95.3792     0.0019     4.4518   49.79990    3.26245    142.138    25.0717    25.0401    1483.86          0      31850          5  0.000e+00
  430850936     32.026     32.302   3.475231   3.476235    32.3957    32.3695     9.0986     9.1389     9.0953     9.1355     0.0000     0.0000     0.1734    95.3792     0.0019     4.4518   49.86501    3.26597    142.292    25.0646    25.0378    1483.90          0      31851          5  0.000e+00
  430850936     32.026     32.302   3.475557   3.476494    32.3870    32.3658     9.1119     9.1460     9.1086     9.1426     0.0000     0.0000     0.1832    95.3792     0.0019     4.4518   49.87236    3.26568    142.280    25.0557    25.0337    1483.94          0      31852          5  0.000e+00
  430850936     32.026     32.302   3.475810   3.476773    32.3806    32.3627     9.1219     9.1526     9.1185     9.1492     0.0000     0.0000     0.1893    95.3792     0.0019     4.4518   49.87659    3.26537    142.268    25.0491    25.0303    1483.96          0      31853          5  0.000e+00
  430850936     32.026     32.302   3.475903   3.477032    32.3761    32.3591     9.1279     9.1595     9.1246     9.1561     0.0000     0.0000     0.1905    95.3792     0.0019     4.4518   49.87774    3.26510    142.257    25.0446    25.0264    1483.98          0      31854          5  0.000e+00
  430850936     31.982     32.258   3.475770   3.477259    32.3753    32.3565     9.1273     9.1650     9.1239     9.1616     0.0000     0.0000     0.1893    95.3792     0.0019     4.4518   49.87579    3.26504    142.254    25.0441    25.0235    1483.98          0      31855          5  0.000e+00
  430850936     32.026     32.302   3.475437   3.477382    32.3784    32.3545     9.1200     9.1685     9.1167     9.1652     0.0000     0.0000     0.1893    95.3792     0.0019     4.4518   49.87160    3.26522    142.261    25.0477    25.0214    1483.95          0      31856          5  0.000e+00
  430850936     31.982     32.258   3.474871   3.477389    32.3847    32.3536     9.1067     9.1696     9.1033     9.1663     0.0000     0.0000     0.1893    95.3792     0.0019     4.4518   49.86397    3.26555    142.275    25.0547    25.0205    1483.91          0      31857          5  0.000e+00
  430850936     31.982     32.258   3.474598   3.477356    32.3904    32.3535     9.0973     9.1693     9.0940     9.1660     0.0000     0.0000     0.1893    95.3792     0.0019     4.4518   49.85279    3.26538    142.267    25.0606    25.0205    1483.88          0      31858          5  0.000e+00
  430850936     31.938     32.214   3.474891   3.477324    32.3895    32.3547     9.1017     9.1677     9.0983     9.1643     0.0000     0.0000     0.1893    95.4315     0.0019     4.4542   49.91222    3.26898    142.423    25.0592    25.0217    1483.90          0      31859          5  0.000e+00
  430851050     20.462     20.637   3.508883   3.508155    32.0775    32.0816     9.8416     9.8287     9.8393     9.8264     0.0000     0.0000     0.3223    93.2079     0.0028     4.3504   59.80591    3.86138    168.293    24.6971    24.7024    1486.04          0      34587          6  0.000e+00
  430851050     20.505     20.681   3.508837   3.508168    32.0786    32.0814     9.8398     9.8290     9.8375     9.8267     0.0000     0.0000     0.3223    93.0509     0.0029     4.3431   59.81090    3.86182    168.312    24.6982    24.7022    1486.04          0      34588          6  0.000e+00
  430851050     20.555     20.732   3.508823   3.508188    32.0788    32.0819     9.8393     9.8287     9.8370     9.8264     0.0000     0.0000     0.3211    93.0248     0.0029     4.3419   59.81627    3.86220    168.328    24.6985    24.7026    1486.03          0      34589          6  0.000e+00
  430851050     20.555     20.732   3.508777   3.508175    32.0788    32.0823     9.8389     9.8280     9.8366     9.8258     0.0000     0.0000     0.3211    93.0248     0.0029     4.3419   59.82168    3.86259    168.345    24.6985    24.7031    1486.03          0      34590          6  0.000e+00
  430851050     20.555     20.732   3.508736   3.508149    32.0788    32.0815     9.8383     9.8287     9.8361     9.8264     0.0000     0.0000     0.3211    93.0509     0.0029     4.3431   59.82751    3.86301    168.364    24.6987    24.7023    1486.03          0      34591          6  0.000e+00
  430851050     20.555     20.732   3.508750   3.508162    32.0794    32.0810     9.8379     9.8293     9.8356     9.8270     0.0000     0.0000     0.3211    93.0509     0.0029     4.3431   59.83374    3.86344    168.382    24.6992    24.7019    1486.03          0      34592          6  0.000e+00
  430851050     20.599     20.776   3.508716   3.508149    32.0796    32.0804     9.8372     9.8298     9.8349     9.8275     0.0000     0.0000     0.3211    93.0509     0.0029     4.3431   59.84074    3.86394    168.404    24.6995    24.7013    1486.03          0      34593          6  0.000e+00
  430851050     20.599     20.776   3.508629   3.508136    32.0797    32.0812     9.8361     9.8288     9.8338     9.8265     0.0000     0.0000     0.3211    93.0509     0.0029     4.3431   59.84785    3.86449    168.428    24.6997    24.7021    1486.02          0      34594          6  0.000e+00
  430851050     20.642     20.820   3.508556   3.508084    32.0813    32.0818     9.8335     9.8275     9.8312     9.8253     0.0000     0.0000     0.3211    93.0509     0.0029     4.3431   59.92012    3.86934    168.639    24.7014    24.7027    1486.02          0      34595          6  0.000e+00
  430851050     20.642     20.820   3.508422   3.508051    32.0821    32.0822     9.8310     9.8267     9.8288     9.8244     0.0000     0.0000     0.3211    93.0509     0.0029     4.3431   59.87332    3.86650    168.515    24.7024    24.7032    1486.01          0      34596          6  0.000e+00
  430851050     20.642     20.820   3.508288   3.508038    32.0827    32.0826     9.8288     9.8261     9.8265     9.8238     0.0000     0.0000     0.3211    93.0248     0.0029     4.3419   59.94567    3.87135    168.726    24.7033    24.7036    1486.00          0      34597          6  0.000e+00
  430851050     20.692     20.870   3.508208   3.507993    32.0836    32.0830     9.8268     9.8251     9.8245     9.8228     0.0000     0.0000     0.3211    93.0509     0.0029     4.3431   59.88928    3.86785    168.574    24.7043    24.7041    1486.00          0      34598          6  0.000e+00
  430851050     20.736     20.914   3.508075   3.507934    32.0844    32.0837     9.8245     9.8236     9.8222     9.8214     0.0000     0.0000     0.3223    93.0248     0.0029     4.3419   59.82293    3.86375    168.395    24.7053    24.7049    1485.99          0      34599          6  0.000e+00
  430851050     20.692     20.870   3.508061   3.507843    32.0852    32.0841     9.8234     9.8222     9.8212     9.8199     0.0000     0.0000     0.3211    93.0509     0.0029     4.3431   59.81064    3.86302    168.363    24.7060    24.7054    1485.99          0      34600          6  0.000e+00
  430851050     20.780     20.958   3.508088   3.507798    32.0857    32.0846     9.8231     9.8210     9.8208     9.8187     0.0000     0.0000     0.3211    93.0248     0.0029     4.3419   59.86408    3.86649    168.514    24.7065    24.7060    1485.99          0      34601          6  0.000e+00
  430851050     20.736     20.914   3.508048   3.507765    32.0850    32.0856     9.8234     9.8196     9.8212     9.8173     0.0000     0.0000     0.3211    93.0509     0.0029     4.3431   59.87242    3.86702    168.537    24.7059    24.7070    1485.99          0      34602          6  0.000e+00
  430851050     20.780     20.958   3.508014   3.507641    32.0855    32.0862     9.8225     9.8175     9.8202     9.8152     0.0000     0.0000     0.3211    93.0509     0.0029     4.3431   59.88193    3.86770    168.567    24.7065    24.7078    1485.99          0      34603          6  0.000e+00
  430851050     20.780     20.958   3.508001   3.507583    32.0860    32.0871     9.8218     9.8158     9.8195     9.8135     0.0000     0.0000     0.3211    93.0509     0.0029     4.3431   59.89150    3.86836    168.596    24.7070    24.7088    1485.98          0      34604          6  0.000e+00
  430851050     20.829     21.008   3.508001   3.507518    32.0862    32.0879     9.8215     9.8141     9.8192     9.8118     0.0000     0.0000     0.3223    93.0248     0.0029     4.3419   59.89149    3.86838    168.596    24.7072    24.7097    1485.98          0      34605          6  0.000e+00
  430851050     20.817     20.996   3.508001   3.507459    32.0872    32.0882     9.8204     9.8131     9.8181     9.8108     0.0000     0.0000     0.3211    93.0248     0.0029     4.3419   59.82670    3.86427    168.417    24.7082    24.7101    1485.98          0      34606          6  0.000e+00
  430851050     20.873     21.052   3.508001   3.507492    32.0871    32.0882     9.8205     9.8134     9.8182     9.8111     0.0000     0.0000     0.3223    93.0509     0.0029     4.3431   59.82753    3.86431    168.419    24.7080    24.7101    1485.98          0      34607          6  0.000e+00
  430851051     20.873     21.052   3.508075   3.507479    32.0860    32.0879     9.8226     9.8136     9.8203     9.8113     0.0000     0.0000     0.3211    93.0771     0.0029     4.3443   59.82865    3.86424    168.416    24.7068    24.7098    1485.99          0      34608          6  0.000e+00
  430851051     20.873     21.052   3.508121   3.507498    32.0854    32.0884     9.8237     9.8133     9.8214     9.8110     0.0000     0.0000     0.3223    93.0771     0.0029     4.3443   59.88464    3.86777    168.570    24.7062    24.7102    1485.99          0      34609          6  0.000e+00
