ROS/FK009A_CTD026_20130823.ros
* Sea-Bird SBE 9 Data File:
* FileName = C:\Falkor-Data-2013\FK009A\CTD\FK009A_CTD026_20130823.hex
* Software Version Seasave V 7.21f
* Temperature SN = 5483
* Conductivity SN = 3916
* Number of Bytes Per Scan = 41
* Number of Voltage Words = 4
* Number of Scans Averaged by the Deck Unit = 1
* NMEA Latitude = 48 43.59 N
* NMEA Longitude = 125 42.77 W
* NMEA UTC (Time) = Aug 23 2013 01:39:36
* NMEA baud rate = 4800
** Ship: RV Falkor
** Station: LC05-A
** Operator: CPeazy
# nquan = 27
# nvalues = 196                                   
# units = specified
# name 0 = timeQ: Time, NMEA [seconds]
# name 1 = depSM: Depth [salt water, m]
# name 2 = prDM: Pressure, Digiquartz [db]
# name 3 = c0S/m: Conductivity [S/m]
# name 4 = c1S/m: Conductivity, 2 [S/m]
# name 5 = sal00: Salinity, Practical [PSU]
# name 6 = sal11: Salinity, Practical, 2 [PSU]
# name 7 = t090C: Temperature [ITS-90, deg C]
# name 8 = t190C: Temperature, 2 [ITS-90, deg C]
# name 9 = potemp090C: Potential Temperature [ITS-90, deg C]
# name 10 = potemp190C: Potential Temperature, 2 [ITS-90, deg C]
# name 11 = v2: Voltage 2
# name 12 = v3: Voltage 3
# name 13 = v0: Voltage 0
# name 14 = CStarTr0: Beam Transmission, WET Labs C-Star [%]
# name 15 = CStarAt0: Beam Attenuation, WET Labs C-Star [1/m]
# name 16 = v5: Voltage 5
# name 17 = sbeox0PS: Oxygen, SBE 43 [% saturation]
# name 18 = sbeox0ML/L: Oxygen, SBE 43 [ml/l]
# name 19 = sbeox0Mm/Kg: Oxygen, SBE 43 [umol/Kg]
# name 20 = sigma-é00: Density [sigma-theta, Kg/m^3]
# name 21 = sigma-é11: Density, 2 [sigma-theta, Kg/m^3]
# name 22 = svCM: Sound Velocity [Chen-Millero, m/s]
# name 23 = modError: Modulo Error Count
# name 24 = scan: Scan Count
# name 25 = nbf: Bottles Fired
# name 26 = flag:  0.000e+00
# interval = seconds: 0.0416667
# start_time = Aug 23 2013 01:39:36 [NMEA time, first data scan]
# bad_flag = -9.990e-29
*END*
  430537595    207.271    209.145   3.408717   3.408505    33.6730    33.6721     6.9060     6.9044     6.8869     6.8854     0.0000     0.0000     0.0842    87.0603     0.0055     4.0635   20.83452    1.42195     61.872    26.3888    26.3883    1480.06          5      10046          1  0.000e+00
  430537595    207.365    209.240   3.408691   3.408505    33.6726    33.6719     6.9060     6.9046     6.8869     6.8856     0.0000     0.0000     0.0830    87.0603     0.0055     4.0635   20.82058    1.42101     61.831    26.3885    26.3881    1480.06          5      10047          1  0.000e+00
  430537595    207.271    209.145   3.408697   3.408505    33.6729    33.6721     6.9058     6.9045     6.8868     6.8855     0.0000     0.0000     0.0818    87.0603     0.0055     4.0635   20.80615    1.42002     61.788    26.3887    26.3883    1480.06          5      10048          1  0.000e+00
  430537595    207.352    209.227   3.408684   3.408524    33.6727    33.6721     6.9058     6.9046     6.8868     6.8856     0.0000     0.0000     0.0818    87.0865     0.0055     4.0647   20.86037    1.42373     61.949    26.3886    26.3883    1480.06          5      10049          1  0.000e+00
  430537595    207.321    209.195   3.408678   3.408556    33.6727    33.6725     6.9058     6.9046     6.8868     6.8856     0.0000     0.0000     0.0830    87.0603     0.0055     4.0635   20.87043    1.42441     61.979    26.3886    26.3886    1480.06          5      10050          1  0.000e+00
  430537595    207.271    209.145   3.408697   3.408517    33.6729    33.6721     6.9058     6.9046     6.8868     6.8856     0.0000     0.0000     0.0818    87.0603     0.0055     4.0635   20.81223    1.42044     61.806    26.3887    26.3883    1480.06          5      10051          1  0.000e+00
  430537595    207.271    209.145   3.408711   3.408505    33.6730    33.6721     6.9058     6.9045     6.8868     6.8855     0.0000     0.0000     0.0818    87.0603     0.0055     4.0635   20.79804    1.41947     61.764    26.3889    26.3883    1480.06          5      10052          1  0.000e+00
  430537595    207.271    209.145   3.408711   3.408524    33.6730    33.6722     6.9058     6.9046     6.8868     6.8856     0.0000     0.0000     0.0818    87.0603     0.0055     4.0635   20.79652    1.41937     61.759    26.3889    26.3883    1480.06          5      10053          1  0.000e+00
  430537596    207.321    209.195   3.408684   3.408537    33.6727    33.6722     6.9058     6.9046     6.8868     6.8856     0.0000     0.0000     0.0830    87.0865     0.0055     4.0647   20.79565    1.41931     61.757    26.3886    26.3884    1480.06          5      10054          1  0.000e+00
  430537596    207.258    209.132   3.408697   3.408511    33.6729    33.6721     6.9058     6.9045     6.8868     6.8855     0.0000     0.0000     0.0830    87.0603     0.0055     4.0635   20.85050    1.42305     61.919    26.3887    26.3883    1480.06          5      10055          1  0.000e+00
  430537596    207.321    209.195   3.408711   3.408505    33.6730    33.6719     6.9058     6.9046     6.8868     6.8856     0.0000     0.0000     0.0818    87.0603     0.0055     4.0635   20.86182    1.42382     61.953    26.3888    26.3882    1480.06          5      10056          1  0.000e+00
  430537596    207.227    209.101   3.408684   3.408505    33.6728    33.6721     6.9058     6.9045     6.8868     6.8855     0.0000     0.0000     0.0818    87.0603     0.0055     4.0635   20.87272    1.42457     61.986    26.3886    26.3883    1480.06          5      10057          1  0.000e+00
  430537596    207.321    209.195   3.408698   3.408505    33.6729    33.6721     6.9058     6.9044     6.8868     6.8854     0.0000     0.0000     0.0818    87.0603     0.0055     4.0635   20.88412    1.42535     62.019    26.3887    26.3883    1480.06          5      10058          1  0.000e+00
  430537596    207.227    209.101   3.408697   3.408505    33.6729    33.6719     6.9058     6.9046     6.8868     6.8856     0.0000     0.0000     0.0830    87.0603     0.0055     4.0635   20.88235    1.42522     62.014    26.3888    26.3881    1480.06          5      10059          1  0.000e+00
  430537596    207.271    209.145   3.408704   3.408524    33.6728    33.6720     6.9060     6.9047     6.8869     6.8857     0.0000     0.0000     0.0818    86.9818     0.0056     4.0598   20.89310    1.42595     62.046    26.3887    26.3882    1480.06          5      10060          1  0.000e+00
  430537596    207.258    209.132   3.408684   3.408537    33.6728    33.6724     6.9058     6.9045     6.8868     6.8855     0.0000     0.0000     0.0830    86.9557     0.0056     4.0586   20.83552    1.42203     61.875    26.3886    26.3885    1480.06          5      10061          1  0.000e+00
  430537596    207.321    209.195   3.408698   3.408537    33.6730    33.6723     6.9056     6.9046     6.8866     6.8856     0.0000     0.0000     0.0818    86.9557     0.0056     4.0586   20.82202    1.42111     61.835    26.3889    26.3884    1480.06          5      10062          1  0.000e+00
  430537596    207.271    209.145   3.408684   3.408537    33.6728    33.6723     6.9058     6.9046     6.8868     6.8856     0.0000     0.0000     0.0818    86.9557     0.0056     4.0586   20.80819    1.42017     61.794    26.3886    26.3884    1480.06          5      10063          1  0.000e+00
  430537596    207.271    209.145   3.408678   3.408556    33.6727    33.6726     6.9058     6.9045     6.8868     6.8855     0.0000     0.0000     0.0830    86.9557     0.0056     4.0586   20.80718    1.42010     61.791    26.3886    26.3887    1480.06          5      10064          1  0.000e+00
  430537596    207.271    209.145   3.408678   3.408543    33.6730    33.6724     6.9055     6.9046     6.8864     6.8856     0.0000     0.0000     0.0818    86.9557     0.0056     4.0586   20.79402    1.41921     61.752    26.3889    26.3885    1480.06          5      10065          1  0.000e+00
  430537596    207.352    209.227   3.408678   3.408537    33.6726    33.6724     6.9058     6.9045     6.8868     6.8855     0.0000     0.0000     0.0830    86.9557     0.0056     4.0586   20.78105    1.41831     61.713    26.3885    26.3885    1480.06          5      10066          1  0.000e+00
  430537596    207.271    209.145   3.408724   3.408537    33.6732    33.6723     6.9058     6.9046     6.8868     6.8856     0.0000     0.0000     0.0818    86.9557     0.0056     4.0586   20.78033    1.41826     61.711    26.3890    26.3884    1480.06          5      10067          1  0.000e+00
  430537596    207.321    209.195   3.408691   3.408556    33.6726    33.6728     6.9060     6.9043     6.8869     6.8853     0.0000     0.0000     0.0818    86.9557     0.0056     4.0586   20.76779    1.41740     61.674    26.3885    26.3888    1480.06          5      10068          1  0.000e+00
  430537596    207.271    209.145   3.408697   3.408543    33.6731    33.6724     6.9056     6.9046     6.8866     6.8856     0.0000     0.0000     0.0830    86.9557     0.0056     4.0586   20.83586    1.42206     61.876    26.3889    26.3885    1480.06          5      10069          1  0.000e+00
  430537596    207.321    209.195   3.408731   3.408511    33.6731    33.6721     6.9060     6.9045     6.8869     6.8855     0.0000     0.0000     0.0830    86.9557     0.0056     4.0586   20.84815    1.42288     61.912    26.3889    26.3883    1480.06          5      10070          1  0.000e+00
  430537596    207.321    209.195   3.408731   3.408524    33.6732    33.6721     6.9058     6.9046     6.8868     6.8856     0.0000     0.0000     0.0830    86.9557     0.0056     4.0586   20.86032    1.42372     61.949    26.3890    26.3883    1480.06          5      10071          1  0.000e+00
  430537596    207.352    209.227   3.408711   3.408492    33.6728    33.6718     6.9060     6.9046     6.8869     6.8856     0.0000     0.0000     0.0818    86.9557     0.0056     4.0586   20.87256    1.42455     61.985    26.3887    26.3880    1480.06          5      10072          1  0.000e+00
  430537596    207.321    209.195   3.408711   3.408498    33.6729    33.6720     6.9060     6.9045     6.8869     6.8855     0.0000     0.0000     0.0842    86.9557     0.0056     4.0586   20.87197    1.42451     61.983    26.3887    26.3882    1480.06          5      10073          1  0.000e+00
  430537596    207.365    209.240   3.408711   3.408524    33.6730    33.6723     6.9058     6.9044     6.8868     6.8854     0.0000     0.0000     0.0842    86.9557     0.0056     4.0586   20.80289    1.41980     61.778    26.3888    26.3884    1480.06          5      10074          1  0.000e+00
  430537596    207.365    209.240   3.408684   3.408537    33.6727    33.6722     6.9058     6.9046     6.8868     6.8856     0.0000     0.0000     0.0842    86.9557     0.0056     4.0586   20.78971    1.41890     61.739    26.3886    26.3884    1480.06          5      10075          1  0.000e+00
  430537596    207.365    209.240   3.408698   3.408511    33.6727    33.6720     6.9060     6.9046     6.8869     6.8856     0.0000     0.0000     0.0830    86.9557     0.0056     4.0586   20.84473    1.42265     61.902    26.3886    26.3882    1480.06          5      10076          1  0.000e+00
  430537596    207.365    209.240   3.408684   3.408524    33.6727    33.6721     6.9058     6.9046     6.8868     6.8856     0.0000     0.0000     0.0830    86.9557     0.0056     4.0586   20.77502    1.41790     61.695    26.3886    26.3883    1480.06          5      10077          1  0.000e+00
  430537597    207.396    209.271   3.408724   3.408556    33.6730    33.6724     6.9060     6.9046     6.8869     6.8856     0.0000     0.0000     0.0842    86.9557     0.0056     4.0586   20.84228    1.42248     61.895    26.3888    26.3885    1480.06          5      10078          1  0.000e+00
  430537597    207.409    209.284   3.408717   3.408518    33.6731    33.6719     6.9058     6.9047     6.8868     6.8857     0.0000     0.0000     0.0830    86.9557     0.0056     4.0586   20.85347    1.42325     61.928    26.3889    26.3881    1480.06          5      10079          1  0.000e+00
  430537597    207.409    209.284   3.408731   3.408524    33.6729    33.6721     6.9061     6.9046     6.8871     6.8856     0.0000     0.0000     0.0830    86.9034     0.0056     4.0562   20.86461    1.42400     61.961    26.3887    26.3882    1480.07          5      10080          1  0.000e+00
  430537597    207.459    209.334   3.408717   3.408511    33.6729    33.6721     6.9060     6.9044     6.8869     6.8854     0.0000     0.0000     0.0830    86.8772     0.0056     4.0549   20.80770    1.42013     61.792    26.3887    26.3883    1480.07          5      10081          1  0.000e+00
  430537597    207.409    209.284   3.408731   3.408524    33.6732    33.6721     6.9058     6.9046     6.8868     6.8856     0.0000     0.0000     0.0842    86.8772     0.0056     4.0549   20.87527    1.42474     61.993    26.3890    26.3882    1480.06          5      10082          1  0.000e+00
  430537597    207.446    209.322   3.408717   3.408537    33.6729    33.6722     6.9060     6.9046     6.8869     6.8855     0.0000     0.0000     0.0842    86.8772     0.0056     4.0549   20.81882    1.42088     61.825    26.3887    26.3884    1480.07          5      10083          1  0.000e+00
  430537597    207.459    209.334   3.408698   3.408537    33.6728    33.6719     6.9058     6.9049     6.8868     6.8859     0.0000     0.0000     0.0842    86.8772     0.0056     4.0549   20.81886    1.42089     61.826    26.3887    26.3881    1480.06          5      10084          1  0.000e+00
  430537597    207.502    209.378   3.408704   3.408537    33.6727    33.6724     6.9060     6.9044     6.8869     6.8854     0.0000     0.0000     0.0842    86.8772     0.0056     4.0549   20.88768    1.42559     62.030    26.3886    26.3885    1480.07          5      10085          1  0.000e+00
  430537597    207.502    209.378   3.408711   3.408511    33.6728    33.6720     6.9060     6.9045     6.8869     6.8854     0.0000     0.0000     0.0830    86.8772     0.0056     4.0549   20.81948    1.42093     61.827    26.3886    26.3882    1480.07          5      10086          1  0.000e+00
  430537597    207.502    209.378   3.408684   3.408524    33.6726    33.6723     6.9058     6.9043     6.8868     6.8853     0.0000     0.0000     0.0842    86.8772     0.0056     4.0549   20.80733    1.42011     61.791    26.3885    26.3885    1480.07          5      10087          1  0.000e+00
  430537597    207.502    209.378   3.408698   3.408511    33.6728    33.6722     6.9058     6.9043     6.8867     6.8852     0.0000     0.0000     0.0842    86.8772     0.0056     4.0549   20.79517    1.41928     61.755    26.3887    26.3884    1480.07          5      10088          1  0.000e+00
  430537597    207.490    209.366   3.408711   3.408524    33.6729    33.6720     6.9058     6.9046     6.8868     6.8856     0.0000     0.0000     0.0842    86.8772     0.0056     4.0549   20.78297    1.41844     61.719    26.3888    26.3882    1480.07          5      10089          1  0.000e+00
  430537597    207.546    209.423   3.408711   3.408556    33.6731    33.6725     6.9056     6.9044     6.8866     6.8854     0.0000     0.0000     0.0830    86.8772     0.0056     4.0549   20.78364    1.41849     61.721    26.3889    26.3887    1480.07          5      10090          1  0.000e+00
  430537597    207.546    209.423   3.408711   3.408543    33.6728    33.6722     6.9060     6.9046     6.8869     6.8856     0.0000     0.0000     0.0830    86.8772     0.0056     4.0549   20.78464    1.41855     61.724    26.3886    26.3884    1480.07          5      10091          1  0.000e+00
  430537597    207.640    209.517   3.408717   3.408524    33.6728    33.6721     6.9060     6.9044     6.8869     6.8854     0.0000     0.0000     0.0830    86.8772     0.0056     4.0549   20.92281    1.42798     62.134    26.3886    26.3883    1480.07          6      10092          1  0.000e+00
  430537597    207.596    209.473   3.408691   3.408537    33.6730    33.6724     6.9055     6.9043     6.8864     6.8853     0.0000     0.0000     0.0842    86.8772     0.0056     4.0549   20.87986    1.42506     62.007    26.3889    26.3886    1480.07          6      10093          1  0.000e+00
  430537597    207.640    209.517   3.408698   3.408511    33.6727    33.6722     6.9058     6.9043     6.8867     6.8852     0.0000     0.0000     0.0842    86.8772     0.0056     4.0549   20.89314    1.42596     62.046    26.3886    26.3884    1480.07          6      10094          1  0.000e+00
  430537810    160.157    161.587   3.408404   3.408212    33.6389    33.6379     6.9608     6.9597     6.9461     6.9450     0.0000     0.0000     0.0830    89.7810     0.0043     4.1905   22.09738    1.50658     65.556    26.3539    26.3533    1479.45          6      15199          2  0.000e+00
  430537810    160.157    161.587   3.408417   3.408231    33.6391    33.6379     6.9608     6.9599     6.9461     6.9452     0.0000     0.0000     0.0842    89.7810     0.0043     4.1905   22.08693    1.50587     65.525    26.3541    26.3533    1479.45          6      15200          2  0.000e+00
  430537810    160.114    161.543   3.408417   3.408244    33.6390    33.6383     6.9609     6.9597     6.9462     6.9450     0.0000     0.0000     0.0830    89.7810     0.0043     4.1905   22.07486    1.50504     65.489    26.3540    26.3536    1479.45          6      15201          2  0.000e+00
  430537810    160.207    161.637   3.408417   3.408218    33.6389    33.6377     6.9609     6.9599     6.9462     6.9452     0.0000     0.0000     0.0842    89.7810     0.0043     4.1905   21.98165    1.49869     65.213    26.3539    26.3531    1479.45          6      15202          2  0.000e+00
