ROS/FK009A_CTD003_20130819.ros
* Sea-Bird SBE 9 Data File:
* FileName = C:\Falkor-Data-2013\FK009A\CTD\FK009A_CTD003_20130819.hex
* Software Version Seasave V 7.21f
* Temperature SN = 5483
* Conductivity SN = 3916
* Number of Bytes Per Scan = 41
* Number of Voltage Words = 4
* Number of Scans Averaged by the Deck Unit = 1
* NMEA Latitude = 48 25.29 N
* NMEA Longitude = 125 28.62 W
* NMEA UTC (Time) = Aug 19 2013 21:05:36
* NMEA baud rate = 4800
** Ship:
** Station: LB08
** Operator:
# nquan = 27
# nvalues = 441                                   
# units = specified
# name 0 = timeQ: Time, NMEA [seconds]
# name 1 = depSM: Depth [salt water, m]
# name 2 = prDM: Pressure, Digiquartz [db]
# name 3 = c0S/m: Conductivity [S/m]
# name 4 = c1S/m: Conductivity, 2 [S/m]
# name 5 = sal00: Salinity, Practical [PSU]
# name 6 = sal11: Salinity, Practical, 2 [PSU]
# name 7 = t090C: Temperature [ITS-90, deg C]
# name 8 = t190C: Temperature, 2 [ITS-90, deg C]
# name 9 = potemp090C: Potential Temperature [ITS-90, deg C]
# name 10 = potemp190C: Potential Temperature, 2 [ITS-90, deg C]
# name 11 = v2: Voltage 2
# name 12 = v3: Voltage 3
# name 13 = v0: Voltage 0
# name 14 = CStarTr0: Beam Transmission, WET Labs C-Star [%]
# name 15 = CStarAt0: Beam Attenuation, WET Labs C-Star [1/m]
# name 16 = v5: Voltage 5
# name 17 = sbeox0PS: Oxygen, SBE 43 [% saturation]
# name 18 = sbeox0ML/L: Oxygen, SBE 43 [ml/l]
# name 19 = sbeox0Mm/Kg: Oxygen, SBE 43 [umol/Kg]
# name 20 = sigma-é00: Density [sigma-theta, Kg/m^3]
# name 21 = sigma-é11: Density, 2 [sigma-theta, Kg/m^3]
# name 22 = svCM: Sound Velocity [Chen-Millero, m/s]
# name 23 = modError: Modulo Error Count
# name 24 = scan: Scan Count
# name 25 = nbf: Bottles Fired
# name 26 = flag:  0.000e+00
# interval = seconds: 0.0416667
# start_time = Aug 19 2013 21:05:37 [NMEA time, first data scan]
# bad_flag = -9.990e-29
*END*
[from data line 376]
  430262819     10.760     10.851   3.689395   3.689653    31.9905    31.9957    11.9900    11.9868    11.9886    11.9855     1.2943     1.1929     0.5556    86.0662     0.0060     4.0171  120.36487    7.42493    323.745    24.2548    24.2594    1493.37          0      30779          8  0.000e+00
  430262819     10.834     10.927   3.689224   3.689574    31.9913    31.9978    11.9872    11.9835    11.9858    11.9822     1.2943     1.1929     0.5556    86.0662     0.0060     4.0171  120.37467    7.42594    323.789    24.2559    24.2616    1493.37          0      30780          8  0.000e+00
  430262819     10.803     10.895   3.689101   3.689461    31.9930    31.9971    11.9837    11.9830    11.9824    11.9817     1.2943     1.1917     0.5556    86.0662     0.0060     4.0171  120.37396    7.42635    323.806    24.2579    24.2612    1493.36          0      30781          8  0.000e+00
  430262819     10.803     10.895   3.688958   3.689328    31.9949    31.9968    11.9799    11.9819    11.9786    11.9805     1.2943     1.1941     0.5556    86.0662     0.0060     4.0171  120.42803    7.43019    323.973    24.2601    24.2612    1493.35          0      30782          8  0.000e+00
  430262819     10.834     10.927   3.689020   3.689096    31.9972    31.9990    11.9780    11.9767    11.9766    11.9753     1.2943     1.1929     0.5568    86.0662     0.0060     4.0171  120.41875    7.42982    323.956    24.2622    24.2639    1493.34          0      30783          8  0.000e+00
  430262819     10.853     10.946   3.689074   3.688664    31.9963    32.0022    11.9796    11.9681    11.9782    11.9667     1.2943     1.1929     0.5556    86.0662     0.0060     4.0171  120.40873    7.42899    323.920    24.2612    24.2679    1493.35          0      30784          8  0.000e+00
  430262819     10.853     10.946   3.689401   3.688784    31.9984    32.0082    11.9808    11.9625    11.9794    11.9611     1.2943     1.1929     0.5556    86.0662     0.0060     4.0171  120.39885    7.42809    323.881    24.2626    24.2736    1493.35          0      30785          8  0.000e+00
  430262819     10.834     10.927   3.689633   3.688916    31.9950    32.0095    11.9874    11.9625    11.9860    11.9611     1.2943     1.1917     0.5556    86.0662     0.0060     4.0171  120.37930    7.42602    323.791    24.2588    24.2746    1493.37          0      30786          8  0.000e+00
  430262819     10.803     10.895   3.689872   3.688764    31.9933    32.0084    11.9921    11.9620    11.9908    11.9606     1.2943     1.1929     0.5556    86.0662     0.0060     4.0171  120.41444    7.42752    323.858    24.2565    24.2739    1493.39          0      30787          8  0.000e+00
  430262819     10.853     10.946   3.689981   3.688750    31.9905    32.0080    11.9965    11.9623    11.9952    11.9610     1.2943     1.1929     0.5556    86.0662     0.0060     4.0171  120.45091    7.42921    323.932    24.2536    24.2735    1493.40          0      30788          8  0.000e+00
  430262819     10.853     10.946   3.689899   3.688704    31.9900    32.0085    11.9962    11.9612    11.9948    11.9598     1.2955     1.1917     0.5556    86.0662     0.0060     4.0171  120.43307    7.42819    323.887    24.2533    24.2741    1493.40          0      30789          8  0.000e+00
  430262819     10.834     10.927   3.690070   3.688578    31.9995    32.0101    11.9870    11.9579    11.9856    11.9565     1.2955     1.1929     0.5556    86.0662     0.0060     4.0171  120.47980    7.43206    324.054    24.2624    24.2760    1493.38          0      30790          8  0.000e+00
  430262819     10.853     10.946   3.690084   3.688419    32.0060    32.0070    11.9796    11.9597    11.9783    11.9583     1.2955     1.1917     0.5556    86.0662     0.0060     4.0171  120.46365    7.43192    324.045    24.2687    24.2732    1493.36          0      30791          8  0.000e+00
  430262819     10.853     10.946   3.689920   3.688259    32.0004    32.0054    11.9844    11.9599    11.9830    11.9585     1.2955     1.1929     0.5556    86.0662     0.0060     4.0171  120.38262    7.42644    323.808    24.2635    24.2719    1493.37          0      30792          8  0.000e+00
  430262819     10.834     10.927   3.690015   3.688219    31.9910    32.0059    11.9964    11.9588    11.9950    11.9574     1.2955     1.1929     0.5556    86.0662     0.0060     4.0171  120.40947    7.42666    323.821    24.2540    24.2725    1493.40          0      30793          8  0.000e+00
  430262819     10.803     10.895   3.690458   3.688193    31.9822    32.0074    12.0117    11.9568    12.0103    11.9554     1.2955     1.1917     0.5556    86.0662     0.0060     4.0171  120.38221    7.42300    323.664    24.2443    24.2741    1493.44          0      30794          8  0.000e+00
  430262886      5.716      5.765   3.775886   3.767775    31.8045    31.8182    13.1824    13.0751    13.1816    13.0743     1.2149     1.2784     0.1783    89.0223     0.0047     4.1551  132.79861    7.99994    348.943    23.8830    23.9147    1497.11          0      32377          9  0.000e+00
  430262886      5.741      5.790   3.775914   3.767909    31.8057    31.8185    13.1812    13.0763    13.1804    13.0755     1.2149     1.2796     0.1795    89.0746     0.0046     4.1575  132.74352    7.99675    348.804    23.8842    23.9146    1497.11          0      32378          9  0.000e+00
  430262886      5.673      5.721   3.776065   3.767909    31.8067    31.8176    13.1817    13.0774    13.1809    13.0766     1.2137     1.2796     0.1880    89.0746     0.0046     4.1575  132.67654    7.99258    348.622    23.8849    23.9137    1497.11          0      32379          9  0.000e+00
  430262886      5.741      5.790   3.775831   3.767849    31.8045    31.8170    13.1817    13.0774    13.1809    13.0766     1.2137     1.2796     0.1917    89.0746     0.0046     4.1575  132.73610    7.99628    348.784    23.8832    23.9132    1497.11          0      32380          9  0.000e+00
  430262886      5.673      5.721   3.775790   3.767608    31.8048    31.8174    13.1809    13.0743    13.1801    13.0735     1.2149     1.2808     0.1929    89.1008     0.0046     4.1587  132.73780    7.99650    348.793    23.8835    23.9142    1497.11          0      32381          9  0.000e+00
  430262886      5.717      5.765   3.775879   3.767186    31.8050    31.8204    13.1817    13.0659    13.1809    13.0651     1.2149     1.2808     0.1917    89.0746     0.0046     4.1575  132.73990    7.99649    348.793    23.8835    23.9182    1497.11          0      32382          9  0.000e+00
  430262886      5.654      5.702   3.775831   3.766892    31.8052    31.8214    13.1809    13.0614    13.1801    13.0606     1.2149     1.2808     0.1917    89.1008     0.0046     4.1587  132.73889    7.99655    348.795    23.8838    23.9198    1497.11          0      32383          9  0.000e+00
  430262886      5.629      5.677   3.775756   3.766885    31.8056    31.8226    13.1796    13.0599    13.1788    13.0591     1.2149     1.2796     0.1917    89.0746     0.0046     4.1575  132.73713    7.99664    348.799    23.8844    23.9210    1497.11          0      32384          9  0.000e+00
  430262886      5.698      5.746   3.775838   3.767006    31.8051    31.8240    13.1810    13.0596    13.1803    13.0588     1.2149     1.2796     0.1917    89.1008     0.0046     4.1587  132.74419    7.99684    348.808    23.8838    23.9222    1497.11          0      32385          9  0.000e+00
  430262886      5.629      5.677   3.776072   3.767113    31.8062    31.8231    13.1824    13.0619    13.1816    13.0611     1.2149     1.2796     0.1917    89.0746     0.0046     4.1575  132.74789    7.99679    348.806    23.8844    23.9210    1497.12          0      32386          9  0.000e+00
  430262886      5.654      5.702   3.776341   3.767160    31.8070    31.8207    13.1845    13.0653    13.1837    13.0646     1.2137     1.2796     0.1917    89.0746     0.0046     4.1575  132.80588    7.99990    348.941    23.8845    23.9184    1497.12          0      32387          9  0.000e+00
  430262886      5.629      5.677   3.776485   3.767247    31.8071    31.8197    13.1860    13.0675    13.1853    13.0667     1.2137     1.2796     0.1917    89.0746     0.0046     4.1575  132.80714    7.99972    348.933    23.8843    23.9172    1497.13          0      32388          9  0.000e+00
  430262886      5.579      5.627   3.776932   3.767541    31.8088    31.8195    13.1890    13.0710    13.1882    13.0702     1.2137     1.2796     0.1917    89.1008     0.0046     4.1587  132.74352    7.99531    348.741    23.8850    23.9165    1497.14          0      32389          9  0.000e+00
  430262886      5.604      5.652   3.777655   3.767983    31.8096    31.8218    13.1961    13.0733    13.1953    13.0725     1.2137     1.2796     0.1917    89.1008     0.0046     4.1587  132.67109    7.98974    348.498    23.8843    23.9177    1497.16          0      32390          9  0.000e+00
  430262886      5.629      5.677   3.778123   3.768204    31.8063    31.8209    13.2052    13.0767    13.2044    13.0760     1.2137     1.2808     0.1929    89.0746     0.0046     4.1575  132.59786    7.98398    348.249    23.8799    23.9164    1497.19          0      32391          9  0.000e+00
  430262886      5.561      5.608   3.777586   3.768184    31.7997    31.8198    13.2072    13.0779    13.2064    13.0772     1.2137     1.2796     0.1929    89.1008     0.0046     4.1587  132.63109    7.98599    348.338    23.8744    23.9153    1497.19          0      32392          9  0.000e+00
  430262886      5.579      5.627   3.776375   3.768043    31.7947    31.8205    13.1995    13.0754    13.1988    13.0747     1.2137     1.2796     0.1917    89.0746     0.0046     4.1575  132.61106    7.98629    348.352    23.8721    23.9164    1497.16          0      32393          9  0.000e+00
  430262886      5.561      5.608   3.775983   3.767775    31.7987    31.8194    13.1905    13.0738    13.1897    13.0730     1.2137     1.2784     0.1917    89.0746     0.0046     4.1575  132.58940    7.98629    348.350    23.8769    23.9158    1497.13          0      32394          9  0.000e+00
  430262886      5.579      5.627   3.776196   3.767628    31.7988    31.8201    13.1926    13.0713    13.1919    13.0705     1.2137     1.2796     0.1917    88.4991     0.0049     4.1306  132.50413    7.98079    348.110    23.8766    23.9168    1497.14          0      32395          9  0.000e+00
  430262886      5.517      5.564   3.775721   3.767400    31.8006    31.8221    13.1852    13.0663    13.1845    13.0656     1.2137     1.2796     0.1917    87.9759     0.0051     4.1062  132.48022    7.98048    348.096    23.8794    23.9194    1497.12          0      32396          9  0.000e+00
  430262886      5.536      5.583   3.775460   3.767461    31.8033    31.8206    13.1790    13.0688    13.1783    13.0681     1.2137     1.2784     0.1917    87.8713     0.0052     4.1013  132.45725    7.97998    348.073    23.8827    23.9177    1497.10          0      32397          9  0.000e+00
  430262886      5.536      5.583   3.775487   3.767775    31.8020    31.8173    13.1809    13.0763    13.1801    13.0755     1.2137     1.2772     0.1917    87.8974     0.0052     4.1026  132.43323    7.97829    348.000    23.8814    23.9137    1497.10          0      32398          9  0.000e+00
  430262886      5.517      5.564   3.775453   3.768016    31.8033    31.8171    13.1790    13.0792    13.1783    13.0785     1.2149     1.2772     0.1917    87.9236     0.0051     4.1038  132.40872    7.97706    347.945    23.8827    23.9130    1497.10          0      32399          9  0.000e+00
  430262887      5.486      5.533   3.774558   3.768739    31.8042    31.8189    13.1680    13.0852    13.1672    13.0844     1.2149     1.2772     0.1917    87.9236     0.0051     4.1038  132.45546    7.98166    348.145    23.8856    23.9132    1497.06          0      32400          9  0.000e+00
  430262887      5.517      5.564   3.773210   3.769643    31.8073    31.8181    13.1492    13.0963    13.1484    13.0955     1.2149     1.2772     0.1917    87.9236     0.0051     4.1038  132.32381    7.97667    347.925    23.8916    23.9104    1497.00          0      32401          9  0.000e+00
  430262887      5.486      5.533   3.772281   3.770895    31.8079    31.8232    13.1380    13.1042    13.1373    13.1034     1.2149     1.2759     0.1917    87.9236     0.0051     4.1038  132.42472    7.98456    348.269    23.8943    23.9128    1496.97          0      32402          9  0.000e+00
  430262887      5.467      5.514   3.772116   3.771659    31.8110    31.8254    13.1324    13.1101    13.1317    13.1094     1.2149     1.2772     0.1917    87.9236     0.0051     4.1038  132.41689    7.98485    348.280    23.8978    23.9134    1496.95          0      32403          9  0.000e+00
  430262887      5.486      5.533   3.772659   3.771525    31.8119    31.8271    13.1374    13.1067    13.1367    13.1059     1.2149     1.2759     0.1880    87.9236     0.0051     4.1038  132.40888    7.98350    348.221    23.8976    23.9153    1496.97          0      32404          9  0.000e+00
  430262887      5.442      5.489   3.773664   3.771230    31.8121    31.8212    13.1485    13.1103    13.1477    13.1096     1.2149     1.2759     0.1807    87.9236     0.0051     4.1038  132.39921    7.98108    348.117    23.8955    23.9101    1497.01          0      32405          9  0.000e+00
  430262887      5.467      5.514   3.774008   3.770915    31.8112    31.8082    13.1535    13.1224    13.1527    13.1216     1.2149     1.2772     0.1807    87.9236     0.0051     4.1038  132.32798    7.97602    347.896    23.8938    23.8976    1497.02          0      32406          9  0.000e+00
  430262887      5.442      5.489   3.773733   3.770681    31.8161    31.8070    13.1445    13.1212    13.1438    13.1205     1.2149     1.2772     0.1807    87.9236     0.0051     4.1038  132.37329    7.97998    348.067    23.8994    23.8969    1497.00          0      32407          9  0.000e+00
  430262887      5.424      5.470   3.773581   3.770654    31.8206    31.8083    13.1374    13.1194    13.1367    13.1186     1.2149     1.2759     0.1807    87.9236     0.0051     4.1038  132.36410    7.98037    348.082    23.9043    23.8983    1496.98          0      32408          9  0.000e+00
  430262887      5.442      5.489   3.773691   3.770299    31.8216    31.8053    13.1374    13.1189    13.1367    13.1182     1.2149     1.2772     0.1807    87.9236     0.0051     4.1038  132.35490    7.97976    348.056    23.9051    23.8961    1496.98          0      32409          9  0.000e+00
  430262887      5.424      5.470   3.773705   3.769998    31.8217    31.8114    13.1375    13.1083    13.1368    13.1076     1.2149     1.2772     0.1807    87.9236     0.0051     4.1038  132.34471    7.97913    348.028    23.9051    23.9028    1496.98          0      32410          9  0.000e+00
  430262887      5.399      5.445   3.773547   3.769857    31.8178    31.8155    13.1404    13.1018    13.1397    13.1011     1.2149     1.2759     0.1807    87.9236     0.0051     4.1038  132.32513    7.97766    347.966    23.9015    23.9073    1496.99          0      32411          9  0.000e+00
  430262887      5.424      5.470   3.773829   3.769857    31.8173    31.8156    13.1442    13.1017    13.1434    13.1010     1.2149     1.2759     0.1807    87.9236     0.0051     4.1038  132.25184    7.97265    347.747    23.9004    23.9074    1497.00          0      32412          9  0.000e+00
  430262887      5.399      5.445   3.774648   3.769844    31.8193    31.8157    13.1510    13.1015    13.1502    13.1007     1.2149     1.2772     0.1807    87.9236     0.0051     4.1038  132.23179    7.97022    347.641    23.9006    23.9075    1497.02          0      32413          9  0.000e+00
