ROS/FK009A_CTD038_20130827.ros
* Sea-Bird SBE 9 Data File:
* FileName = C:\Falkor-Data-2013\FK009A\CTD\FK009A_CTD038_20130827.hex
* Software Version Seasave V 7.21f
* Temperature SN = 5483
* Conductivity SN = 3916
* Number of Bytes Per Scan = 41
* Number of Voltage Words = 4
* Number of Scans Averaged by the Deck Unit = 1
* NMEA Latitude = 48 21.13 N
* NMEA Longitude = 125 18.85 W
* NMEA UTC (Time) = Aug 27 2013 20:17:29
* NMEA baud rate = 4800
** Ship: RV Falkor
** Station: NN03
** Operator: CP
# nquan = 27
# nvalues = 392                                   
# units = specified
# name 0 = timeQ: Time, NMEA [seconds]
# name 1 = depSM: Depth [salt water, m]
# name 2 = prDM: Pressure, Digiquartz [db]
# name 3 = c0S/m: Conductivity [S/m]
# name 4 = c1S/m: Conductivity, 2 [S/m]
# name 5 = sal00: Salinity, Practical [PSU]
# name 6 = sal11: Salinity, Practical, 2 [PSU]
# name 7 = t090C: Temperature [ITS-90, deg C]
# name 8 = t190C: Temperature, 2 [ITS-90, deg C]
# name 9 = potemp090C: Potential Temperature [ITS-90, deg C]
# name 10 = potemp190C: Potential Temperature, 2 [ITS-90, deg C]
# name 11 = v2: Voltage 2
# name 12 = v3: Voltage 3
# name 13 = v0: Voltage 0
# name 14 = CStarTr0: Beam Transmission, WET Labs C-Star [%]
# name 15 = CStarAt0: Beam Attenuation, WET Labs C-Star [1/m]
# name 16 = v5: Voltage 5
# name 17 = sbeox0PS: Oxygen, SBE 43 [% saturation]
# name 18 = sbeox0ML/L: Oxygen, SBE 43 [ml/l]
# name 19 = sbeox0Mm/Kg: Oxygen, SBE 43 [umol/Kg]
# name 20 = sigma-é00: Density [sigma-theta, Kg/m^3]
# name 21 = sigma-é11: Density, 2 [sigma-theta, Kg/m^3]
# name 22 = svCM: Sound Velocity [Chen-Millero, m/s]
# name 23 = modError: Modulo Error Count
# name 24 = scan: Scan Count
# name 25 = nbf: Bottles Fired
# name 26 = flag:  0.000e+00
# interval = seconds: 0.0416667
# start_time = Jan 01 2000 20:17:29 [NMEA time, first data scan]
# bad_flag = -9.990e-29
*END*
[from data line 215]
  430950751     51.747     52.193   3.407838   3.407641    33.5876    33.5861     7.0614     7.0607     7.0566     7.0560     0.0000     0.0000     0.0806    98.1521     0.0007     4.5812   23.41540    1.59330     69.333    26.2985    26.2974    1477.98          0      21640          5  0.000e+00
  430950751     51.797     52.244   3.407851   3.407673    33.5876    33.5864     7.0615     7.0607     7.0568     7.0560     0.0000     0.0000     0.0794    98.1521     0.0007     4.5812   23.35210    1.58899     69.146    26.2985    26.2977    1477.99          0      21641          5  0.000e+00
  430950751     51.797     52.244   3.407871   3.407686    33.5881    33.5864     7.0612     7.0609     7.0565     7.0561     0.0000     0.0000     0.0794    98.1521     0.0007     4.5812   23.41030    1.59295     69.318    26.2989    26.2976    1477.98          0      21642          5  0.000e+00
  430950751     51.760     52.206   3.407858   3.407660    33.5879    33.5863     7.0614     7.0607     7.0566     7.0560     0.0000     0.0000     0.0806    98.1521     0.0007     4.5812   23.41353    1.59317     69.328    26.2987    26.2976    1477.98          0      21643          5  0.000e+00
  430950751     51.797     52.244   3.407805   3.407654    33.5874    33.5862     7.0612     7.0607     7.0565     7.0560     0.0000     0.0000     0.0806    98.1783     0.0007     4.5824   23.40505    1.59260     69.303    26.2984    26.2975    1477.98          0      21644          5  0.000e+00
  430950751     51.797     52.244   3.407811   3.407654    33.5872    33.5862     7.0615     7.0607     7.0568     7.0560     0.0000     0.0000     0.0806    98.1783     0.0007     4.5824   23.40790    1.59279     69.311    26.2981    26.2975    1477.98          0      21645          5  0.000e+00
  430950751     51.841     52.288   3.407844   3.407628    33.5877    33.5858     7.0614     7.0609     7.0566     7.0561     0.0000     0.0000     0.0794    98.1521     0.0007     4.5812   23.41091    1.59299     69.320    26.2985    26.2971    1477.99          0      21646          5  0.000e+00
  430950751     51.797     52.244   3.407831   3.407641    33.5877    33.5859     7.0612     7.0609     7.0565     7.0561     0.0000     0.0000     0.0794    98.1783     0.0007     4.5824   23.41365    1.59319     69.328    26.2986    26.2972    1477.98          0      21647          5  0.000e+00
  430950751     51.853     52.300   3.407825   3.407654    33.5876    33.5862     7.0612     7.0607     7.0565     7.0560     0.0000     0.0000     0.0806    98.1521     0.0007     4.5812   23.41669    1.59339     69.337    26.2985    26.2975    1477.99          0      21648          5  0.000e+00
  430950751     51.797     52.244   3.407844   3.407654    33.5879    33.5861     7.0612     7.0609     7.0565     7.0561     0.0000     0.0000     0.0806    98.1521     0.0007     4.5812   23.41938    1.59357     69.345    26.2987    26.2974    1477.98          0      21649          5  0.000e+00
  430950751     51.841     52.288   3.407805   3.407654    33.5876    33.5861     7.0611     7.0609     7.0563     7.0561     0.0000     0.0000     0.0806    98.1521     0.0007     4.5812   23.35608    1.58928     69.158    26.2985    26.2973    1477.98          0      21650          5  0.000e+00
  430950751     51.841     52.288   3.407811   3.407654    33.5875    33.5862     7.0612     7.0607     7.0565     7.0560     0.0000     0.0000     0.0794    98.1521     0.0007     4.5812   23.34795    1.58872     69.134    26.2984    26.2975    1477.98          0      21651          5  0.000e+00
  430950751     51.853     52.300   3.407844   3.407628    33.5877    33.5858     7.0614     7.0609     7.0566     7.0561     0.0000     0.0000     0.0794    98.1521     0.0007     4.5812   23.40665    1.59270     69.307    26.2985    26.2971    1477.99          0      21652          5  0.000e+00
  430950752     51.841     52.288   3.407851   3.407621    33.5877    33.5862     7.0614     7.0604     7.0566     7.0556     0.0000     0.0000     0.0794    98.1521     0.0007     4.5812   23.41043    1.59296     69.319    26.2986    26.2975    1477.99          0      21653          5  0.000e+00
  430950752     51.841     52.288   3.407831   3.407621    33.5875    33.5865     7.0614     7.0601     7.0566     7.0553     0.0000     0.0000     0.0794    98.1521     0.0007     4.5812   23.34795    1.58871     69.134    26.2984    26.2978    1477.99          0      21654          5  0.000e+00
  430950752     51.841     52.288   3.407844   3.407596    33.5874    33.5865     7.0617     7.0598     7.0569     7.0551     0.0000     0.0000     0.0806    98.1783     0.0007     4.5824   23.40708    1.59272     69.308    26.2983    26.2978    1477.99          0      21655          5  0.000e+00
  430950752     51.853     52.300   3.407818   3.407608    33.5875    33.5871     7.0612     7.0593     7.0565     7.0545     0.0000     0.0000     0.0806    98.1783     0.0007     4.5824   23.42338    1.59385     69.357    26.2985    26.2984    1477.98          0      21656          5  0.000e+00
  430950752     51.841     52.288   3.407838   3.407596    33.5873    33.5862     7.0617     7.0601     7.0569     7.0553     0.0000     0.0000     0.0794    98.1521     0.0007     4.5812   23.42810    1.59416     69.371    26.2982    26.2976    1477.99          0      21657          5  0.000e+00
  430950752     51.841     52.288   3.407831   3.407608    33.5874    33.5859     7.0615     7.0606     7.0568     7.0558     0.0000     0.0000     0.0794    98.1521     0.0007     4.5812   23.43288    1.59449     69.385    26.2983    26.2972    1477.99          0      21658          5  0.000e+00
  430950752     51.841     52.288   3.407844   3.407641    33.5874    33.5859     7.0617     7.0609     7.0569     7.0561     0.0000     0.0000     0.0806    98.1783     0.0007     4.5824   23.43765    1.59481     69.399    26.2983    26.2972    1477.99          0      21659          5  0.000e+00
  430950752     51.853     52.300   3.407851   3.407673    33.5874    33.5863     7.0617     7.0609     7.0569     7.0561     0.0000     0.0000     0.0806    98.2045     0.0007     4.5836   23.36422    1.58981     69.181    26.2983    26.2975    1477.99          0      21660          5  0.000e+00
  430950752     51.841     52.288   3.407897   3.407660    33.5876    33.5863     7.0620     7.0607     7.0573     7.0560     0.0000     0.0000     0.0794    98.2306     0.0007     4.5849   23.34553    1.58852     69.126    26.2984    26.2975    1477.99          0      21661          5  0.000e+00
  430950752     51.797     52.244   3.407864   3.407654    33.5871    33.5859     7.0622     7.0610     7.0574     7.0563     0.0000     0.0000     0.0794    98.2306     0.0007     4.5849   23.32676    1.58724     69.070    26.2980    26.2972    1477.99          0      21662          5  0.000e+00
  430950752     51.797     52.244   3.407851   3.407654    33.5873    33.5859     7.0619     7.0610     7.0571     7.0563     0.0000     0.0000     0.0794    98.2045     0.0007     4.5836   23.38640    1.59131     69.247    26.2982    26.2972    1477.99          0      21663          5  0.000e+00
  430950752     51.841     52.288   3.407851   3.407654    33.5873    33.5859     7.0619     7.0610     7.0571     7.0563     0.0000     0.0000     0.0794    98.2306     0.0007     4.5849   23.39131    1.59165     69.261    26.2982    26.2972    1477.99          0      21664          5  0.000e+00
  430950752     51.810     52.256   3.407851   3.407654    33.5873    33.5859     7.0619     7.0610     7.0571     7.0563     0.0000     0.0000     0.0806    98.2306     0.0007     4.5849   23.39599    1.59197     69.275    26.2982    26.2972    1477.99          0      21665          5  0.000e+00
  430950752     51.747     52.193   3.407831   3.407628    33.5873    33.5860     7.0617     7.0607     7.0569     7.0560     0.0000     0.0000     0.0806    98.2306     0.0007     4.5849   23.38864    1.59147     69.254    26.2982    26.2973    1477.98          0      21666          5  0.000e+00
  430950752     51.797     52.244   3.407864   3.407666    33.5873    33.5862     7.0620     7.0609     7.0573     7.0561     0.0000     0.0000     0.0806    98.2306     0.0007     4.5849   23.39308    1.59176     69.266    26.2982    26.2975    1477.99          0      21667          5  0.000e+00
  430950752     51.797     52.244   3.407858   3.407660    33.5877    33.5863     7.0615     7.0607     7.0568     7.0560     0.0000     0.0000     0.0806    98.2306     0.0007     4.5849   23.39740    1.59207     69.280    26.2985    26.2975    1477.99          0      21668          5  0.000e+00
  430950752     51.760     52.206   3.407871   3.407653    33.5877    33.5859     7.0617     7.0610     7.0569     7.0563     0.0000     0.0000     0.0818    98.2045     0.0007     4.5836   23.40158    1.59235     69.292    26.2985    26.2972    1477.99          0      21669          5  0.000e+00
  430950938     31.365     31.633   3.417090   3.416949    33.3766    33.3730     7.3933     7.3955     7.3904     7.3926     0.0000     0.0000     0.0830    98.4922     0.0006     4.5971   30.23469    2.04459     88.990    26.0863    26.0831    1478.67          0      26123          6  0.000e+00
  430950938     31.452     31.721   3.417044   3.416975    33.3776    33.3724     7.3917     7.3963     7.3888     7.3934     0.0000     0.0000     0.0842    98.4922     0.0006     4.5971   30.17719    2.04076     88.823    26.0873    26.0826    1478.66          0      26124          6  0.000e+00
  430950938     31.408     31.677   3.417037   3.417046    33.3785    33.3723     7.3908     7.3973     7.3878     7.3943     0.0000     0.0000     0.0842    98.5184     0.0006     4.5983   30.23967    2.04502     89.008    26.0881    26.0824    1478.66          0      26125          6  0.000e+00
  430950938     31.458     31.728   3.417070   3.417052    33.3795    33.3716     7.3900     7.3981     7.3871     7.3951     0.0000     0.0000     0.0842    98.5445     0.0006     4.5995   30.25905    2.04635     89.066    26.0891    26.0817    1478.66          0      26126          6  0.000e+00
  430950938     31.452     31.721   3.417070   3.417046    33.3794    33.3707     7.3901     7.3989     7.3872     7.3959     0.0000     0.0000     0.0830    98.5445     0.0006     4.5995   30.21230    2.04318     88.929    26.0890    26.0809    1478.66          0      26127          6  0.000e+00
  430950938     31.502     31.772   3.417090   3.417065    33.3785    33.3711     7.3912     7.3987     7.3883     7.3958     0.0000     0.0000     0.0830    98.5445     0.0006     4.5995   30.22085    2.04372     88.952    26.0881    26.0812    1478.66          0      26128          6  0.000e+00
  430950938     31.452     31.721   3.417123   3.417052    33.3766    33.3706     7.3936     7.3990     7.3907     7.3961     0.0000     0.0000     0.0842    98.5445     0.0006     4.5995   30.22940    2.04421     88.974    26.0863    26.0808    1478.67          0      26129          6  0.000e+00
  430950938     31.502     31.772   3.417183   3.417026    33.3751    33.3705     7.3959     7.3989     7.3929     7.3959     0.0000     0.0000     0.0830    98.5445     0.0006     4.5995   30.22714    2.04398     88.963    26.0847    26.0807    1478.68          0      26130          6  0.000e+00
  430950938     31.452     31.721   3.417216   3.417033    33.3741    33.3712     7.3973     7.3982     7.3944     7.3953     0.0000     0.0000     0.0855    98.5445     0.0006     4.5995   30.22453    2.04375     88.954    26.0838    26.0814    1478.68          0      26131          6  0.000e+00
  430950938     31.452     31.721   3.417223   3.417020    33.3737    33.3715     7.3978     7.3978     7.3949     7.3948     0.0000     0.0000     0.0855    98.5445     0.0006     4.5995   30.28804    2.04802     89.140    26.0834    26.0817    1478.68          0      26132          6  0.000e+00
  430950938     31.452     31.721   3.417203   3.417020    33.3729    33.3714     7.3984     7.3979     7.3955     7.3950     0.0000     0.0000     0.0855    98.5445     0.0006     4.5995   30.29641    2.04857     89.164    26.0826    26.0816    1478.68          0      26133          6  0.000e+00
  430950938     31.452     31.721   3.417243   3.417078    33.3736    33.3711     7.3981     7.3989     7.3952     7.3959     0.0000     0.0000     0.0867    98.5184     0.0006     4.5983   30.29269    2.04833     89.153    26.0833    26.0812    1478.68          0      26134          6  0.000e+00
  430950938     31.458     31.728   3.417256   3.417104    33.3737    33.3700     7.3981     7.4003     7.3952     7.3974     0.0000     0.0000     0.0855    98.5445     0.0006     4.5995   30.28805    2.04801     89.139    26.0834    26.0801    1478.68          0      26135          6  0.000e+00
  430950938     31.408     31.677   3.417256   3.417200    33.3730    33.3700     7.3989     7.4014     7.3960     7.3985     0.0000     0.0000     0.0855    98.5445     0.0006     4.5995   30.22801    2.04392     88.961    26.0827    26.0799    1478.68          0      26136          6  0.000e+00
  430950938     31.408     31.677   3.417282   3.417200    33.3727    33.3695     7.3996     7.4019     7.3966     7.3990     0.0000     0.0000     0.0855    98.5445     0.0006     4.5995   30.22285    2.04355     88.945    26.0823    26.0795    1478.69          0      26137          6  0.000e+00
  430950938     31.408     31.677   3.417289   3.417220    33.3721    33.3696     7.4002     7.4021     7.3973     7.3991     0.0000     0.0000     0.0855    98.5184     0.0006     4.5983   30.28354    2.04763     89.123    26.0818    26.0795    1478.69          0      26138          6  0.000e+00
  430950938     31.365     31.633   3.417355   3.417136    33.3713    33.3688     7.4018     7.4019     7.3989     7.3990     0.0000     0.0000     0.0855    98.5445     0.0006     4.5995   30.22302    2.04347     88.942    26.0809    26.0790    1478.69          0      26139          6  0.000e+00
  430950938     31.408     31.677   3.417408   3.417194    33.3711    33.3701     7.4026     7.4012     7.3997     7.3983     0.0000     0.0000     0.0855    98.5445     0.0006     4.5995   30.28341    2.04752     89.118    26.0807    26.0801    1478.69          0      26140          6  0.000e+00
  430950939     31.365     31.633   3.417388   3.417110    33.3703    33.3701     7.4032     7.4003     7.4003     7.3974     0.0000     0.0000     0.0855    98.5445     0.0006     4.5995   30.28834    2.04784     89.132    26.0800    26.0802    1478.70          0      26141          6  0.000e+00
  430950939     31.315     31.583   3.417401   3.417097    33.3703    33.3709     7.4034     7.3993     7.4005     7.3964     0.0000     0.0000     0.0855    98.5445     0.0006     4.5995   30.22695    2.04368     88.951    26.0799    26.0810    1478.70          0      26142          6  0.000e+00
  430950939     31.321     31.589   3.417388   3.417104    33.3705    33.3711     7.4030     7.3992     7.4001     7.3963     0.0000     0.0000     0.0855    98.5184     0.0006     4.5983   30.22046    2.04325     88.932    26.0801    26.0812    1478.69          0      26143          6  0.000e+00
  430950939     31.271     31.539   3.417355   3.417104    33.3707    33.3709     7.4024     7.3995     7.3995     7.3966     0.0000     0.0000     0.0855    98.5184     0.0006     4.5983   30.21376    2.04282     88.914    26.0804    26.0809    1478.69          0      26144          6  0.000e+00
  430950939     31.271     31.539   3.417302   3.417129    33.3711    33.3706     7.4014     7.4000     7.3985     7.3971     0.0000     0.0000     0.0855    98.4922     0.0006     4.5971   30.28480    2.04767     89.125    26.0809    26.0807    1478.69          0      26145          6  0.000e+00
