ROS/FK009A_CTD026_20130823.ros
* Sea-Bird SBE 9 Data File:
* FileName = C:\Falkor-Data-2013\FK009A\CTD\FK009A_CTD026_20130823.hex
* Software Version Seasave V 7.21f
* Temperature SN = 5483
* Conductivity SN = 3916
* Number of Bytes Per Scan = 41
* Number of Voltage Words = 4
* Number of Scans Averaged by the Deck Unit = 1
* NMEA Latitude = 48 43.59 N
* NMEA Longitude = 125 42.77 W
* NMEA UTC (Time) = Aug 23 2013 01:39:36
* NMEA baud rate = 4800
** Ship: RV Falkor
** Station: LC05-A
** Operator: CPeazy
# nquan = 27
# nvalues = 196                                   
# units = specified
# name 0 = timeQ: Time, NMEA [seconds]
# name 1 = depSM: Depth [salt water, m]
# name 2 = prDM: Pressure, Digiquartz [db]
# name 3 = c0S/m: Conductivity [S/m]
# name 4 = c1S/m: Conductivity, 2 [S/m]
# name 5 = sal00: Salinity, Practical [PSU]
# name 6 = sal11: Salinity, Practical, 2 [PSU]
# name 7 = t090C: Temperature [ITS-90, deg C]
# name 8 = t190C: Temperature, 2 [ITS-90, deg C]
# name 9 = potemp090C: Potential Temperature [ITS-90, deg C]
# name 10 = potemp190C: Potential Temperature, 2 [ITS-90, deg C]
# name 11 = v2: Voltage 2
# name 12 = v3: Voltage 3
# name 13 = v0: Voltage 0
# name 14 = CStarTr0: Beam Transmission, WET Labs C-Star [%]
# name 15 = CStarAt0: Beam Attenuation, WET Labs C-Star [1/m]
# name 16 = v5: Voltage 5
# name 17 = sbeox0PS: Oxygen, SBE 43 [% saturation]
# name 18 = sbeox0ML/L: Oxygen, SBE 43 [ml/l]
# name 19 = sbeox0Mm/Kg: Oxygen, SBE 43 [umol/Kg]
# name 20 = sigma-é00: Density [sigma-theta, Kg/m^3]
# name 21 = sigma-é11: Density, 2 [sigma-theta, Kg/m^3]
# name 22 = svCM: Sound Velocity [Chen-Millero, m/s]
# name 23 = modError: Modulo Error Count
# name 24 = scan: Scan Count
# name 25 = nbf: Bottles Fired
# name 26 = flag:  0.000e+00
# interval = seconds: 0.0416667
# start_time = Aug 23 2013 01:39:36 [NMEA time, first data scan]
# bad_flag = -9.990e-29
*END*
[from data line 162]
  430538204     67.134     67.718   3.422466   3.422336    33.4178    33.4148     7.3932     7.3947     7.3868     7.3884     0.0000     0.0000     0.0904    97.2889     0.0011     4.5409   29.99323    2.02772     88.253    26.1192    26.1166    1479.31          7      24634          4  0.000e+00
  430538204     67.091     67.674   3.422459   3.422362    33.4180    33.4148     7.3928     7.3950     7.3865     7.3887     0.0000     0.0000     0.0904    97.2627     0.0011     4.5397   30.00206    2.02833     88.279    26.1194    26.1166    1479.31          7      24635          4  0.000e+00
  430538204     67.091     67.674   3.422459   3.422394    33.4180    33.4144     7.3928     7.3959     7.3865     7.3896     0.0000     0.0000     0.0904    97.2889     0.0011     4.5409   30.01103    2.02893     88.306    26.1194    26.1161    1479.31          7      24636          4  0.000e+00
  430538204     67.159     67.743   3.422472   3.422453    33.4174    33.4150     7.3936     7.3959     7.3873     7.3895     0.0000     0.0000     0.0904    97.2889     0.0011     4.5409   30.02024    2.02953     88.332    26.1188    26.1166    1479.31          7      24637          4  0.000e+00
  430538204     67.134     67.718   3.422539   3.422420    33.4169    33.4141     7.3949     7.3965     7.3886     7.3902     0.0000     0.0000     0.0904    97.2627     0.0011     4.5397   30.02905    2.03007     88.355    26.1182    26.1158    1479.31          7      24638          4  0.000e+00
  430538204     67.184     67.768   3.422565   3.422427    33.4159    33.4141     7.3962     7.3965     7.3899     7.3902     0.0000     0.0000     0.0916    97.2627     0.0011     4.5397   29.96008    2.02536     88.150    26.1173    26.1158    1479.32          7      24639          4  0.000e+00
  430538204     67.134     67.718   3.422585   3.422414    33.4157    33.4137     7.3967     7.3968     7.3904     7.3905     0.0000     0.0000     0.0904    97.2627     0.0011     4.5397   30.01195    2.02885     88.302    26.1170    26.1155    1479.32          7      24640          4  0.000e+00
  430538204     67.184     67.768   3.422625   3.422407    33.4154    33.4139     7.3973     7.3965     7.3910     7.3902     0.0000     0.0000     0.0904    97.2104     0.0011     4.5372   30.00881    2.02861     88.292    26.1168    26.1157    1479.32          7      24641          4  0.000e+00
  430538204     67.203     67.787   3.422638   3.422407    33.4154    33.4142     7.3975     7.3962     7.3912     7.3898     0.0000     0.0000     0.0904    97.1842     0.0011     4.5360   30.00509    2.02835     88.281    26.1167    26.1159    1479.32          7      24642          4  0.000e+00
  430538204     67.184     67.768   3.422578   3.422407    33.4151    33.4145     7.3972     7.3959     7.3908     7.3895     0.0000     0.0000     0.0904    97.1842     0.0011     4.5360   30.00078    2.02808     88.269    26.1165    26.1162    1479.32          7      24643          4  0.000e+00
  430538204     67.228     67.812   3.422565   3.422407    33.4160    33.4145     7.3960     7.3959     7.3897     7.3895     0.0000     0.0000     0.0904    97.2104     0.0011     4.5372   30.00810    2.02861     88.292    26.1174    26.1162    1479.32          7      24644          4  0.000e+00
  430538204     67.228     67.812   3.422585   3.422407    33.4165    33.4142     7.3957     7.3962     7.3894     7.3898     0.0000     0.0000     0.0904    97.2104     0.0011     4.5372   29.94894    2.02462     88.118    26.1178    26.1159    1479.32          7      24645          4  0.000e+00
  430538204     67.228     67.812   3.422532   3.422453    33.4166    33.4144     7.3951     7.3965     7.3888     7.3902     0.0000     0.0000     0.0904    97.1842     0.0011     4.5360   29.94519    2.02440     88.108    26.1180    26.1160    1479.32          7      24646          4  0.000e+00
  430538204     67.228     67.812   3.422525   3.422472    33.4164    33.4138     7.3952     7.3973     7.3889     7.3910     0.0000     0.0000     0.0904    97.2104     0.0011     4.5372   29.94187    2.02417     88.098    26.1178    26.1155    1479.32          7      24647          4  0.000e+00
  430538204     67.296     67.882   3.422559   3.422491    33.4159    33.4137     7.3960     7.3976     7.3897     7.3913     0.0000     0.0000     0.0904    97.1842     0.0011     4.5360   29.93927    2.02396     88.089    26.1173    26.1153    1479.32          7      24648          4  0.000e+00
  430538204     67.278     67.863   3.422592   3.422517    33.4158    33.4130     7.3965     7.3986     7.3902     7.3922     0.0000     0.0000     0.0904    97.1842     0.0011     4.5360   29.99126    2.02746     88.242    26.1172    26.1147    1479.32          7      24649          4  0.000e+00
  430538204     67.278     67.863   3.422638   3.422575    33.4159    33.4131     7.3970     7.3992     7.3907     7.3929     0.0000     0.0000     0.0904    97.2104     0.0011     4.5372   29.98793    2.02721     88.231    26.1171    26.1146    1479.32          7      24650          4  0.000e+00
  430538204     67.321     67.907   3.422612   3.422614    33.4154    33.4125     7.3972     7.4002     7.3908     7.3938     0.0000     0.0000     0.0904    97.2104     0.0011     4.5372   29.99612    2.02776     88.255    26.1167    26.1141    1479.32          7      24651          4  0.000e+00
  430538204     67.321     67.907   3.422684   3.422691    33.4149    33.4118     7.3984     7.4018     7.3921     7.3954     0.0000     0.0000     0.0904    97.2104     0.0011     4.5372   29.93782    2.02377     88.081    26.1162    26.1133    1479.33          7      24652          4  0.000e+00
  430538204     67.365     67.951   3.422751   3.422788    33.4139    33.4104     7.4002     7.4043     7.3939     7.3980     0.0000     0.0000     0.0904    97.2104     0.0011     4.5372   29.92326    2.02271     88.035    26.1152    26.1118    1479.33          7      24653          4  0.000e+00
  430538205     67.340     67.926   3.422784   3.422852    33.4140    33.4089     7.4005     7.4066     7.3942     7.4002     0.0000     0.0000     0.0904    97.1842     0.0011     4.5360   29.98658    2.02698     88.221    26.1152    26.1103    1479.33          7      24654          4  0.000e+00
  430538205     67.365     67.951   3.422823   3.422891    33.4139    33.4080     7.4011     7.4080     7.3948     7.4017     0.0000     0.0012     0.0904    97.2104     0.0011     4.5372   29.99515    2.02753     88.245    26.1150    26.1094    1479.34          7      24655          4  0.000e+00
  430538205     67.415     68.001   3.422850   3.422943    33.4128    33.4073     7.4024     7.4093     7.3961     7.4029     0.0000     0.0000     0.0904    97.1842     0.0011     4.5360   30.00378    2.02807     88.268    26.1140    26.1087    1479.34          7      24656          4  0.000e+00
  430538205     67.365     67.951   3.422890   3.422962    33.4120    33.4070     7.4038     7.4098     7.3975     7.4034     0.0000     0.0000     0.0904    97.2104     0.0011     4.5372   30.01201    2.02857     88.290    26.1131    26.1084    1479.35          7      24657          4  0.000e+00
  430538205     67.459     68.045   3.422910   3.422968    33.4116    33.4064     7.4044     7.4104     7.3980     7.4040     0.0000     0.0000     0.0904    97.2104     0.0011     4.5372   30.00904    2.02835     88.281    26.1128    26.1078    1479.35          7      24658          4  0.000e+00
  430538205     67.415     68.001   3.422976   3.423007    33.4116    33.4067     7.4052     7.4106     7.3988     7.4042     0.0000     0.0000     0.0904    97.2104     0.0011     4.5372   30.00506    2.02805     88.268    26.1126    26.1081    1479.35          7      24659          4  0.000e+00
  430538205     67.477     68.064   3.422956   3.422981    33.4114    33.4060     7.4051     7.4110     7.3988     7.4047     0.0000     0.0000     0.0904    97.1842     0.0011     4.5360   29.93479    2.02330     88.061    26.1125    26.1074    1479.35          7      24660          4  0.000e+00
  430538205     67.459     68.045   3.422896   3.423007    33.4112    33.4063     7.4047     7.4110     7.3983     7.4047     0.0000     0.0000     0.0904    97.2104     0.0011     4.5372   29.91915    2.02227     88.016    26.1124    26.1076    1479.35          7      24661          4  0.000e+00
  430538205     67.459     68.045   3.422870   3.423026    33.4117    33.4058     7.4038     7.4117     7.3975     7.4053     0.0000     0.0000     0.0904    97.2627     0.0011     4.5397   29.91541    2.02205     88.006    26.1129    26.1072    1479.35          7      24662          4  0.000e+00
  430538205     67.502     68.089   3.422810   3.423046    33.4119    33.4052     7.4029     7.4125     7.3966     7.4061     0.0000     0.0000     0.0904    97.2627     0.0011     4.5397   29.97858    2.02636     88.194    26.1132    26.1066    1479.34          7      24663          4  0.000e+00
  430538205     67.502     68.089   3.422824   3.423078    33.4130    33.4050     7.4019     7.4131     7.3956     7.4068     0.0000     0.0000     0.0904    97.2627     0.0011     4.5397   29.98667    2.02693     88.219    26.1142    26.1063    1479.34          7      24664          4  0.000e+00
  430538205     67.527     68.115   3.422824   3.423084    33.4131    33.4047     7.4018     7.4134     7.3954     7.4071     0.0000     0.0000     0.0904    97.2365     0.0011     4.5385   29.99480    2.02749     88.243    26.1143    26.1061    1479.34          7      24665          4  0.000e+00
  430538205     67.552     68.140   3.422903   3.423065    33.4127    33.4047     7.4031     7.4133     7.3967     7.4069     0.0000     0.0000     0.0904    97.2627     0.0011     4.5397   30.00286    2.02798     88.265    26.1138    26.1061    1479.35          7      24666          4  0.000e+00
  430538205     67.552     68.140   3.422943   3.423078    33.4117    33.4048     7.4046     7.4133     7.3983     7.4069     0.0000     0.0000     0.0916    97.2627     0.0011     4.5397   30.01081    2.02846     88.286    26.1128    26.1062    1479.35          7      24667          4  0.000e+00
