ROS/FK009A_CTD040_20130830.ros
* Sea-Bird SBE 9 Data File:
* FileName = C:\Falkor-Data-2013\FK009A\CTD\FK009A_CTD040_20130830.hex
* Software Version Seasave V 7.21f
* Temperature SN = 5483
* Conductivity SN = 3916
* Number of Bytes Per Scan = 41
* Number of Voltage Words = 4
* Number of Scans Averaged by the Deck Unit = 1
* NMEA Latitude = 48 25.23 N
* NMEA Longitude = 124 50.07 W
* NMEA UTC (Time) = Aug 30 2013 19:46:04
* NMEA baud rate = 4800
** Ship: RV Falkor
** Station: RD05
** Operator: CP
# nquan = 27
# nvalues = 1021                                  
# units = specified
# name 0 = timeQ: Time, NMEA [seconds]
# name 1 = depSM: Depth [salt water, m]
# name 2 = prDM: Pressure, Digiquartz [db]
# name 3 = c0S/m: Conductivity [S/m]
# name 4 = c1S/m: Conductivity, 2 [S/m]
# name 5 = sal00: Salinity, Practical [PSU]
# name 6 = sal11: Salinity, Practical, 2 [PSU]
# name 7 = t090C: Temperature [ITS-90, deg C]
# name 8 = t190C: Temperature, 2 [ITS-90, deg C]
# name 9 = potemp090C: Potential Temperature [ITS-90, deg C]
# name 10 = potemp190C: Potential Temperature, 2 [ITS-90, deg C]
# name 11 = v2: Voltage 2
# name 12 = v3: Voltage 3
# name 13 = v0: Voltage 0
# name 14 = CStarTr0: Beam Transmission, WET Labs C-Star [%]
# name 15 = CStarAt0: Beam Attenuation, WET Labs C-Star [1/m]
# name 16 = v5: Voltage 5
# name 17 = sbeox0PS: Oxygen, SBE 43 [% saturation]
# name 18 = sbeox0ML/L: Oxygen, SBE 43 [ml/l]
# name 19 = sbeox0Mm/Kg: Oxygen, SBE 43 [umol/Kg]
# name 20 = sigma-é00: Density [sigma-theta, Kg/m^3]
# name 21 = sigma-é11: Density, 2 [sigma-theta, Kg/m^3]
# name 22 = svCM: Sound Velocity [Chen-Millero, m/s]
# name 23 = modError: Modulo Error Count
# name 24 = scan: Scan Count
# name 25 = nbf: Bottles Fired
# name 26 = flag:  0.000e+00
# interval = seconds: 0.0416667
# start_time = Aug 30 2013 19:46:04 [NMEA time, first data scan]
# bad_flag = -9.990e-29
*END*
[from data line 215]
  431208452    177.187    178.771   3.433548   3.433332    33.8307    33.8297     7.0377     7.0363     7.0213     7.0199     2.7790     0.8364     0.0818    96.4779     0.0014     4.5031   19.23674    1.30758     56.889    26.4948    26.4942    1480.27          1      30912          5  0.000e+00
  431208452    177.143    178.727   3.433582   3.433338    33.8312    33.8300     7.0376     7.0362     7.0212     7.0198     2.7790     0.8364     0.0818    96.4779     0.0014     4.5031   19.18733    1.30422     56.743    26.4952    26.4944    1480.27          1      30913          5  0.000e+00
  431208452    177.187    178.771   3.433602   3.433345    33.8310    33.8300     7.0380     7.0362     7.0216     7.0197     2.7790     0.8364     0.0806    96.4779     0.0014     4.5031   19.19490    1.30473     56.765    26.4950    26.4944    1480.27          1      30914          5  0.000e+00
  431208452    177.143    178.727   3.433601   3.433293    33.8309    33.8297     7.0382     7.0360     7.0218     7.0195     2.7790     0.8364     0.0806    96.4779     0.0014     4.5031   19.27102    1.30990     56.990    26.4948    26.4942    1480.27          1      30915          5  0.000e+00
  431208452    177.187    178.771   3.433575   3.433241    33.8307    33.8296     7.0380     7.0354     7.0216     7.0190     2.7790     0.8376     0.0818    96.4779     0.0014     4.5031   19.21185    1.30588     56.815    26.4947    26.4942    1480.27          1      30916          5  0.000e+00
  431208452    177.093    178.676   3.433568   3.433241    33.8309    33.8302     7.0379     7.0349     7.0214     7.0185     2.7790     0.8364     0.0806    96.4779     0.0014     4.5031   19.27639    1.31027     57.006    26.4949    26.4947    1480.27          1      30917          5  0.000e+00
  431208453    177.143    178.727   3.433568   3.433267    33.8313    33.8306     7.0374     7.0348     7.0210     7.0183     2.7790     0.8376     0.0806    96.4779     0.0014     4.5031   19.21775    1.30630     56.833    26.4953    26.4951    1480.27          1      30918          5  0.000e+00
  431208453    177.093    178.676   3.433568   3.433209    33.8314    33.8303     7.0373     7.0344     7.0209     7.0180     2.7790     0.8364     0.0818    96.4779     0.0014     4.5031   19.21514    1.30612     56.826    26.4954    26.4949    1480.27          1      30919          5  0.000e+00
  431208453    177.143    178.727   3.433588   3.433248    33.8307    33.8308     7.0382     7.0343     7.0218     7.0178     2.7790     0.8364     0.0806    96.4779     0.0014     4.5031   19.22570    1.30682     56.856    26.4947    26.4953    1480.27          1      30920          5  0.000e+00
  431208453    177.050    178.632   3.433668   3.433299    33.8305    33.8302     7.0393     7.0356     7.0229     7.0191     2.7790     0.8364     0.0806    96.4779     0.0014     4.5031   19.23690    1.30755     56.888    26.4944    26.4947    1480.28          1      30921          5  0.000e+00
  431208453    177.093    178.676   3.433694   3.433377    33.8305    33.8298     7.0397     7.0368     7.0232     7.0204     2.7790     0.8376     0.0818    96.4779     0.0014     4.5031   19.24947    1.30839     56.925    26.4943    26.4942    1480.28          1      30922          5  0.000e+00
  431208453    177.093    178.676   3.433694   3.433422    33.8300    33.8298     7.0401     7.0373     7.0237     7.0209     2.7790     0.8376     0.0806    96.4779     0.0014     4.5031   19.33066    1.31390     57.164    26.4939    26.4941    1480.28          1      30923          5  0.000e+00
  431208453    177.050    178.632   3.433694   3.433448    33.8300    33.8293     7.0401     7.0381     7.0237     7.0217     2.7790     0.8352     0.0806    96.4517     0.0014     4.5018   19.41177    1.31941     57.404    26.4939    26.4936    1480.28          1      30924          5  0.000e+00
  431208453    177.006    178.588   3.433694   3.433461    33.8304    33.8291     7.0398     7.0386     7.0234     7.0221     2.7790     0.8376     0.0806    96.4517     0.0014     4.5018   19.36884    1.31650     57.277    26.4942    26.4933    1480.28          1      30925          5  0.000e+00
  431208453    177.050    178.632   3.433641   3.433467    33.8299    33.8287     7.0397     7.0389     7.0232     7.0225     2.7790     0.8364     0.0806    96.4517     0.0014     4.5018   19.38192    1.31740     57.316    26.4939    26.4931    1480.28          1      30926          5  0.000e+00
  431208453    177.006    178.588   3.433674   3.433506    33.8302    33.8289     7.0398     7.0392     7.0234     7.0228     2.7778     0.8364     0.0806    96.4517     0.0014     4.5018   19.39476    1.31826     57.354    26.4940    26.4931    1480.28          1      30927          5  0.000e+00
  431208453    177.037    178.619   3.433714   3.433538    33.8307    33.8289     7.0397     7.0395     7.0232     7.0231     2.7778     0.8364     0.0806    96.4517     0.0014     4.5018   19.34005    1.31455     57.192    26.4945    26.4931    1480.28          1      30928          5  0.000e+00
  431208453    177.006    178.588   3.433674   3.433551    33.8303    33.8286     7.0397     7.0400     7.0232     7.0236     2.7778     0.8364     0.0806    96.4517     0.0014     4.5018   19.34147    1.31465     57.197    26.4942    26.4928    1480.28          1      30929          5  0.000e+00
  431208453    177.006    178.588   3.433701   3.433603    33.8305    33.8290     7.0398     7.0402     7.0234     7.0237     2.7790     0.8376     0.0806    96.4517     0.0014     4.5018   19.35592    1.31562     57.239    26.4943    26.4931    1480.28          1      30930          5  0.000e+00
  431208453    176.956    178.537   3.433741   3.433622    33.8306    33.8289     7.0401     7.0405     7.0237     7.0241     2.7790     0.8352     0.0806    96.4517     0.0014     4.5018   19.43899    1.32126     57.484    26.4943    26.4930    1480.28          1      30931          5  0.000e+00
  431208453    177.006    178.588   3.433734   3.433545    33.8305    33.8284     7.0401     7.0402     7.0237     7.0237     2.7778     0.8376     0.0806    96.4517     0.0014     4.5018   19.38682    1.31771     57.330    26.4943    26.4926    1480.28          1      30932          5  0.000e+00
  431208453    176.956    178.537   3.433721   3.433519    33.8304    33.8283     7.0401     7.0400     7.0237     7.0236     2.7790     0.8364     0.0818    96.4517     0.0014     4.5018   19.37822    1.31713     57.305    26.4942    26.4926    1480.28          1      30933          5  0.000e+00
  431208453    176.912    178.493   3.433721   3.433545    33.8302    33.8288     7.0403     7.0398     7.0239     7.0234     2.7790     0.8364     0.0818    96.4517     0.0014     4.5018   19.36963    1.31654     57.279    26.4940    26.4929    1480.28          1      30934          5  0.000e+00
  431208453    176.956    178.537   3.433701   3.433532    33.8303    33.8287     7.0400     7.0397     7.0235     7.0233     2.7790     0.8376     0.0818    96.4517     0.0014     4.5018   19.42903    1.32059     57.455    26.4941    26.4929    1480.28          1      30935          5  0.000e+00
  431208453    176.956    178.537   3.433714   3.433493    33.8305    33.8283     7.0400     7.0397     7.0235     7.0233     2.7790     0.8364     0.0806    96.4517     0.0014     4.5018   19.44448    1.32164     57.501    26.4943    26.4926    1480.28          1      30936          5  0.000e+00
  431208453    176.956    178.537   3.433701   3.433512    33.8302    33.8288     7.0401     7.0394     7.0237     7.0230     2.7790     0.8376     0.0806    96.4517     0.0014     4.5018   19.45993    1.32268     57.546    26.4940    26.4931    1480.28          1      30937          5  0.000e+00
  431208453    176.862    178.443   3.433694   3.433506    33.8304    33.8285     7.0398     7.0397     7.0234     7.0233     2.7790     0.8364     0.0806    96.4517     0.0014     4.5018   19.46269    1.32288     57.555    26.4943    26.4928    1480.28          1      30938          5  0.000e+00
  431208453    176.912    178.493   3.433694   3.433519    33.8303    33.8286     7.0400     7.0397     7.0236     7.0233     2.7790     0.8352     0.0806    96.4517     0.0014     4.5018   19.46531    1.32305     57.563    26.4941    26.4929    1480.28          1      30939          5  0.000e+00
  431208453    176.912    178.493   3.433694   3.433519    33.8303    33.8286     7.0400     7.0397     7.0236     7.0233     2.7790     0.8364     0.0818    96.4517     0.0014     4.5018   19.41201    1.31943     57.405    26.4941    26.4929    1480.28          1      30940          5  0.000e+00
  431208453    176.912    178.493   3.433694   3.433545    33.8299    33.8286     7.0403     7.0400     7.0239     7.0236     2.7790     0.8364     0.0818    96.4517     0.0014     4.5018   19.47028    1.32338     57.577    26.4938    26.4928    1480.28          1      30941          5  0.000e+00
  431208606    149.881    151.211   3.438348   3.438087    33.8072    33.8064     7.1290     7.1269     7.1150     7.1129     2.7851     0.8413     0.0806    95.7454     0.0017     4.4689   19.17636    1.30096     56.603    26.4634    26.4630    1480.14          1      34596          6  0.000e+00
  431208606    149.844    151.173   3.438361   3.438100    33.8070    33.8063     7.1293     7.1271     7.1153     7.1132     2.7851     0.8437     0.0806    95.7454     0.0017     4.4689   19.16494    1.30017     56.569    26.4632    26.4629    1480.15          1      34597          6  0.000e+00
  431208606    149.694    151.022   3.438368   3.438100    33.8069    33.8059     7.1295     7.1275     7.1156     7.1136     2.7851     0.8413     0.0806    95.7454     0.0017     4.4689   19.22063    1.30394     56.733    26.4631    26.4626    1480.14          1      34598          6  0.000e+00
  431208606    149.744    151.072   3.438368   3.438100    33.8067    33.8056     7.1297     7.1279     7.1157     7.1139     2.7851     0.8413     0.0806    95.7454     0.0017     4.4689   19.22075    1.30395     56.733    26.4629    26.4623    1480.14          1      34599          6  0.000e+00
  431208606    149.650    150.978   3.438374   3.438100    33.8070    33.8058     7.1295     7.1277     7.1156     7.1137     2.7851     0.8425     0.0806    95.7716     0.0017     4.4701   19.23233    1.30474     56.767    26.4631    26.4625    1480.14          1      34600          6  0.000e+00
  431208606    149.657    150.984   3.438374   3.438126    33.8068    33.8059     7.1297     7.1279     7.1157     7.1139     2.7851     0.8437     0.0818    95.7454     0.0017     4.4689   19.25644    1.30637     56.838    26.4630    26.4625    1480.14          1      34601          6  0.000e+00
  431208606    149.557    150.883   3.438374   3.438106    33.8069    33.8058     7.1297     7.1279     7.1157     7.1139     2.7851     0.8425     0.0806    95.7716     0.0017     4.4701   19.20111    1.30262     56.675    26.4630    26.4624    1480.14          1      34602          6  0.000e+00
  431208607    149.513    150.839   3.438388   3.438100    33.8071    33.8054     7.1297     7.1282     7.1158     7.1142     2.7851     0.8425     0.0806    95.7977     0.0017     4.4713   19.20198    1.30267     56.678    26.4632    26.4621    1480.14          1      34603          6  0.000e+00
  431208607    149.475    150.801   3.438374   3.438119    33.8068    33.8059     7.1299     7.1279     7.1159     7.1140     2.7851     0.8437     0.0806    95.7977     0.0017     4.4713   19.20336    1.30277     56.682    26.4629    26.4625    1480.14          1      34604          6  0.000e+00
  431208607    149.375    150.700   3.438374   3.438145    33.8070    33.8060     7.1297     7.1282     7.1158     7.1142     2.7851     0.8425     0.0806    95.7977     0.0017     4.4713   19.20509    1.30289     56.687    26.4631    26.4625    1480.14          1      34605          6  0.000e+00
  431208607    149.325    150.650   3.438374   3.438113    33.8068    33.8055     7.1299     7.1283     7.1159     7.1144     2.7851     0.8425     0.0806    95.7977     0.0017     4.4713   19.20742    1.30304     56.693    26.4630    26.4621    1480.14          1      34606          6  0.000e+00
  431208607    149.338    150.663   3.438348   3.438119    33.8068    33.8059     7.1296     7.1280     7.1157     7.1141     2.7851     0.8425     0.0794    95.7977     0.0017     4.4713   19.21041    1.30325     56.703    26.4630    26.4625    1480.14          1      34607          6  0.000e+00
  431208607    149.238    150.562   3.438308   3.438106    33.8066    33.8054     7.1294     7.1284     7.1155     7.1145     2.7851     0.8425     0.0794    95.7977     0.0017     4.4713   19.21361    1.30348     56.712    26.4629    26.4620    1480.14          1      34608          6  0.000e+00
  431208607    149.188    150.511   3.438328   3.438151    33.8066    33.8064     7.1297     7.1279     7.1158     7.1139     2.7851     0.8437     0.0794    95.7977     0.0017     4.4713   19.20511    1.30289     56.687    26.4628    26.4629    1480.14          1      34609          6  0.000e+00
  431208607    149.201    150.524   3.438341   3.438093    33.8067    33.8053     7.1297     7.1283     7.1158     7.1144     2.7851     0.8437     0.0781    95.7977     0.0017     4.4713   19.19679    1.30232     56.662    26.4629    26.4620    1480.14          1      34610          6  0.000e+00
  431208607    149.051    150.373   3.438341   3.438067    33.8069    33.8054     7.1296     7.1280     7.1157     7.1141     2.7851     0.8437     0.0781    95.7977     0.0017     4.4713   19.17576    1.30090     56.600    26.4630    26.4621    1480.13          1      34611          6  0.000e+00
  431208607    149.094    150.417   3.438295   3.438067    33.8063    33.8054     7.1296     7.1281     7.1157     7.1142     2.7851     0.8413     0.0781    95.7716     0.0017     4.4701   19.16702    1.30031     56.575    26.4626    26.4621    1480.13          1      34612          6  0.000e+00
  431208607    148.919    150.240   3.438341   3.438087    33.8070    33.8057     7.1295     7.1280     7.1156     7.1141     2.7851     0.8425     0.0794    95.7977     0.0017     4.4713   19.15774    1.29968     56.547    26.4631    26.4623    1480.13          1      34613          6  0.000e+00
  431208607    149.007    150.328   3.438301   3.438100    33.8065    33.8057     7.1296     7.1282     7.1157     7.1143     2.7851     0.8425     0.0781    95.7977     0.0017     4.4713   19.22877    1.30450     56.757    26.4627    26.4623    1480.13          1      34614          6  0.000e+00
  431208607    148.870    150.190   3.438348   3.438074    33.8074    33.8058     7.1292     7.1278     7.1153     7.1139     2.7851     0.8437     0.0781    95.7977     0.0017     4.4713   19.24368    1.30551     56.801    26.4635    26.4625    1480.13          1      34615          6  0.000e+00
  431208607    148.870    150.190   3.438328   3.438067    33.8070    33.8057     7.1294     7.1279     7.1155     7.1140     2.7851     0.8437     0.0781    95.7977     0.0017     4.4713   19.24662    1.30571     56.810    26.4631    26.4623    1480.13          1      34616          6  0.000e+00
  431208607    148.782    150.102   3.438288   3.438048    33.8069    33.8062     7.1291     7.1272     7.1152     7.1133     2.7851     0.8437     0.0781    95.7977     0.0017     4.4713   19.24888    1.30587     56.817    26.4631    26.4628    1480.13          1      34617          6  0.000e+00
  431208607    148.726    150.045   3.438281   3.438061    33.8066    33.8058     7.1294     7.1277     7.1155     7.1138     2.7851     0.8437     0.0781    95.7977     0.0017     4.4713   19.26299    1.30683     56.858    26.4628    26.4625    1480.13          1      34618          6  0.000e+00
