ROS/FK009A_CTD028_20130823.ros
* Sea-Bird SBE 9 Data File:
* FileName = C:\Falkor-Data-2013\FK009A\CTD\FK009A_CTD028_20130823.hex
* Software Version Seasave V 7.21f
* Temperature SN = 5483
* Conductivity SN = 3916
* Number of Bytes Per Scan = 41
* Number of Voltage Words = 4
* Number of Scans Averaged by the Deck Unit = 1
* NMEA Latitude = 48 14.70 N
* NMEA Longitude = 125 01.21 W
* NMEA UTC (Time) = Aug 23 2013 19:59:51
* NMEA baud rate = 4800
** Ship: RV Falkor
** Station: RD04
** Operator: CPeazy
# nquan = 27
# nvalues = 686                                   
# units = specified
# name 0 = timeQ: Time, NMEA [seconds]
# name 1 = depSM: Depth [salt water, m]
# name 2 = prDM: Pressure, Digiquartz [db]
# name 3 = c0S/m: Conductivity [S/m]
# name 4 = c1S/m: Conductivity, 2 [S/m]
# name 5 = sal00: Salinity, Practical [PSU]
# name 6 = sal11: Salinity, Practical, 2 [PSU]
# name 7 = t090C: Temperature [ITS-90, deg C]
# name 8 = t190C: Temperature, 2 [ITS-90, deg C]
# name 9 = potemp090C: Potential Temperature [ITS-90, deg C]
# name 10 = potemp190C: Potential Temperature, 2 [ITS-90, deg C]
# name 11 = v2: Voltage 2
# name 12 = v3: Voltage 3
# name 13 = v0: Voltage 0
# name 14 = CStarTr0: Beam Transmission, WET Labs C-Star [%]
# name 15 = CStarAt0: Beam Attenuation, WET Labs C-Star [1/m]
# name 16 = v5: Voltage 5
# name 17 = sbeox0PS: Oxygen, SBE 43 [% saturation]
# name 18 = sbeox0ML/L: Oxygen, SBE 43 [ml/l]
# name 19 = sbeox0Mm/Kg: Oxygen, SBE 43 [umol/Kg]
# name 20 = sigma-é00: Density [sigma-theta, Kg/m^3]
# name 21 = sigma-é11: Density, 2 [sigma-theta, Kg/m^3]
# name 22 = svCM: Sound Velocity [Chen-Millero, m/s]
# name 23 = modError: Modulo Error Count
# name 24 = scan: Scan Count
# name 25 = nbf: Bottles Fired
# name 26 = flag:  0.000e+00
# interval = seconds: 0.0416667
# start_time = Aug 23 2013 19:59:51 [NMEA time, first data scan]
# bad_flag = -9.990e-29
*END*
[from data line 323]
  430605091    125.977    127.085   3.415261   3.414667    33.8607    33.8602     6.8287     6.8226     6.8173     6.8111     0.0000     0.0000     0.0769    98.5969     0.0006     4.6020   27.40829    1.87163     81.425    26.5461    26.5465    1478.65          2      45589          7  0.000e+00
  430605091    126.027    127.136   3.415228   3.414609    33.8600    33.8606     6.8290     6.8215     6.8175     6.8100     0.0000     0.0000     0.0781    98.5969     0.0006     4.6020   27.41341    1.87197     81.440    26.5455    26.5470    1478.65          2      45590          7  0.000e+00
  430605091    126.002    127.110   3.415294   3.414629    33.8604    33.8607     6.8293     6.8216     6.8179     6.8102     0.0000     0.0000     0.0769    98.5969     0.0006     4.6020   27.41875    1.87232     81.455    26.5458    26.5470    1478.65          2      45591          7  0.000e+00
  430605091    125.977    127.085   3.415307   3.414648    33.8606    33.8601     6.8293     6.8224     6.8179     6.8110     0.0000     0.0000     0.0781    98.5969     0.0006     4.6020   27.41222    1.87187     81.436    26.5459    26.5465    1478.65          2      45592          7  0.000e+00
  430605091    126.027    127.136   3.415307   3.414764    33.8605    33.8607     6.8294     6.8231     6.8179     6.8116     0.0000     0.0000     0.0781    98.5969     0.0006     4.6020   27.41834    1.87229     81.454    26.5459    26.5469    1478.65          2      45593          7  0.000e+00
  430605091    126.002    127.110   3.415327   3.414867    33.8605    33.8597     6.8296     6.8253     6.8182     6.8139     0.0000     0.0000     0.0769    98.5969     0.0006     4.6020   27.35737    1.86811     81.272    26.5458    26.5458    1478.65          2      45594          7  0.000e+00
  430605091    125.977    127.085   3.415314   3.414867    33.8604    33.8593     6.8296     6.8257     6.8182     6.8143     0.0000     0.0000     0.0781    98.5969     0.0006     4.6020   27.35283    1.86780     81.259    26.5457    26.5454    1478.65          2      45595          7  0.000e+00
  430605091    125.977    127.085   3.415321   3.414815    33.8609    33.8596     6.8292     6.8248     6.8178     6.8134     0.0000     0.0000     0.0781    98.5969     0.0006     4.6020   27.41669    1.87218     81.449    26.5461    26.5457    1478.65          2      45596          7  0.000e+00
  430605091    126.002    127.110   3.415241   3.414803    33.8600    33.8600     6.8292     6.8242     6.8177     6.8128     0.0000     0.0000     0.0781    98.5969     0.0006     4.6020   27.42569    1.87280     81.477    26.5455    26.5462    1478.65          2      45597          7  0.000e+00
  430605091    125.977    127.085   3.415215   3.414841    33.8609    33.8601     6.8280     6.8246     6.8166     6.8132     0.0000     0.0000     0.0781    98.5969     0.0006     4.6020   27.43506    1.87348     81.506    26.5463    26.5462    1478.65          2      45598          7  0.000e+00
  430605091    125.977    127.085   3.415096   3.414906    33.8612    33.8595     6.8264     6.8259     6.8149     6.8145     0.0000     0.0000     0.0781    98.5969     0.0006     4.6020   27.44504    1.87423     81.539    26.5468    26.5455    1478.64          2      45599          7  0.000e+00
  430605091    125.977    127.085   3.414983   3.414944    33.8611    33.8601     6.8252     6.8258     6.8137     6.8143     0.0000     0.0000     0.0781    98.5969     0.0006     4.6020   27.45550    1.87500     81.572    26.5469    26.5460    1478.64          2      45600          7  0.000e+00
  430605091    125.952    127.060   3.414963   3.414815    33.8611    33.8596     6.8250     6.8248     6.8136     6.8134     0.0000     0.0000     0.0781    98.5969     0.0006     4.6020   27.39900    1.87115     81.404    26.5469    26.5458    1478.64          2      45601          7  0.000e+00
  430605091    125.934    127.041   3.414917   3.414745    33.8610    33.8599     6.8246     6.8238     6.8131     6.8124     0.0000     0.0000     0.0781    98.5969     0.0006     4.6020   27.39896    1.87116     81.405    26.5469    26.5461    1478.63          2      45602          7  0.000e+00
  430605092    125.977    127.085   3.414831   3.414809    33.8613    33.8608     6.8233     6.8235     6.8118     6.8121     0.0000     0.0000     0.0781    98.5969     0.0006     4.6020   27.38778    1.87045     81.374    26.5473    26.5469    1478.63          2      45603          7  0.000e+00
  430605092    125.909    127.016   3.414778   3.414835    33.8615    33.8600     6.8225     6.8247     6.8110     6.8132     0.0000     0.0000     0.0769    98.5969     0.0006     4.6020   27.37668    1.86973     81.342    26.5476    26.5461    1478.63          2      45604          7  0.000e+00
  430605092    125.934    127.041   3.414798   3.414783    33.8611    33.8593     6.8231     6.8248     6.8117     6.8133     0.0000     0.0000     0.0781    98.5969     0.0006     4.6020   27.44603    1.87444     81.548    26.5472    26.5455    1478.63          2      45605          7  0.000e+00
  430605092    125.934    127.041   3.414831   3.414745    33.8613    33.8603     6.8233     6.8234     6.8118     6.8120     0.0000     0.0000     0.0781    98.5969     0.0006     4.6020   27.46038    1.87541     81.590    26.5473    26.5465    1478.63          2      45606          7  0.000e+00
  430605092    125.909    127.016   3.414798   3.414648    33.8610    33.8600     6.8233     6.8226     6.8118     6.8112     0.0000     0.0000     0.0794    98.5969     0.0006     4.6020   27.34054    1.86723     81.234    26.5470    26.5463    1478.63          2      45607          7  0.000e+00
  430605092    125.934    127.041   3.414758   3.414564    33.8610    33.8604     6.8228     6.8213     6.8114     6.8098     0.0000     0.0000     0.0781    98.5969     0.0006     4.6020   27.38814    1.87050     81.376    26.5471    26.5468    1478.63          2      45608          7  0.000e+00
  430605246    101.320    102.205   3.419277   3.419194    33.8392    33.8386     6.9077     6.9075     6.8985     6.8982     0.0000     0.0000     0.0806    98.7538     0.0005     4.6093   30.35205    2.06918     90.022    26.5182    26.5177    1478.52          3      49289          8  0.000e+00
  430605246    101.277    102.161   3.419337   3.419252    33.8393    33.8378     6.9084     6.9089     6.8991     6.8997     0.0000     0.0000     0.0806    98.7538     0.0005     4.6093   30.35331    2.06923     90.025    26.5181    26.5169    1478.52          3      49290          8  0.000e+00
  430605246    101.277    102.161   3.419363   3.419304    33.8391    33.8375     6.9089     6.9098     6.8996     6.9006     0.0000     0.0000     0.0794    98.7277     0.0005     4.6081   30.34301    2.06851     89.993    26.5179    26.5165    1478.53          3      49291          8  0.000e+00
  430605246    101.277    102.161   3.419363   3.419349    33.8388    33.8371     6.9092     6.9107     6.8999     6.9014     0.0000     0.0000     0.0806    98.7277     0.0005     4.6081   30.33271    2.06779     89.962    26.5176    26.5162    1478.53          3      49292          8  0.000e+00
  430605246    101.364    102.250   3.419363   3.419420    33.8387    33.8370     6.9092     6.9116     6.8999     6.9023     0.0000     0.0000     0.0806    98.7015     0.0005     4.6068   30.33502    2.06795     89.969    26.5176    26.5159    1478.53          3      49293          8  0.000e+00
  430605246    101.227    102.111   3.419317   3.419401    33.8389    33.8373     6.9085     6.9111     6.8993     6.9019     0.0000     0.0000     0.0806    98.7277     0.0005     4.6081   30.39170    2.07184     90.138    26.5178    26.5162    1478.52          3      49294          8  0.000e+00
  430605246    101.320    102.205   3.419224   3.419343    33.8386    33.8379     6.9077     6.9098     6.8985     6.9006     0.0000     0.0000     0.0806    98.7277     0.0005     4.6081   30.32661    2.06745     89.947    26.5177    26.5168    1478.52          3      49295          8  0.000e+00
  430605246    101.277    102.161   3.419158   3.419317    33.8390    33.8384     6.9066     6.9091     6.8974     6.8998     0.0000     0.0000     0.0794    98.7277     0.0005     4.6081   30.32846    2.06762     89.955    26.5182    26.5173    1478.52          3      49296          8  0.000e+00
  430605246    101.277    102.161   3.419098   3.419323    33.8397    33.8378     6.9053     6.9097     6.8961     6.9004     0.0000     0.0000     0.0794    98.7277     0.0005     4.6081   30.39795    2.07241     90.163    26.5189    26.5168    1478.51          3      49297          8  0.000e+00
  430605246    101.277    102.161   3.419032   3.419362    33.8390    33.8376     6.9052     6.9104     6.8960     6.9011     0.0000     0.0000     0.0806    98.7277     0.0005     4.6081   30.39991    2.07256     90.169    26.5184    26.5166    1478.51          3      49298          8  0.000e+00
  430605246    101.277    102.161   3.419065   3.419336    33.8393    33.8381     6.9053     6.9095     6.8961     6.9003     0.0000     0.0000     0.0806    98.7277     0.0005     4.6081   30.33440    2.06809     89.975    26.5186    26.5171    1478.51          3      49299          8  0.000e+00
  430605246    101.277    102.161   3.419059   3.419285    33.8393    33.8385     6.9052     6.9086     6.8960     6.8994     0.0000     0.0000     0.0794    98.7277     0.0005     4.6081   30.33636    2.06822     89.981    26.5186    26.5175    1478.51          3      49300          8  0.000e+00
  430605246    101.277    102.161   3.419072   3.419214    33.8394    33.8385     6.9053     6.9078     6.8961     6.8985     0.0000     0.0000     0.0794    98.7277     0.0005     4.6081   30.39354    2.07212     90.150    26.5186    26.5176    1478.51          3      49301          8  0.000e+00
  430605246    101.277    102.161   3.419032   3.419156    33.8392    33.8386     6.9050     6.9070     6.8958     6.8978     0.0000     0.0000     0.0781    98.7277     0.0005     4.6081   30.39502    2.07223     90.155    26.5185    26.5178    1478.51          3      49302          8  0.000e+00
  430605246    101.271    102.155   3.419039   3.419111    33.8397    33.8389     6.9046     6.9062     6.8953     6.8969     0.0000     0.0000     0.0794    98.7277     0.0005     4.6081   30.32903    2.06775     89.960    26.5190    26.5182    1478.51          3      49303          8  0.000e+00
  430605246    101.277    102.161   3.419026   3.419111    33.8394    33.8383     6.9047     6.9069     6.8955     6.8976     0.0000     0.0000     0.0794    98.7277     0.0005     4.6081   30.38526    2.07158     90.127    26.5188    26.5176    1478.51          3      49304          8  0.000e+00
  430605246    101.277    102.161   3.419065   3.419156    33.8402    33.8382     6.9044     6.9075     6.8952     6.8982     0.0000     0.0000     0.0781    98.7277     0.0005     4.6081   30.38576    2.07162     90.128    26.5194    26.5174    1478.51          3      49305          8  0.000e+00
  430605246    101.277    102.161   3.419059   3.419188    33.8400    33.8382     6.9046     6.9078     6.8953     6.8985     0.0000     0.0000     0.0781    98.7277     0.0005     4.6081   30.38575    2.07161     90.128    26.5192    26.5174    1478.51          3      49306          8  0.000e+00
  430605246    101.277    102.161   3.419006   3.419175    33.8394    33.8384     6.9046     6.9075     6.8953     6.8982     0.0000     0.0000     0.0781    98.7277     0.0005     4.6081   30.39750    2.07242     90.163    26.5188    26.5176    1478.51          3      49307          8  0.000e+00
  430605246    101.320    102.205   3.418992   3.419162    33.8396    33.8381     6.9042     6.9076     6.8949     6.8984     0.0000     0.0000     0.0794    98.7277     0.0005     4.6081   30.40944    2.07325     90.199    26.5190    26.5173    1478.51          3      49308          8  0.000e+00
  430605246    101.277    102.161   3.419012   3.419124    33.8398    33.8378     6.9042     6.9075     6.8950     6.8982     0.0000     0.0000     0.0794    98.7277     0.0005     4.6081   30.35403    2.06947     90.035    26.5191    26.5171    1478.51          3      49309          8  0.000e+00
  430605246    101.277    102.161   3.419019   3.419066    33.8398    33.8376     6.9042     6.9070     6.8950     6.8978     0.0000     0.0000     0.0781    98.7277     0.0005     4.6081   30.28755    2.06494     89.838    26.5192    26.5170    1478.51          3      49310          8  0.000e+00
  430605246    101.320    102.205   3.419019   3.419059    33.8397    33.8380     6.9044     6.9065     6.8951     6.8973     0.0000     0.0000     0.0794    98.7277     0.0005     4.6081   30.19823    2.05884     89.572    26.5190    26.5174    1478.51          3      49311          8  0.000e+00
  430605247    101.277    102.161   3.419019   3.419008    33.8397    33.8380     6.9044     6.9060     6.8952     6.8968     0.0000     0.0000     0.0781    98.7538     0.0005     4.6093   30.16478    2.05656     89.473    26.5190    26.5174    1478.51          3      49312          8  0.000e+00
  430605247    101.320    102.206   3.419019   3.419046    33.8397    33.8384     6.9044     6.9060     6.8951     6.8968     0.0000     0.0000     0.0781    98.7538     0.0005     4.6093   30.13266    2.05437     89.378    26.5190    26.5177    1478.51          3      49313          8  0.000e+00
  430605247    101.320    102.206   3.419019   3.419008    33.8395    33.8384     6.9046     6.9056     6.8953     6.8963     0.0000     0.0000     0.0794    98.7538     0.0005     4.6093   30.11357    2.05306     89.321    26.5189    26.5178    1478.51          3      49314          8  0.000e+00
  430605247    101.320    102.206   3.419019   3.418969    33.8393    33.8388     6.9047     6.9047     6.8955     6.8955     0.0000     0.0000     0.0781    98.7800     0.0005     4.6105   30.09594    2.05186     89.269    26.5187    26.5183    1478.51          3      49315          8  0.000e+00
  430605247    101.320    102.206   3.419065   3.418943    33.8400    33.8384     6.9046     6.9048     6.8953     6.8955     0.0000     0.0000     0.0794    98.7538     0.0005     4.6093   30.00060    2.04535     88.986    26.5193    26.5180    1478.51          3      49316          8  0.000e+00
  430605247    101.320    102.206   3.419059   3.418982    33.8398    33.8389     6.9047     6.9047     6.8955     6.8955     0.0000     0.0000     0.0781    98.7538     0.0005     4.6093   29.96193    2.04271     88.871    26.5190    26.5184    1478.51          3      49317          8  0.000e+00
  430605247    101.364    102.250   3.419052   3.418956    33.8398    33.8387     6.9046     6.9046     6.8953     6.8954     0.0000     0.0000     0.0781    98.7538     0.0005     4.6093   30.00412    2.04560     88.996    26.5191    26.5182    1478.51          3      49318          8  0.000e+00
  430605247    101.321    102.206   3.419026   3.418956    33.8394    33.8388     6.9047     6.9046     6.8955     6.8953     0.0000     0.0000     0.0781    98.7538     0.0005     4.6093   29.97997    2.04395     88.925    26.5188    26.5183    1478.51          3      49319          8  0.000e+00
  430605247    101.364    102.250   3.419065   3.418937    33.8400    33.8385     6.9046     6.9046     6.8953     6.8954     0.0000     0.0000     0.0781    98.7538     0.0005     4.6093   29.96938    2.04323     88.893    26.5192    26.5180    1478.51          3      49320          8  0.000e+00
