ROS/FK009A_CTD004_20130819.ros
* Sea-Bird SBE 9 Data File:
* FileName = C:\Falkor-Data-2013\FK009A\CTD\FK009A_CTD004_20130819.hex
* Software Version Seasave V 7.21f
* Temperature SN = 5483
* Conductivity SN = 3916
* Number of Bytes Per Scan = 41
* Number of Voltage Words = 4
* Number of Scans Averaged by the Deck Unit = 1
* NMEA Latitude = 48 27.19 N
* NMEA Longitude = 125 47.76 W
* NMEA UTC (Time) = Aug 19 2013 22:58:10
* NMEA baud rate = 4800
** Ship:
** Station: BCC0
** Operator:
# nquan = 27
# nvalues = 343                                   
# units = specified
# name 0 = timeQ: Time, NMEA [seconds]
# name 1 = depSM: Depth [salt water, m]
# name 2 = prDM: Pressure, Digiquartz [db]
# name 3 = c0S/m: Conductivity [S/m]
# name 4 = c1S/m: Conductivity, 2 [S/m]
# name 5 = sal00: Salinity, Practical [PSU]
# name 6 = sal11: Salinity, Practical, 2 [PSU]
# name 7 = t090C: Temperature [ITS-90, deg C]
# name 8 = t190C: Temperature, 2 [ITS-90, deg C]
# name 9 = potemp090C: Potential Temperature [ITS-90, deg C]
# name 10 = potemp190C: Potential Temperature, 2 [ITS-90, deg C]
# name 11 = v2: Voltage 2
# name 12 = v3: Voltage 3
# name 13 = v0: Voltage 0
# name 14 = CStarTr0: Beam Transmission, WET Labs C-Star [%]
# name 15 = CStarAt0: Beam Attenuation, WET Labs C-Star [1/m]
# name 16 = v5: Voltage 5
# name 17 = sbeox0PS: Oxygen, SBE 43 [% saturation]
# name 18 = sbeox0ML/L: Oxygen, SBE 43 [ml/l]
# name 19 = sbeox0Mm/Kg: Oxygen, SBE 43 [umol/Kg]
# name 20 = sigma-é00: Density [sigma-theta, Kg/m^3]
# name 21 = sigma-é11: Density, 2 [sigma-theta, Kg/m^3]
# name 22 = svCM: Sound Velocity [Chen-Millero, m/s]
# name 23 = modError: Modulo Error Count
# name 24 = scan: Scan Count
# name 25 = nbf: Bottles Fired
# name 26 = flag:  0.000e+00
# interval = seconds: 0.0416667
# start_time = Aug 19 2013 22:58:10 [NMEA time, first data scan]
# bad_flag = -9.990e-29
*END*
[from data line 54]
  430269027     91.518     92.317   3.398535   3.397750    33.8025    33.7953     6.7180     6.7165     6.7098     6.7083     2.8242     0.8144     0.0781    98.4922     0.0006     4.5971   18.67621    1.27909     55.649    26.5146    26.5091    1477.57          0      17691          2  0.000e+00
  430269027     91.518     92.317   3.398522   3.397763    33.8021    33.7956     6.7182     6.7163     6.7100     6.7081     2.8242     0.8120     0.0769    98.4922     0.0006     4.5971   18.61020    1.27456     55.452    26.5143    26.5094    1477.57          0      17692          2  0.000e+00
  430269027     91.474     92.273   3.398469   3.397795    33.8019    33.7959     6.7179     6.7163     6.7097     6.7081     2.8254     0.8132     0.0781    98.4922     0.0006     4.5971   18.66676    1.27845     55.621    26.5141    26.5097    1477.57          0      17693          2  0.000e+00
  430269027     91.474     92.273   3.398476   3.397783    33.8023    33.7960     6.7175     6.7162     6.7093     6.7080     2.8242     0.8132     0.0781    98.4922     0.0006     4.5971   18.66825    1.27856     55.626    26.5145    26.5097    1477.57          0      17694          2  0.000e+00
  430269027     91.474     92.273   3.398482   3.397795    33.8023    33.7959     6.7175     6.7163     6.7093     6.7081     2.8242     0.8132     0.0781    98.4922     0.0006     4.5971   18.73671    1.28325     55.829    26.5146    26.5097    1477.57          0      17695          2  0.000e+00
  430269027     91.431     92.229   3.398482   3.397802    33.8024    33.7957     6.7175     6.7166     6.7093     6.7085     2.8254     0.8132     0.0781    98.4922     0.0006     4.5971   18.68242    1.27953     55.668    26.5146    26.5095    1477.57          0      17696          2  0.000e+00
  430269027     91.468     92.267   3.398463   3.397789    33.8024    33.7954     6.7172     6.7168     6.7090     6.7086     2.8242     0.8132     0.0781    98.4922     0.0006     4.5971   18.69581    1.28045     55.708    26.5147    26.5092    1477.57          0      17697          2  0.000e+00
  430269027     91.431     92.229   3.398456   3.397795    33.8024    33.7955     6.7172     6.7168     6.7090     6.7086     2.8254     0.8144     0.0781    98.5184     0.0006     4.5983   18.63021    1.27596     55.513    26.5146    26.5093    1477.57          0      17698          2  0.000e+00
  430269027     91.431     92.229   3.398476   3.397821    33.8025    33.7955     6.7173     6.7171     6.7091     6.7089     2.8242     0.8144     0.0781    98.4922     0.0006     4.5971   18.62036    1.27528     55.483    26.5147    26.5092    1477.57          0      17699          2  0.000e+00
  430269027     91.381     92.178   3.398489   3.397834    33.8028    33.7955     6.7172     6.7173     6.7090     6.7091     2.8254     0.8132     0.0781    98.5184     0.0006     4.5983   18.61089    1.27464     55.455    26.5149    26.5092    1477.57          0      17700          2  0.000e+00
  430269027     91.431     92.229   3.398463   3.397834    33.8023    33.7956     6.7174     6.7171     6.7092     6.7089     2.8254     0.8132     0.0781    98.5184     0.0006     4.5983   18.66913    1.27862     55.628    26.5145    26.5093    1477.57          0      17701          2  0.000e+00
  430269027     91.374     92.172   3.398476   3.397834    33.8029    33.7957     6.7170     6.7171     6.7088     6.7089     2.8254     0.8132     0.0781    98.4922     0.0006     4.5971   18.65966    1.27798     55.600    26.5150    26.5093    1477.57          0      17702          2  0.000e+00
  430269027     91.381     92.178   3.398509   3.397834    33.8027    33.7955     6.7175     6.7173     6.7094     6.7091     2.8254     0.8132     0.0769    98.4922     0.0006     4.5971   18.66212    1.27813     55.607    26.5148    26.5092    1477.57          0      17703          2  0.000e+00
  430269027     91.381     92.178   3.398496   3.397840    33.8029    33.7956     6.7172     6.7173     6.7090     6.7091     2.8254     0.8120     0.0769    98.5184     0.0006     4.5983   18.66459    1.27831     55.615    26.5150    26.5093    1477.57          0      17704          2  0.000e+00
  430269027     91.337     92.134   3.398489   3.397834    33.8027    33.7958     6.7173     6.7170     6.7091     6.7088     2.8254     0.8120     0.0781    98.5184     0.0006     4.5983   18.66694    1.27847     55.622    26.5149    26.5095    1477.57          0      17705          2  0.000e+00
  430269028     91.381     92.178   3.398509   3.397789    33.8028    33.7950     6.7174     6.7173     6.7092     6.7091     2.8254     0.8132     0.0781    98.5184     0.0006     4.5983   18.60252    1.27406     55.430    26.5150    26.5088    1477.57          0      17706          2  0.000e+00
  430269028     91.331     92.128   3.398469   3.397795    33.8024    33.7953     6.7174     6.7171     6.7092     6.7089     2.8254     0.8132     0.0781    98.5184     0.0006     4.5983   18.59355    1.27345     55.403    26.5146    26.5090    1477.57          0      17707          2  0.000e+00
  430269028     91.287     92.084   3.398456   3.397802    33.8024    33.7955     6.7173     6.7170     6.7091     6.7088     2.8254     0.8132     0.0781    98.4922     0.0006     4.5971   18.65206    1.27746     55.578    26.5146    26.5092    1477.57          0      17708          2  0.000e+00
  430269028     91.337     92.134   3.398476   3.397821    33.8025    33.7957     6.7174     6.7170     6.7092     6.7088     2.8254     0.8144     0.0781    98.4922     0.0006     4.5971   18.58864    1.27311     55.388    26.5147    26.5094    1477.57          0      17709          2  0.000e+00
  430269028     91.337     92.134   3.398489   3.397834    33.8026    33.7957     6.7174     6.7171     6.7092     6.7089     2.8242     0.8144     0.0781    98.5184     0.0006     4.5983   18.58077    1.27257     55.365    26.5148    26.5094    1477.57          0      17710          2  0.000e+00
  430269028     91.287     92.084   3.398489   3.397795    33.8027    33.7953     6.7173     6.7171     6.7091     6.7089     2.8254     0.8120     0.0769    98.5184     0.0006     4.5983   18.57327    1.27206     55.343    26.5149    26.5090    1477.57          0      17711          2  0.000e+00
  430269028     91.287     92.084   3.398489   3.397821    33.8030    33.7959     6.7171     6.7168     6.7089     6.7086     2.8254     0.8132     0.0781    98.5184     0.0006     4.5983   18.56639    1.27159     55.322    26.5151    26.5095    1477.57          0      17712          2  0.000e+00
  430269028     91.337     92.134   3.398482   3.397789    33.8025    33.7956     6.7175     6.7166     6.7093     6.7085     2.8254     0.8132     0.0781    98.4922     0.0006     4.5971   18.56009    1.27115     55.303    26.5147    26.5094    1477.57          0      17713          2  0.000e+00
  430269028     91.243     92.040   3.398463   3.397776    33.8024    33.7954     6.7174     6.7168     6.7092     6.7086     2.8254     0.8144     0.0781    98.4922     0.0006     4.5971   18.62095    1.27532     55.485    26.5146    26.5092    1477.57          0      17714          2  0.000e+00
  430269028     91.287     92.084   3.398502   3.397815    33.8030    33.7961     6.7172     6.7165     6.7090     6.7083     2.8242     0.8144     0.0781    98.4922     0.0006     4.5971   18.63927    1.27658     55.539    26.5151    26.5098    1477.57          0      17715          2  0.000e+00
  430269028     91.243     92.040   3.398496   3.397808    33.8028    33.7961     6.7173     6.7165     6.7092     6.7083     2.8242     0.8144     0.0781    98.4399     0.0006     4.5946   18.57858    1.27242     55.358    26.5150    26.5097    1477.57          0      17716          2  0.000e+00
  430269028     91.287     92.084   3.398463   3.397783    33.8024    33.7957     6.7174     6.7165     6.7092     6.7083     2.8254     0.8144     0.0781    98.4399     0.0006     4.5946   18.56146    1.27125     55.307    26.5146    26.5095    1477.57          0      17717          2  0.000e+00
  430269028     91.243     92.040   3.398476   3.397802    33.8027    33.7960     6.7172     6.7165     6.7090     6.7083     2.8242     0.8132     0.0769    98.4399     0.0006     4.5946   18.62342    1.27549     55.492    26.5149    26.5097    1477.57          0      17718          2  0.000e+00
  430269028     91.243     92.040   3.398509   3.397783    33.8028    33.7958     6.7175     6.7165     6.7093     6.7083     2.8242     0.8132     0.0769    98.4137     0.0006     4.5934   18.63030    1.27596     55.512    26.5149    26.5095    1477.57          0      17719          2  0.000e+00
  430269028     91.243     92.040   3.398496   3.397776    33.8028    33.7959     6.7174     6.7163     6.7092     6.7082     2.8254     0.8144     0.0781    98.4137     0.0006     4.5934   18.63720    1.27643     55.533    26.5149    26.5096    1477.57          0      17720          2  0.000e+00
  430269028     91.243     92.040   3.398509   3.397776    33.8031    33.7955     6.7172     6.7166     6.7090     6.7085     2.8242     0.8144     0.0781    98.4399     0.0006     4.5946   18.64409    1.27691     55.554    26.5152    26.5093    1477.57          0      17721          2  0.000e+00
  430269028     91.237     92.034   3.398522   3.397750    33.8030    33.7954     6.7175     6.7165     6.7093     6.7083     2.8242     0.8132     0.0781    98.4137     0.0006     4.5934   18.58398    1.27278     55.374    26.5150    26.5092    1477.57          0      17722          2  0.000e+00
  430269028     91.200     91.996   3.398496   3.397744    33.8026    33.7960     6.7175     6.7158     6.7094     6.7076     2.8242     0.8132     0.0781    98.4137     0.0006     4.5934   18.57946    1.27247     55.361    26.5148    26.5098    1477.57          0      17723          2  0.000e+00
  430269028     91.243     92.040   3.398482   3.397744    33.8026    33.7959     6.7174     6.7160     6.7092     6.7078     2.8242     0.8132     0.0781    98.4399     0.0006     4.5946   18.57563    1.27222     55.350    26.5148    26.5096    1477.57          0      17724          2  0.000e+00
  430269028     91.200     91.996   3.398463   3.397725    33.8023    33.7957     6.7175     6.7160     6.7093     6.7078     2.8242     0.8132     0.0781    98.4137     0.0006     4.5934   18.57208    1.27197     55.339    26.5145    26.5095    1477.57          0      17725          2  0.000e+00
  430269028     91.200     91.996   3.398502   3.397783    33.8025    33.7961     6.7177     6.7162     6.7095     6.7080     2.8254     0.8132     0.0781    98.4399     0.0006     4.5946   18.56912    1.27176     55.330    26.5147    26.5098    1477.57          0      17726          2  0.000e+00
  430269028     91.194     91.990   3.398496   3.397782    33.8023    33.7961     6.7179     6.7162     6.7097     6.7080     2.8254     0.8144     0.0781    98.4399     0.0006     4.5946   18.56664    1.27159     55.322    26.5145    26.5098    1477.57          0      17727          2  0.000e+00
  430269028     91.200     91.996   3.398529   3.397795    33.8024    33.7962     6.7181     6.7162     6.7100     6.7081     2.8254     0.8132     0.0781    98.4399     0.0006     4.5946   18.63166    1.27603     55.516    26.5145    26.5099    1477.57          0      17728          2  0.000e+00
  430269028     91.200     91.996   3.398568   3.397802    33.8028    33.7957     6.7182     6.7168     6.7100     6.7086     2.8242     0.8132     0.0769    98.4137     0.0006     4.5934   18.64150    1.27670     55.545    26.5148    26.5094    1477.57          0      17729          2  0.000e+00
  430269029     91.200     91.996   3.398529   3.397821    33.8022    33.7961     6.7183     6.7166     6.7101     6.7085     2.8254     0.8144     0.0781    98.4399     0.0006     4.5946   18.71832    1.28197     55.774    26.5144    26.5097    1477.57          0      17730          2  0.000e+00
  430269029     91.150     91.946   3.398562   3.397834    33.8026    33.7959     6.7184     6.7170     6.7102     6.7088     2.8254     0.8132     0.0781    98.4137     0.0006     4.5934   18.67238    1.27881     55.637    26.5146    26.5096    1477.57          0      17731          2  0.000e+00
  430269029     91.194     91.990   3.398535   3.397815    33.8026    33.7955     6.7180     6.7171     6.7099     6.7089     2.8242     0.8132     0.0781    98.4399     0.0006     4.5946   18.68185    1.27947     55.665    26.5147    26.5092    1477.57          0      17732          2  0.000e+00
  430269029     91.150     91.946   3.398542   3.397827    33.8029    33.7954     6.7178     6.7174     6.7096     6.7093     2.8254     0.8132     0.0781    98.4399     0.0006     4.5946   18.62412    1.27552     55.493    26.5150    26.5091    1477.57          0      17733          2  0.000e+00
  430269029     91.150     91.946   3.398456   3.397834    33.8022    33.7952     6.7175     6.7177     6.7094     6.7096     2.8254     0.8132     0.0781    98.4399     0.0006     4.5946   18.67684    1.27915     55.651    26.5144    26.5089    1477.57          0      17734          2  0.000e+00
  430269177     70.643     71.256   3.406734   3.405987    33.6155    33.6092     7.0109     7.0090     7.0044     7.0025     2.5140     0.8376     0.0806    99.0154     0.0004     4.6215   24.00784    1.63521     71.155    26.3276    26.3229    1478.14          0      21296          3  0.000e+00
  430269177     70.712     71.326   3.406720   3.406013    33.6166    33.6096     7.0096     7.0088     7.0031     7.0023     2.5128     0.8376     0.0806    99.0416     0.0004     4.6227   23.89715    1.62770     70.828    26.3286    26.3233    1478.13          0      21297          3  0.000e+00
  430269177     70.712     71.326   3.406668   3.406013    33.6166    33.6107     7.0090     7.0077     7.0025     7.0013     2.5140     0.8364     0.0806    99.0416     0.0004     4.6227   23.86871    1.62579     70.745    26.3287    26.3242    1478.13          0      21298          3  0.000e+00
  430269177     70.737     71.351   3.406608   3.405948    33.6165    33.6104     7.0085     7.0073     7.0020     7.0008     2.5140     0.8376     0.0794    99.0416     0.0004     4.6227   23.77813    1.61964     70.478    26.3287    26.3241    1478.13          0      21299          3  0.000e+00
  430269177     70.762     71.376   3.406568   3.405910    33.6165    33.6104     7.0080     7.0069     7.0015     7.0004     2.5140     0.8364     0.0794    99.0416     0.0004     4.6227   23.74735    1.61756     70.387    26.3288    26.3241    1478.13          0      21300          3  0.000e+00
  430269177     70.762     71.376   3.406562   3.405884    33.6174    33.6108     7.0070     7.0061     7.0006     6.9997     2.5140     0.8376     0.0794    99.0416     0.0004     4.6227   23.72131    1.61581     70.311    26.3296    26.3245    1478.12          0      21301          3  0.000e+00
  430269177     70.762     71.376   3.406516   3.405878    33.6172    33.6114     7.0067     7.0055     7.0002     6.9990     2.5140     0.8352     0.0794    99.0154     0.0004     4.6215   23.70010    1.61438     70.249    26.3295    26.3251    1478.12          0      21302          3  0.000e+00
  430269177     70.824     71.439   3.406522   3.405826    33.6177    33.6112     7.0062     7.0050     6.9997     6.9986     2.5140     0.8352     0.0806    99.0416     0.0004     4.6227   23.68389    1.61329     70.201    26.3300    26.3250    1478.12          0      21303          3  0.000e+00
  430269177     70.855     71.470   3.406456   3.405788    33.6175    33.6114     7.0056     7.0044     6.9992     6.9979     2.5153     0.8352     0.0806    99.0416     0.0004     4.6227   23.60584    1.60800     69.971    26.3299    26.3253    1478.12          0      21304          3  0.000e+00
