ROS/FK009A_CTD009_20130820.ros
* Sea-Bird SBE 9 Data File:
* FileName = C:\Falkor-Data-2013\FK009A\CTD\FK009A_CTD009_20130820.hex
* Software Version Seasave V 7.21f
* Temperature SN = 5483
* Conductivity SN = 3916
* Number of Bytes Per Scan = 41
* Number of Voltage Words = 4
* Number of Scans Averaged by the Deck Unit = 1
* NMEA Latitude = 48 18.30 N
* NMEA Longitude = 126 03.32 W
* NMEA UTC (Time) = Aug 20 2013 04:59:49
* NMEA baud rate = 4800
** Ship: RV Falkor
** Station: BCC5
** Operator: Nathan Cunningham
# nquan = 27
# nvalues = 784                                   
# units = specified
# name 0 = timeQ: Time, NMEA [seconds]
# name 1 = depSM: Depth [salt water, m]
# name 2 = prDM: Pressure, Digiquartz [db]
# name 3 = c0S/m: Conductivity [S/m]
# name 4 = c1S/m: Conductivity, 2 [S/m]
# name 5 = sal00: Salinity, Practical [PSU]
# name 6 = sal11: Salinity, Practical, 2 [PSU]
# name 7 = t090C: Temperature [ITS-90, deg C]
# name 8 = t190C: Temperature, 2 [ITS-90, deg C]
# name 9 = potemp090C: Potential Temperature [ITS-90, deg C]
# name 10 = potemp190C: Potential Temperature, 2 [ITS-90, deg C]
# name 11 = v2: Voltage 2
# name 12 = v3: Voltage 3
# name 13 = v0: Voltage 0
# name 14 = CStarTr0: Beam Transmission, WET Labs C-Star [%]
# name 15 = CStarAt0: Beam Attenuation, WET Labs C-Star [1/m]
# name 16 = v5: Voltage 5
# name 17 = sbeox0PS: Oxygen, SBE 43 [% saturation]
# name 18 = sbeox0ML/L: Oxygen, SBE 43 [ml/l]
# name 19 = sbeox0Mm/Kg: Oxygen, SBE 43 [umol/Kg]
# name 20 = sigma-é00: Density [sigma-theta, Kg/m^3]
# name 21 = sigma-é11: Density, 2 [sigma-theta, Kg/m^3]
# name 22 = svCM: Sound Velocity [Chen-Millero, m/s]
# name 23 = modError: Modulo Error Count
# name 24 = scan: Scan Count
# name 25 = nbf: Bottles Fired
# name 26 = flag:  0.000e+00
# interval = seconds: 0.0416667
# start_time = Aug 20 2013 04:59:49 [NMEA time, first data scan]
# bad_flag = -9.990e-29
*END*
[from data line 323]
  430293367    401.573    405.380   3.335996   3.335801    34.0584    34.0569     5.6040     5.6034     5.5704     5.5698     3.1001     0.7338     0.0781   100.1926    -0.0001     4.6764   11.48865    0.80615     35.061    26.8617    26.8605    1478.62          0      81064          7  0.000e+00
  430293367    401.536    405.342   3.336107   3.335788    34.0583    34.0565     5.6054     5.6036     5.5718     5.5700     3.0989     0.7338     0.0781   100.1926    -0.0001     4.6764   11.43447    0.80232     34.894    26.8614    26.8602    1478.63          0      81065          7  0.000e+00
  430293367    401.492    405.298   3.336186   3.335877    34.0581    34.0570     5.6065     5.6042     5.5729     5.5706     3.0989     0.7350     0.0781   100.1926    -0.0001     4.6764   11.31164    0.79368     34.519    26.8611    26.8605    1478.63          0      81066          7  0.000e+00
  430293367    401.492    405.298   3.336238   3.335884    34.0577    34.0567     5.6075     5.6046     5.5739     5.5709     3.1001     0.7350     0.0781   100.1926    -0.0001     4.6764   11.32156    0.79436     34.548    26.8606    26.8602    1478.64          0      81067          7  0.000e+00
  430293367    401.448    405.253   3.336297   3.335915    34.0581    34.0565     5.6078     5.6051     5.5742     5.5715     3.0989     0.7338     0.0781   100.1926    -0.0001     4.6764   11.21946    0.78719     34.236    26.8609    26.8600    1478.64          0      81068          7  0.000e+00
  430293367    401.398    405.203   3.336324   3.336005    34.0578    34.0567     5.6085     5.6060     5.5748     5.5724     3.0989     0.7350     0.0781   100.1926    -0.0001     4.6764   11.25063    0.78937     34.331    26.8606    26.8600    1478.64          0      81069          7  0.000e+00
  430293367    401.385    405.190   3.336317   3.336049    34.0577    34.0567     5.6085     5.6064     5.5748     5.5728     3.0989     0.7326     0.0781   100.1926    -0.0001     4.6764   11.21319    0.78674     34.217    26.8605    26.8600    1478.64          0      81070          7  0.000e+00
  430293367    401.354    405.158   3.336317   3.336075    34.0576    34.0567     5.6086     5.6068     5.5750     5.5732     3.0989     0.7338     0.0794   100.1665    -0.0001     4.6752   11.17861    0.78431     34.111    26.8604    26.8599    1478.64          0      81071          7  0.000e+00
  430293367    401.304    405.107   3.336317   3.336081    34.0575    34.0565     5.6087     5.6070     5.5751     5.5734     3.0989     0.7350     0.0806   100.1926    -0.0001     4.6764   11.14688    0.78209     34.014    26.8603    26.8598    1478.64          0      81072          7  0.000e+00
  430293367    401.260    405.063   3.336324   3.336043    34.0575    34.0562     5.6088     5.6069     5.5752     5.5733     3.0989     0.7350     0.0794   100.1926    -0.0001     4.6764   11.40413    0.80013     34.799    26.8603    26.8595    1478.64          0      81073          7  0.000e+00
  430293367    401.260    405.063   3.336337   3.336049    34.0577    34.0565     5.6088     5.6067     5.5752     5.5731     3.0989     0.7338     0.0806   100.1926    -0.0001     4.6764   11.57423    0.81207     35.318    26.8605    26.8598    1478.64          0      81074          7  0.000e+00
  430293367    401.166    404.968   3.336343   3.336075    34.0576    34.0569     5.6090     5.6066     5.5754     5.5730     3.0989     0.7338     0.0794   100.1926    -0.0001     4.6764   11.64260    0.81686     35.527    26.8604    26.8601    1478.64          0      81075          7  0.000e+00
  430293367    401.166    404.968   3.336350   3.336062    34.0577    34.0564     5.6090     5.6070     5.5754     5.5734     3.0989     0.7338     0.0794   100.1926    -0.0001     4.6764   11.71110    0.82167     35.736    26.8605    26.8596    1478.64          0      81076          7  0.000e+00
  430293367    401.109    404.911   3.336343   3.336062    34.0578    34.0569     5.6088     5.6066     5.5752     5.5730     3.0989     0.7350     0.0794   100.1926    -0.0001     4.6764   11.70800    0.82145     35.726    26.8606    26.8601    1478.63          0      81077          7  0.000e+00
  430293367    401.028    404.829   3.336324   3.336049    34.0578    34.0567     5.6086     5.6066     5.5750     5.5730     3.0989     0.7338     0.0806   100.1926    -0.0001     4.6764   11.83466    0.83034     36.113    26.8606    26.8600    1478.63          0      81078          7  0.000e+00
  430293367    401.071    404.873   3.336324   3.336056    34.0578    34.0570     5.6086     5.6064     5.5750     5.5728     3.1001     0.7350     0.0806   100.1926    -0.0001     4.6764   11.81789    0.82917     36.062    26.8606    26.8602    1478.63          0      81079          7  0.000e+00
  430293367    400.977    404.778   3.336317   3.336037    34.0577    34.0566     5.6086     5.6066     5.5750     5.5730     3.0989     0.7338     0.0794   100.1926    -0.0001     4.6764   11.84423    0.83101     36.142    26.8605    26.8599    1478.63          0      81080          7  0.000e+00
  430293368    400.977    404.778   3.336337   3.336049    34.0581    34.0570     5.6085     5.6064     5.5749     5.5728     3.1001     0.7350     0.0794   100.1926    -0.0001     4.6764   11.87013    0.83283     36.221    26.8609    26.8602    1478.63          0      81081          7  0.000e+00
  430293368    400.934    404.734   3.336323   3.336024    34.0578    34.0568     5.6086     5.6063     5.5751     5.5727     3.0989     0.7350     0.0806   100.1926    -0.0001     4.6764   11.90978    0.83561     36.342    26.8606    26.8601    1478.63          0      81082          7  0.000e+00
  430293368    400.877    404.676   3.336297   3.336024    34.0577    34.0567     5.6085     5.6064     5.5749     5.5728     3.0989     0.7350     0.0806   100.1926    -0.0001     4.6764   11.94941    0.83840     36.463    26.8606    26.8600    1478.63          0      81083          7  0.000e+00
  430293603    299.791    302.558   3.366669   3.366422    34.0049    34.0032     6.0526     6.0516     6.0267     6.0257     2.8620     0.7668     0.0794   100.2449    -0.0001     4.6789   17.59309    1.22202     53.153    26.7630    26.7617    1478.66          0      86750          8  0.000e+00
  430293604    299.835    302.602   3.366669   3.366429    34.0051    34.0032     6.0524     6.0516     6.0265     6.0257     2.8620     0.7668     0.0781   100.2973    -0.0001     4.6813   17.60627    1.22294     53.193    26.7631    26.7618    1478.66          0      86751          8  0.000e+00
  430293604    299.873    302.640   3.366662   3.366435    34.0048    34.0030     6.0526     6.0519     6.0267     6.0260     2.8620     0.7656     0.0781   100.2973    -0.0001     4.6813   17.62051    1.22392     53.236    26.7629    26.7615    1478.66          0      86752          8  0.000e+00
  430293604    299.879    302.647   3.366662   3.366435    34.0050    34.0030     6.0524     6.0519     6.0265     6.0260     2.8620     0.7668     0.0794   100.2973    -0.0001     4.6813   17.63578    1.22499     53.282    26.7630    26.7615    1478.66          0      86753          8  0.000e+00
  430293604    299.929    302.697   3.366682   3.366416    34.0052    34.0030     6.0524     6.0516     6.0265     6.0257     2.8620     0.7656     0.0781   100.2973    -0.0001     4.6813   17.65223    1.22613     53.332    26.7632    26.7616    1478.66          0      86754          8  0.000e+00
  430293604    299.973    302.742   3.366695   3.366429    34.0053    34.0029     6.0524     6.0519     6.0265     6.0260     2.8620     0.7656     0.0781   100.2973    -0.0001     4.6813   17.65615    1.22640     53.343    26.7633    26.7614    1478.66          0      86755          8  0.000e+00
  430293604    299.929    302.697   3.366669   3.366435    34.0049    34.0033     6.0526     6.0516     6.0267     6.0257     2.8620     0.7668     0.0781   100.2973    -0.0001     4.6813   17.66040    1.22669     53.356    26.7629    26.7618    1478.66          0      86756          8  0.000e+00
  430293604    300.017    302.786   3.366682   3.366435    34.0048    34.0032     6.0528     6.0516     6.0269     6.0257     2.8620     0.7643     0.0781   100.2973    -0.0001     4.6813   17.66549    1.22704     53.371    26.7629    26.7618    1478.66          0      86757          8  0.000e+00
  430293604    300.023    302.792   3.366695   3.366435    34.0051    34.0031     6.0526     6.0517     6.0267     6.0258     2.8620     0.7668     0.0794   100.2973    -0.0001     4.6813   17.67096    1.22743     53.388    26.7631    26.7616    1478.66          0      86758          8  0.000e+00
  430293604    300.067    302.836   3.366695   3.366454    34.0051    34.0034     6.0526     6.0516     6.0267     6.0257     2.8620     0.7668     0.0781   100.2973    -0.0001     4.6813   17.67705    1.22785     53.406    26.7631    26.7619    1478.66          0      86759          8  0.000e+00
  430293604    300.111    302.881   3.366695   3.366467    34.0051    34.0037     6.0526     6.0514     6.0267     6.0255     2.8620     0.7656     0.0781   100.2973    -0.0001     4.6813   17.68369    1.22831     53.426    26.7631    26.7621    1478.66          0      86760          8  0.000e+00
  430293604    300.155    302.925   3.366669   3.366467    34.0049    34.0037     6.0524     6.0514     6.0265     6.0255     2.8620     0.7668     0.0781   100.2973    -0.0001     4.6813   17.69088    1.22882     53.448    26.7630    26.7621    1478.66          0      86761          8  0.000e+00
  430293604    300.161    302.931   3.366682   3.366467    34.0051    34.0033     6.0524     6.0517     6.0265     6.0258     2.8620     0.7656     0.0794   100.2973    -0.0001     4.6813   17.76844    1.23420     53.683    26.7631    26.7618    1478.66          0      86762          8  0.000e+00
  430293604    300.205    302.976   3.366695   3.366441    34.0050    34.0030     6.0526     6.0517     6.0267     6.0258     2.8620     0.7656     0.0781   100.2973    -0.0001     4.6813   17.78923    1.23564     53.745    26.7631    26.7616    1478.67          0      86763          8  0.000e+00
  430293604    300.255    303.026   3.366715   3.366461    34.0052    34.0032     6.0526     6.0517     6.0267     6.0258     2.8620     0.7643     0.0781   100.2973    -0.0001     4.6813   17.81005    1.23709     53.808    26.7632    26.7617    1478.67          0      86764          8  0.000e+00
  430293604    300.299    303.071   3.366722   3.366467    34.0051    34.0031     6.0528     6.0519     6.0268     6.0260     2.8620     0.7656     0.0781   100.2973    -0.0001     4.6813   17.76092    1.23367     53.660    26.7631    26.7616    1478.67          0      86765          8  0.000e+00
  430293604    300.336    303.109   3.366722   3.366467    34.0049    34.0033     6.0529     6.0517     6.0270     6.0258     2.8620     0.7668     0.0794   100.2973    -0.0001     4.6813   17.76917    1.23424     53.684    26.7629    26.7618    1478.67          0      86766          8  0.000e+00
  430293604    300.349    303.121   3.366722   3.366486    34.0049    34.0033     6.0529     6.0519     6.0270     6.0260     2.8620     0.7656     0.0781   100.2973    -0.0001     4.6813   17.84784    1.23970     53.922    26.7629    26.7618    1478.67          0      86767          8  0.000e+00
  430293604    300.436    303.210   3.366702   3.366499    34.0045    34.0034     6.0531     6.0519     6.0271     6.0259     2.8620     0.7668     0.0781   100.2973    -0.0001     4.6813   17.78628    1.23543     53.736    26.7626    26.7619    1478.67          0      86768          8  0.000e+00
  430293604    300.530    303.305   3.366735   3.366499    34.0051    34.0033     6.0528     6.0519     6.0268     6.0260     2.8620     0.7656     0.0794   100.2973    -0.0001     4.6813   17.78161    1.23511     53.722    26.7631    26.7618    1478.67          0      86769          8  0.000e+00
  430293604    300.480    303.254   3.366709   3.366499    34.0049    34.0034     6.0528     6.0519     6.0268     6.0259     2.8620     0.7668     0.0794   100.2973    -0.0001     4.6813   17.77659    1.23476     53.707    26.7629    26.7619    1478.67          0      86770          8  0.000e+00
  430293604    300.581    303.355   3.366597   3.366474    34.0042    34.0032     6.0521     6.0517     6.0262     6.0258     2.8620     0.7656     0.0781   100.2711    -0.0001     4.6801   17.82826    1.23837     53.864    26.7625    26.7617    1478.67          0      86771          8  0.000e+00
  430293604    300.624    303.400   3.366525   3.366486    34.0038    34.0032     6.0517     6.0519     6.0257     6.0259     2.8620     0.7668     0.0781   100.2711    -0.0001     4.6801   17.76553    1.23403     53.675    26.7622    26.7617    1478.67          0      86772          8  0.000e+00
  430293604    300.668    303.444   3.366551   3.366519    34.0046    34.0037     6.0512     6.0517     6.0252     6.0258     2.8620     0.7656     0.0794   100.2711    -0.0001     4.6801   17.84321    1.23944     53.910    26.7629    26.7621    1478.67          0      86773          8  0.000e+00
  430293604    300.762    303.539   3.366636   3.366551    34.0052    34.0038     6.0515     6.0519     6.0255     6.0259     2.8620     0.7656     0.0781   100.2711    -0.0001     4.6801   17.85049    1.23993     53.932    26.7633    26.7622    1478.67          0      86774          8  0.000e+00
  430293605    300.756    303.532   3.366702   3.366512    34.0055    34.0037     6.0519     6.0516     6.0260     6.0256     2.8620     0.7668     0.0794   100.2711    -0.0001     4.6801   17.85700    1.24036     53.951    26.7635    26.7622    1478.67          0      86775          8  0.000e+00
  430293605    300.856    303.634   3.366722   3.366519    34.0053    34.0037     6.0523     6.0516     6.0263     6.0256     2.8620     0.7656     0.0781   100.2711    -0.0001     4.6801   17.86321    1.24079     53.969    26.7633    26.7622    1478.68          0      86776          8  0.000e+00
  430293605    300.856    303.634   3.366768   3.366531    34.0053    34.0037     6.0528     6.0517     6.0268     6.0258     2.8620     0.7668     0.0794   100.2711    -0.0001     4.6801   17.86864    1.24115     53.985    26.7633    26.7621    1478.68          0      86777          8  0.000e+00
  430293605    300.900    303.678   3.366788   3.366531    34.0055    34.0039     6.0528     6.0516     6.0268     6.0256     2.8620     0.7668     0.0781   100.2711    -0.0001     4.6801   17.80371    1.23664     53.789    26.7635    26.7623    1478.68          0      86778          8  0.000e+00
  430293605    301.032    303.811   3.366808   3.366531    34.0057    34.0039     6.0528     6.0514     6.0268     6.0254     2.8620     0.7668     0.0781   100.2711    -0.0001     4.6801   17.87940    1.24190     54.017    26.7636    26.7624    1478.68          0      86779          8  0.000e+00
  430293605    301.044    303.823   3.366768   3.366506    34.0053    34.0038     6.0528     6.0513     6.0268     6.0253     2.8608     0.7668     0.0794   100.2711    -0.0001     4.6801   17.82802    1.23833     53.862    26.7632    26.7623    1478.68          0      86780          8  0.000e+00
  430293605    301.044    303.823   3.366755   3.366480    34.0053    34.0037     6.0526     6.0511     6.0266     6.0251     2.8608     0.7656     0.0781   100.2711    -0.0001     4.6801   17.90396    1.24361     54.092    26.7633    26.7622    1478.68          0      86781          8  0.000e+00
