ROS/FK009A_CTD011_20130820.ros
* Sea-Bird SBE 9 Data File:
* FileName = C:\Falkor-Data-2013\FK009A\CTD\FK009A_CTD011_20130820.hex
* Software Version Seasave V 7.21f
* Temperature SN = 5483
* Conductivity SN = 3916
* Number of Bytes Per Scan = 41
* Number of Voltage Words = 4
* Number of Scans Averaged by the Deck Unit = 1
* NMEA Latitude = 48 13.95 N
* NMEA Longitude = 126 11.50 W
* NMEA UTC (Time) = Aug 20 2013 09:04:09
* NMEA baud rate = 4800
** Ship: RV Falkor
** Station: BCC7
** Operator: CP
# nquan = 27
# nvalues = 1176                                  
# units = specified
# name 0 = timeQ: Time, NMEA [seconds]
# name 1 = depSM: Depth [salt water, m]
# name 2 = prDM: Pressure, Digiquartz [db]
# name 3 = c0S/m: Conductivity [S/m]
# name 4 = c1S/m: Conductivity, 2 [S/m]
# name 5 = sal00: Salinity, Practical [PSU]
# name 6 = sal11: Salinity, Practical, 2 [PSU]
# name 7 = t090C: Temperature [ITS-90, deg C]
# name 8 = t190C: Temperature, 2 [ITS-90, deg C]
# name 9 = potemp090C: Potential Temperature [ITS-90, deg C]
# name 10 = potemp190C: Potential Temperature, 2 [ITS-90, deg C]
# name 11 = v2: Voltage 2
# name 12 = v3: Voltage 3
# name 13 = v0: Voltage 0
# name 14 = CStarTr0: Beam Transmission, WET Labs C-Star [%]
# name 15 = CStarAt0: Beam Attenuation, WET Labs C-Star [1/m]
# name 16 = v5: Voltage 5
# name 17 = sbeox0PS: Oxygen, SBE 43 [% saturation]
# name 18 = sbeox0ML/L: Oxygen, SBE 43 [ml/l]
# name 19 = sbeox0Mm/Kg: Oxygen, SBE 43 [umol/Kg]
# name 20 = sigma-é00: Density [sigma-theta, Kg/m^3]
# name 21 = sigma-é11: Density, 2 [sigma-theta, Kg/m^3]
# name 22 = svCM: Sound Velocity [Chen-Millero, m/s]
# name 23 = modError: Modulo Error Count
# name 24 = scan: Scan Count
# name 25 = nbf: Bottles Fired
# name 26 = flag:  0.000e+00
# interval = seconds: 0.0416667
# start_time = Aug 20 2013 09:04:10 [NMEA time, first data scan]
# bad_flag = -9.990e-29
*END*
[from data line 1021]
  430311402     20.889     21.068   3.828812   3.828056    32.1035    32.1036    13.4087    13.4003    13.4059    13.3974     1.4396     1.3016     0.2991    92.4231     0.0032     4.3138   95.15778    5.69510    248.365    24.0698    24.0716    1498.47         13     162005         21  0.000e+00
  430311402     20.846     21.024   3.828183   3.828130    32.1014    32.1043    13.4043    13.4003    13.4015    13.3974     1.4408     1.3016     0.2991    92.4231     0.0032     4.3138   95.14135    5.69471    248.348    24.0690    24.0721    1498.46         13     162006         21  0.000e+00
  430311402     20.889     21.068   3.827449   3.828339    32.1035    32.1053    13.3936    13.4013    13.3907    13.3984     1.4408     1.2991     0.2979    92.4231     0.0032     4.3138   95.12449    5.69488    248.355    24.0728    24.0727    1498.42         13     162007         21  0.000e+00
  430311403     20.889     21.068   3.827214   3.828656    32.1050    32.1044    13.3893    13.4060    13.3864    13.4031     1.4408     1.3004     0.2991    92.4231     0.0032     4.3138   95.16775    5.69793    248.487    24.0748    24.0710    1498.41         13     162008         21  0.000e+00
  430311403     20.933     21.112   3.827256   3.828784    32.1067    32.1018    13.3876    13.4104    13.3848    13.4075     1.4408     1.3016     0.2991    92.4231     0.0032     4.3138   95.09235    5.69354    248.295    24.0765    24.0682    1498.41         13     162009         21  0.000e+00
  430311403     20.933     21.112   3.827297   3.827719    32.1064    32.0995    13.3884    13.4013    13.3856    13.3984     1.4408     1.3004     0.2991    92.4231     0.0032     4.3138   95.06885    5.69205    248.230    24.0761    24.0682    1498.41         13     162010         21  0.000e+00
  430311403     20.933     21.112   3.827325   3.826238    32.1060    32.1025    13.3893    13.3814    13.3864    13.3786     1.4408     1.2991     0.2991    92.4231     0.0032     4.3138   95.04359    5.69046    248.161    24.0756    24.0744    1498.41         13     162011         21  0.000e+00
  430311403     20.983     21.162   3.826875   3.825881    32.1037    32.1051    13.3869    13.3743    13.3841    13.3714     1.4408     1.3016     0.2991    92.4231     0.0032     4.3138   95.08000    5.69299    248.272    24.0743    24.0779    1498.40         13     162012         21  0.000e+00
  430311490     11.048     11.142   4.010848   4.011417    31.9832    31.9823    15.5650    15.5723    15.5633    15.5706     1.3895     1.4640     0.2051    91.5337     0.0035     4.2723   99.02318    5.67820    247.760    23.5251    23.5228    1505.14         13     164102         22  0.000e+00
  430311490     11.023     11.116   4.011158   4.012062    31.9833    31.9808    15.5683    15.5812    15.5666    15.5795     1.3895     1.4652     0.2063    91.5075     0.0035     4.2711   98.90594    5.67110    247.450    23.5244    23.5197    1505.15         13     164103         22  0.000e+00
  430311490     11.066     11.160   4.011390   4.011980    31.9831    31.9805    15.5710    15.5807    15.5693    15.5790     1.3895     1.4652     0.2063    91.5337     0.0035     4.2723   98.85953    5.66815    247.321    23.5237    23.5195    1505.15         13     164104         22  0.000e+00
  430311490     11.048     11.142   4.011383   4.011726    31.9817    31.9805    15.5727    15.5779    15.5710    15.5762     1.3895     1.4652     0.2051    91.5075     0.0035     4.2711   98.81297    5.66533    247.199    23.5222    23.5202    1505.16         13     164105         22  0.000e+00
  430311490     11.023     11.116   4.011186   4.011616    31.9812    31.9795    15.5712    15.5780    15.5695    15.5763     1.3895     1.4640     0.2051    91.5337     0.0035     4.2723   98.71301    5.65979    246.957    23.5222    23.5194    1505.15         13     164106         22  0.000e+00
  430311490     11.066     11.160   4.010932   4.011335    31.9814    31.9794    15.5682    15.5750    15.5665    15.5733     1.3883     1.4628     0.2051    91.5075     0.0035     4.2711   98.66932    5.65762    246.862    23.5230    23.5199    1505.14         13     164107         22  0.000e+00
  430311490     11.116     11.211   4.010721   4.010827    31.9814    31.9799    15.5658    15.5688    15.5641    15.5671     1.3883     1.4628     0.2051    91.5337     0.0035     4.2723   98.56520    5.65191    246.613    23.5235    23.5217    1505.14         13     164108         22  0.000e+00
  430311490     11.048     11.142   4.010714   4.010697    31.9822    31.9805    15.5648    15.5666    15.5631    15.5649     1.3883     1.4640     0.2051    91.5337     0.0035     4.2723   98.52331    5.64960    246.512    23.5243    23.5227    1505.13         13     164109         22  0.000e+00
  430311490     11.116     11.211   4.010925   4.010978    31.9844    31.9792    15.5643    15.5713    15.5626    15.5696     1.3895     1.4628     0.2051    91.5337     0.0035     4.2723   98.54678    5.65092    246.569    23.5262    23.5206    1505.14         13     164110         22  0.000e+00
  430311490     11.116     11.211   4.011172   4.010992    31.9854    31.9794    15.5658    15.5712    15.5641    15.5695     1.3895     1.4628     0.2051    91.5075     0.0035     4.2711   98.46297    5.64591    246.351    23.5266    23.5208    1505.14         13     164111         22  0.000e+00
  430311490     11.097     11.192   4.011489   4.010868    31.9851    31.9802    15.5697    15.5688    15.5680    15.5671     1.3895     1.4628     0.2051    91.5075     0.0035     4.2711   98.43542    5.64391    246.264    23.5255    23.5220    1505.15         13     164112         22  0.000e+00
  430311490     11.116     11.211   4.011715   4.011012    31.9837    31.9799    15.5739    15.5708    15.5722    15.5691     1.3907     1.4640     0.2063    91.5337     0.0035     4.2723   98.41056    5.64206    246.183    23.5235    23.5213    1505.17         13     164113         22  0.000e+00
  430311490     11.116     11.211   4.011778   4.011335    31.9818    31.9803    15.5769    15.5738    15.5752    15.5722     1.3907     1.4640     0.2051    91.5337     0.0035     4.2723   98.32587    5.63694    245.960    23.5214    23.5209    1505.17         13     164114         22  0.000e+00
  430311490     11.141     11.236   4.011764   4.011630    31.9811    31.9776    15.5776    15.5804    15.5759    15.5787     1.3895     1.4628     0.2051    91.5075     0.0035     4.2711   98.29814    5.63530    245.889    23.5207    23.5174    1505.17         13     164115         22  0.000e+00
  430311490     11.116     11.211   4.011750   4.011150    31.9820    31.9768    15.5764    15.5762    15.5747    15.5745     1.3895     1.4640     0.2051    91.4552     0.0036     4.2686   98.21836    5.63082    245.694    23.5216    23.5177    1505.17         13     164116         22  0.000e+00
  430311490     11.116     11.211   4.011813   4.010607    31.9822    31.9792    15.5767    15.5673    15.5750    15.5656     1.3895     1.4615     0.2051    91.3244     0.0036     4.2625   98.19630    5.62951    245.636    23.5218    23.5215    1505.17         13     164117         22  0.000e+00
  430311490     11.141     11.236   4.011926   4.010978    31.9823    31.9782    15.5779    15.5725    15.5762    15.5708     1.3895     1.4628     0.2051    91.2982     0.0036     4.2613   98.17773    5.62832    245.584    23.5215    23.5196    1505.18         13     164118         22  0.000e+00
  430311490     11.203     11.299   4.012173   4.010875    31.9812    31.9781    15.5819    15.5715    15.5802    15.5698     1.3895     1.4628     0.2051    91.2982     0.0036     4.2613   98.16289    5.62705    245.529    23.5198    23.5197    1505.19         13     164119         22  0.000e+00
  430311491     11.116     11.211   4.011856   4.010607    31.9793    31.9797    15.5808    15.5666    15.5791    15.5649     1.3895     1.4628     0.2076    91.3244     0.0036     4.2625   98.14916    5.62646    245.504    23.5186    23.5220    1505.18         13     164120         22  0.000e+00
  430311491     11.191     11.286   4.011320   4.010525    31.9805    31.9802    15.5734    15.5651    15.5717    15.5634     1.3895     1.4615     0.2100    91.2982     0.0036     4.2613   98.07854    5.62319    245.361    23.5212    23.5227    1505.16         13     164121         22  0.000e+00
  430311491     11.116     11.211   4.011087   4.010594    31.9804    31.9807    15.5710    15.5653    15.5693    15.5636     1.3895     1.4615     0.2112    91.3244     0.0036     4.2625   98.06396    5.62262    245.336    23.5216    23.5231    1505.15         13     164122         22  0.000e+00
  430311491     11.160     11.255   4.010523   4.010724    31.9799    31.9806    15.5655    15.5668    15.5638    15.5651     1.3895     1.4628     0.2125    91.3244     0.0036     4.2625   98.05416    5.62270    245.339    23.5224    23.5227    1505.14         13     164123         22  0.000e+00
  430311491     11.191     11.286   4.009953   4.010951    31.9806    31.9803    15.5583    15.5696    15.5566    15.5679     1.3895     1.4628     0.2112    91.3244     0.0036     4.2625   98.04760    5.62310    245.356    23.5246    23.5218    1505.11         13     164124         22  0.000e+00
  430311491     11.160     11.255   4.009607   4.011081    31.9822    31.9791    15.5525    15.5725    15.5508    15.5708     1.3883     1.4628     0.2112    91.3244     0.0036     4.2625   97.98204    5.61992    245.217    23.5271    23.5203    1505.10         13     164125         22  0.000e+00
  430311491     11.203     11.299   4.009671   4.011211    31.9828    31.9799    15.5525    15.5730    15.5508    15.5713     1.3883     1.4628     0.2112    91.3244     0.0036     4.2625   97.97562    5.61954    245.200    23.5275    23.5208    1505.10         13     164126         22  0.000e+00
  430311491     11.191     11.286   4.009692   4.011143    31.9835    31.9791    15.5519    15.5732    15.5502    15.5715     1.3883     1.4640     0.2112    91.3244     0.0036     4.2625   97.97229    5.61939    245.193    23.5282    23.5202    1505.10         13     164127         22  0.000e+00
  430311491     11.203     11.299   4.009734   4.010477    31.9833    31.9757    15.5525    15.5701    15.5508    15.5684     1.3883     1.4640     0.2125    91.3244     0.0036     4.2625   97.97310    5.61937    245.192    23.5279    23.5182    1505.10         13     164128         22  0.000e+00
  430311491     11.203     11.299   4.010016   4.009852    31.9827    31.9783    15.5564    15.5601    15.5547    15.5584     1.3883     1.4628     0.2112    91.3244     0.0036     4.2625   97.91591    5.61568    245.032    23.5266    23.5224    1505.11         13     164129         22  0.000e+00
  430311491     11.191     11.286   4.010129   4.009475    31.9823    31.9779    15.5581    15.5564    15.5564    15.5547     1.3883     1.4628     0.2112    91.3244     0.0036     4.2625   97.90889    5.61510    245.007    23.5259    23.5229    1505.12         13     164130         22  0.000e+00
  430311491     11.203     11.299   4.009713   4.008919    31.9823    31.9777    15.5536    15.5506    15.5519    15.5489     1.3883     1.4615     0.2112    91.2982     0.0036     4.2613   97.91357    5.61588    245.040    23.5269    23.5240    1505.10         13     164131         22  0.000e+00
  430311491     11.203     11.299   4.009417   4.008844    31.9835    31.9789    15.5489    15.5483    15.5472    15.5466     1.3883     1.4628     0.2112    91.3244     0.0036     4.2625   97.91431    5.61640    245.063    23.5289    23.5255    1505.09         13     164132         22  0.000e+00
  430311491     11.203     11.299   4.009445   4.009242    31.9839    31.9802    15.5487    15.5511    15.5470    15.5494     1.3883     1.4615     0.2112    91.3244     0.0036     4.2625   97.91904    5.61668    245.074    23.5292    23.5258    1505.09         13     164133         22  0.000e+00
  430311491     11.235     11.330   4.009685   4.009516    31.9844    31.9818    15.5507    15.5521    15.5490    15.5503     1.3883     1.4615     0.2112    91.3244     0.0036     4.2625   97.98191    5.62005    245.221    23.5291    23.5268    1505.10         13     164134         22  0.000e+00
  430311491     11.253     11.349   4.009910   4.009331    31.9835    31.9808    15.5542    15.5512    15.5525    15.5495     1.3883     1.4615     0.2112    91.2982     0.0036     4.2613   97.99365    5.62036    245.235    23.5277    23.5263    1505.11         13     164135         22  0.000e+00
  430311491     11.253     11.349   4.009988   4.008885    31.9833    31.9820    15.5554    15.5449    15.5537    15.5432     1.3883     1.4628     0.2125    91.2982     0.0036     4.2613   97.94645    5.61753    245.112    23.5272    23.5285    1505.11         13     164136         22  0.000e+00
  430311491     11.235     11.330   4.009974   4.008823    31.9823    31.9862    15.5564    15.5390    15.5547    15.5373     1.3883     1.4615     0.2112    91.2197     0.0037     4.2576   97.95668    5.61803    245.134    23.5263    23.5331    1505.11         13     164137         22  0.000e+00
  430311491     11.203     11.299   4.009861   4.009153    31.9809    31.9847    15.5569    15.5445    15.5552    15.5428     1.3883     1.4628     0.2125    91.1936     0.0037     4.2564   97.97021    5.61880    245.168    23.5251    23.5307    1505.11         13     164138         22  0.000e+00
  430311491     11.253     11.349   4.009114   4.008494    31.9783    31.9793    15.5519    15.5439    15.5502    15.5422     1.3883     1.4628     0.2112    91.1936     0.0037     4.2564   97.98796    5.62047    245.241    23.5242    23.5267    1505.09         13     164139         22  0.000e+00
  430311491     11.278     11.374   4.007930   4.007430    31.9788    31.9809    15.5383    15.5303    15.5366    15.5286     1.3883     1.4615     0.2112    91.1936     0.0037     4.2564   98.00856    5.62314    245.357    23.5275    23.5309    1505.05         13     164140         22  0.000e+00
  430311491     11.253     11.349   4.007556   4.006895    31.9808    31.9787    15.5317    15.5271    15.5300    15.5254     1.3883     1.4628     0.2112    91.1936     0.0037     4.2564   97.96265    5.62118    245.270    23.5306    23.5299    1505.03         13     164141         22  0.000e+00
  430311491     11.297     11.393   4.007754   4.006381    31.9824    31.9747    15.5319    15.5264    15.5302    15.5247     1.3871     1.4628     0.2112    91.1936     0.0037     4.2564   97.97551    5.62184    245.299    23.5317    23.5270    1505.03         13     164142         22  0.000e+00
  430311491     11.235     11.330   4.008113   4.006168    31.9858    31.9796    15.5317    15.5181    15.5300    15.5164     1.3883     1.4615     0.2112    91.1936     0.0037     4.2564   98.04442    5.62570    245.467    23.5344    23.5326    1505.04         13     164143         22  0.000e+00
  430311492     11.297     11.393   4.008684   4.006518    31.9859    31.9832    15.5378    15.5175    15.5361    15.5157     1.3883     1.4628     0.2125    91.1936     0.0037     4.2564   98.06373    5.62613    245.486    23.5332    23.5355    1505.06         13     164144         22  0.000e+00
  430311492     11.297     11.393   4.008895   4.006641    31.9845    31.9814    15.5418    15.5210    15.5401    15.5193     1.3883     1.4628     0.2112    91.1936     0.0037     4.2564   98.07715    5.62649    245.502    23.5312    23.5333    1505.07         13     164145         22  0.000e+00
