ROS/FK009A_CTD015_20130820.ros
* Sea-Bird SBE 9 Data File:
* FileName = C:\Falkor-Data-2013\FK009A\CTD\FK009A_CTD015_20130820.hex
* Software Version Seasave V 7.21f
* Temperature SN = 5483
* Conductivity SN = 3916
* Number of Bytes Per Scan = 41
* Number of Voltage Words = 4
* Number of Scans Averaged by the Deck Unit = 1
* NMEA Latitude = 48 25.88 N
* NMEA Longitude = 126 13.68 W
* NMEA UTC (Time) = Aug 20 2013 22:48:22
* NMEA baud rate = 4800
** Ship: RV Falkor
** Station: LC09
** Operator: CP
# nquan = 27
# nvalues = 637                                   
# units = specified
# name 0 = timeQ: Time, NMEA [seconds]
# name 1 = depSM: Depth [salt water, m]
# name 2 = prDM: Pressure, Digiquartz [db]
# name 3 = c0S/m: Conductivity [S/m]
# name 4 = c1S/m: Conductivity, 2 [S/m]
# name 5 = sal00: Salinity, Practical [PSU]
# name 6 = sal11: Salinity, Practical, 2 [PSU]
# name 7 = t090C: Temperature [ITS-90, deg C]
# name 8 = t190C: Temperature, 2 [ITS-90, deg C]
# name 9 = potemp090C: Potential Temperature [ITS-90, deg C]
# name 10 = potemp190C: Potential Temperature, 2 [ITS-90, deg C]
# name 11 = v2: Voltage 2
# name 12 = v3: Voltage 3
# name 13 = v0: Voltage 0
# name 14 = CStarTr0: Beam Transmission, WET Labs C-Star [%]
# name 15 = CStarAt0: Beam Attenuation, WET Labs C-Star [1/m]
# name 16 = v5: Voltage 5
# name 17 = sbeox0PS: Oxygen, SBE 43 [% saturation]
# name 18 = sbeox0ML/L: Oxygen, SBE 43 [ml/l]
# name 19 = sbeox0Mm/Kg: Oxygen, SBE 43 [umol/Kg]
# name 20 = sigma-é00: Density [sigma-theta, Kg/m^3]
# name 21 = sigma-é11: Density, 2 [sigma-theta, Kg/m^3]
# name 22 = svCM: Sound Velocity [Chen-Millero, m/s]
# name 23 = modError: Modulo Error Count
# name 24 = scan: Scan Count
# name 25 = nbf: Bottles Fired
# name 26 = flag:  0.000e+00
# interval = seconds: 0.0416667
# start_time = Aug 20 2013 22:48:23 [NMEA time, first data scan]
# bad_flag = -9.990e-29
*END*
[from data line 484]
  430357032     50.694     51.131   3.361032   3.360619    32.6803    32.6771     7.4781     7.4767     7.4733     7.4720     0.0000     0.0000     0.0842   100.3234    -0.0001     4.6825   76.09511    5.15939    224.683    25.5272    25.5249    1478.44          1      70308         10  0.000e+00
  430357032     50.694     51.131   3.361072   3.360683    32.6807    32.6779     7.4781     7.4766     7.4733     7.4719     0.0000     0.0000     0.0842   100.3234    -0.0001     4.6825   76.10026    5.15973    224.698    25.5275    25.5255    1478.44          1      70309         10  0.000e+00
  430357032     50.644     51.081   3.361065   3.360722    32.6804    32.6783     7.4784     7.4766     7.4736     7.4719     0.0000     0.0000     0.0842   100.2973    -0.0001     4.6813   76.10441    5.15999    224.709    25.5272    25.5259    1478.44          1      70310         10  0.000e+00
  430357032     50.657     51.094   3.361039   3.360690    32.6803    32.6779     7.4781     7.4767     7.4733     7.4720     0.0000     0.0000     0.0842   100.3234    -0.0001     4.6825   76.10878    5.16032    224.723    25.5272    25.5255    1478.44          1      70311         10  0.000e+00
  430357032     50.644     51.081   3.361006   3.360651    32.6801    32.6776     7.4779     7.4766     7.4732     7.4719     0.0000     0.0000     0.0855   100.3234    -0.0001     4.6825   76.10072    5.15980    224.701    25.5271    25.5253    1478.44          1      70312         10  0.000e+00
  430357032     50.601     51.037   3.360999   3.360574    32.6800    32.6769     7.4780     7.4765     7.4733     7.4718     0.0000     0.0000     0.0855   100.3234    -0.0001     4.6825   76.02535    5.15468    224.478    25.5270    25.5247    1478.44          1      70313         10  0.000e+00
  430357146     31.182     31.449   3.441370   3.442307    32.3917    32.3901     8.7175     8.7299     8.7143     8.7267     0.0000     0.0000     0.1074    99.5386     0.0002     4.6459   85.32337    5.63610    245.540    25.1201    25.1169    1482.46          1      73047         11  0.000e+00
  430357146     31.275     31.544   3.441277   3.442248    32.3912    32.3892     8.7169     8.7301     8.7137     8.7269     0.0000     0.0000     0.1074    99.5648     0.0002     4.6471   85.32796    5.63650    245.558    25.1198    25.1163    1482.46          1      73048         11  0.000e+00
  430357146     31.275     31.544   3.441005   3.441751    32.3912    32.3868     8.7138     8.7271     8.7106     8.7239     0.0000     0.0000     0.1062    99.5648     0.0002     4.6471   85.26803    5.63293    245.402    25.1203    25.1148    1482.45          1      73049         11  0.000e+00
  430357146     31.275     31.544   3.440853   3.441157    32.3914    32.3859     8.7118     8.7213     8.7086     8.7181     0.0000     0.0000     0.1062    99.5386     0.0002     4.6459   85.31840    5.63650    245.557    25.1208    25.1150    1482.44          1      73050         11  0.000e+00
  430357146     31.225     31.493   3.440786   3.440846    32.3904    32.3883     8.7122     8.7151     8.7090     8.7119     0.0000     0.0000     0.1050    99.5386     0.0002     4.6459   85.31431    5.63622    245.545    25.1199    25.1178    1482.44          1      73051         11  0.000e+00
  430357146     31.275     31.544   3.440793   3.440956    32.3913    32.3908     8.7113     8.7137     8.7081     8.7105     0.0000     0.0000     0.1074    99.5648     0.0002     4.6471   85.32327    5.63689    245.575    25.1207    25.1200    1482.44          1      73052         11  0.000e+00
  430357146     31.275     31.544   3.440806   3.441105    32.3913    32.3896     8.7114     8.7166     8.7082     8.7134     0.0000     0.0000     0.1074    99.5648     0.0002     4.6471   85.32194    5.63679    245.570    25.1208    25.1186    1482.44          1      73053         11  0.000e+00
  430357146     31.275     31.544   3.440826   3.441092    32.3928    32.3912     8.7100     8.7148     8.7068     8.7116     0.0000     0.0000     0.1062    99.5648     0.0002     4.6471   85.32164    5.63689    245.574    25.1221    25.1201    1482.44          1      73054         11  0.000e+00
  430357146     31.319     31.588   3.440693   3.441027    32.3923    32.3907     8.7090     8.7145     8.7058     8.7113     0.0000     0.0000     0.1062    99.5386     0.0002     4.6459   85.32267    5.63710    245.584    25.1219    25.1198    1482.43          1      73055         11  0.000e+00
  430357146     31.275     31.544   3.440508   3.440801    32.3928    32.3900     8.7064     8.7127     8.7031     8.7095     0.0000     0.0000     0.1062    99.5386     0.0002     4.6459   85.32377    5.63749    245.600    25.1227    25.1195    1482.42          1      73056         11  0.000e+00
  430357146     31.319     31.588   3.440348   3.440498    32.3931    32.3902     8.7042     8.7090     8.7010     8.7058     0.0000     0.0000     0.1074    99.5648     0.0002     4.6471   85.32666    5.63794    245.620    25.1232    25.1203    1482.42          1      73057         11  0.000e+00
  430357146     31.369     31.638   3.440209   3.440310    32.3929    32.3907     8.7028     8.7064     8.6996     8.7031     0.0000     0.0000     0.1062    99.5648     0.0002     4.6471   85.26534    5.63407    245.451    25.1233    25.1210    1482.41          1      73058         11  0.000e+00
  430357147     31.319     31.588   3.440109   3.440201    32.3926    32.3920     8.7020     8.7037     8.6988     8.7005     0.0000     0.0000     0.1062    99.5386     0.0002     4.6459   85.32381    5.63805    245.624    25.1232    25.1224    1482.41          1      73059         11  0.000e+00
  430357147     31.319     31.588   3.440090   3.440104    32.3933    32.3925     8.7010     8.7020     8.6978     8.6988     0.0000     0.0000     0.1062    99.5386     0.0002     4.6459   85.32917    5.63850    245.644    25.1239    25.1231    1482.40          1      73060         11  0.000e+00
  430357147     31.369     31.638   3.440090   3.440039    32.3933    32.3921     8.7010     8.7017     8.6978     8.6985     0.0000     0.0000     0.1062    99.5386     0.0002     4.6459   85.33586    5.63894    245.663    25.1238    25.1228    1482.40          1      73061         11  0.000e+00
  430357147     31.319     31.588   3.440063   3.440065    32.3936    32.3925     8.7004     8.7016     8.6972     8.6984     0.0000     0.0000     0.1062    99.5648     0.0002     4.6471   85.34239    5.63944    245.685    25.1242    25.1232    1482.40          1      73062         11  0.000e+00
  430357147     31.369     31.638   3.440010   3.440058    32.3933    32.3924     8.7001     8.7016     8.6969     8.6984     0.0000     0.0000     0.1074    99.5648     0.0002     4.6471   85.28579    5.63575    245.524    25.1240    25.1231    1482.40          1      73063         11  0.000e+00
  430357147     31.319     31.588   3.439970   3.440013    32.3932    32.3918     8.6997     8.7017     8.6965     8.6985     0.0000     0.0000     0.1062    99.5648     0.0002     4.6471   85.28396    5.63568    245.521    25.1240    25.1226    1482.40          1      73064         11  0.000e+00
  430357147     31.413     31.682   3.440010   3.439994    32.3936    32.3920     8.6997     8.7012     8.6965     8.6980     0.0000     0.0000     0.1062    99.5386     0.0002     4.6459   85.28499    5.63573    245.523    25.1243    25.1229    1482.40          1      73065         11  0.000e+00
  430357147     31.369     31.638   3.440050   3.439968    32.3934    32.3923     8.7004     8.7006     8.6972     8.6974     0.0000     0.0000     0.1062    99.5386     0.0002     4.6459   85.28575    5.63570    245.522    25.1241    25.1232    1482.40          1      73066         11  0.000e+00
  430357147     31.369     31.638   3.440103   3.439936    32.3937    32.3923     8.7007     8.7003     8.6975     8.6971     0.0000     0.0000     0.1062    99.5386     0.0002     4.6459   85.28835    5.63583    245.527    25.1242    25.1232    1482.40          1      73067         11  0.000e+00
  430357147     31.369     31.638   3.440143   3.439949    32.3932    32.3926     8.7016     8.7001     8.6984     8.6969     0.0000     0.0000     0.1062    99.5386     0.0002     4.6459   85.35728    5.64028    245.721    25.1237    25.1235    1482.41          1      73068         11  0.000e+00
  430357147     31.413     31.682   3.440196   3.439981    32.3930    32.3925     8.7025     8.7006     8.6993     8.6974     0.0000     0.0000     0.1050    99.5386     0.0002     4.6459   85.36205    5.64050    245.731    25.1234    25.1233    1482.41          1      73069         11  0.000e+00
  430357147     31.369     31.638   3.440189   3.439994    32.3927    32.3928     8.7028     8.7004     8.6996     8.6972     0.0000     0.0000     0.1050    99.5386     0.0002     4.6459   85.36636    5.64075    245.742    25.1231    25.1236    1482.41          1      73070         11  0.000e+00
  430357147     31.456     31.726   3.440222   3.439968    32.3927    32.3928     8.7031     8.7001     8.6999     8.6969     0.0000     0.0000     0.1050    99.5648     0.0002     4.6471   85.30747    5.63682    245.571    25.1231    25.1236    1482.41          1      73071         11  0.000e+00
  430357147     31.369     31.638   3.440289   3.439981    32.3928    32.3925     8.7038     8.7006     8.7006     8.6974     0.0000     0.0000     0.1050    99.5648     0.0002     4.6471   85.30206    5.63638    245.552    25.1231    25.1233    1482.41          1      73072         11  0.000e+00
  430357147     31.456     31.726   3.440169   3.440013    32.3923    32.3925     8.7030     8.7009     8.6997     8.6977     0.0000     0.0000     0.1050    99.5386     0.0002     4.6459   85.29959    5.63634    245.550    25.1228    25.1233    1482.41          1      73073         11  0.000e+00
  430357147     31.413     31.682   3.440096   3.440000    32.3927    32.3925     8.7016     8.7008     8.6984     8.6976     0.0000     0.0000     0.1050    99.5648     0.0002     4.6471   85.29662    5.63629    245.548    25.1233    25.1233    1482.41          1      73074         11  0.000e+00
  430357147     31.413     31.682   3.440109   3.440013    32.3932    32.3924     8.7013     8.7011     8.6981     8.6979     0.0000     0.0000     0.1050    99.5648     0.0002     4.6471   85.29490    5.63620    245.544    25.1237    25.1231    1482.41          1      73075         11  0.000e+00
  430357147     31.456     31.726   3.440096   3.440000    32.3930    32.3922     8.7013     8.7011     8.6981     8.6979     0.0000     0.0000     0.1050    99.5648     0.0002     4.6471   85.29449    5.63618    245.543    25.1236    25.1230    1482.41          1      73076         11  0.000e+00
  430357147     31.413     31.682   3.440063   3.440000    32.3927    32.3925     8.7013     8.7008     8.6981     8.6976     0.0000     0.0000     0.1050    99.5386     0.0002     4.6459   85.29402    5.63616    245.542    25.1233    25.1233    1482.41          1      73077         11  0.000e+00
  430357147     31.456     31.726   3.440056   3.439994    32.3929    32.3924     8.7010     8.7008     8.6978     8.6976     0.0000     0.0000     0.1050    99.5386     0.0002     4.6459   85.30637    5.63701    245.579    25.1235    25.1232    1482.41          1      73078         11  0.000e+00
  430357147     31.456     31.726   3.440010   3.439942    32.3925    32.3919     8.7009     8.7008     8.6976     8.6976     0.0000     0.0000     0.1050    99.5648     0.0002     4.6471   85.24350    5.63288    245.399    25.1233    25.1228    1482.40          1      73079         11  0.000e+00
  430357147     31.456     31.726   3.439997   3.439949    32.3928    32.3921     8.7004     8.7006     8.6972     8.6974     0.0000     0.0000     0.1062    99.5648     0.0002     4.6471   85.22556    5.63175    245.350    25.1236    25.1230    1482.40          1      73080         11  0.000e+00
  430357147     31.463     31.732   3.439970   3.439936    32.3928    32.3923     8.7001     8.7003     8.6969     8.6971     0.0000     0.0000     0.1062    99.5648     0.0002     4.6471   85.20855    5.63066    245.303    25.1236    25.1232    1482.40          1      73081         11  0.000e+00
  430357147     31.506     31.776   3.439983   3.439949    32.3933    32.3924     8.6997     8.7003     8.6965     8.6971     0.0000     0.0000     0.1050    99.5386     0.0002     4.6459   85.20380    5.63038    245.290    25.1241    25.1233    1482.40          1      73082         11  0.000e+00
  430357148     31.456     31.726   3.439950   3.439981    32.3930    32.3926     8.6997     8.7004     8.6965     8.6972     0.0000     0.0000     0.1050    99.5648     0.0002     4.6471   85.19931    5.63009    245.278    25.1238    25.1234    1482.40          1      73083         11  0.000e+00
  430357148     31.506     31.777   3.439937   3.440058    32.3930    32.3927     8.6996     8.7012     8.6963     8.6980     0.0000     0.0000     0.1050    99.5648     0.0002     4.6471   85.20820    5.63070    245.304    25.1238    25.1233    1482.40          1      73084         11  0.000e+00
  430357148     31.463     31.732   3.439957   3.440104    32.3930    32.3924     8.6997     8.7020     8.6965     8.6988     0.0000     0.0000     0.1050    99.5386     0.0002     4.6459   85.20683    5.63059    245.299    25.1239    25.1230    1482.40          1      73085         11  0.000e+00
  430357148     31.506     31.777   3.439944   3.440091    32.3927    32.3921     8.6999     8.7022     8.6967     8.6990     0.0000     0.0000     0.1050    99.5648     0.0002     4.6471   85.19676    5.62991    245.270    25.1236    25.1227    1482.40          1      73086         11  0.000e+00
  430357148     31.506     31.777   3.439910   3.439987    32.3927    32.3916     8.6996     8.7016     8.6963     8.6984     0.0000     0.0000     0.1050    99.5648     0.0002     4.6471   85.26319    5.63435    245.463    25.1236    25.1225    1482.40          1      73087         11  0.000e+00
  430357148     31.550     31.821   3.439851   3.439910    32.3927    32.3920     8.6988     8.7003     8.6955     8.6971     0.0000     0.0000     0.1050    99.5648     0.0002     4.6471   85.21139    5.63102    245.318    25.1238    25.1229    1482.40          1      73088         11  0.000e+00
  430357148     31.506     31.777   3.439764   3.439852    32.3932    32.3923     8.6973     8.6993     8.6941     8.6961     0.0000     0.0000     0.1050    99.5648     0.0002     4.6471   85.14949    5.62709    245.147    25.1244    25.1233    1482.39          1      73089         11  0.000e+00
  430357148     31.506     31.777   3.439725   3.439819    32.3934    32.3922     8.6967     8.6990     8.6935     8.6958     0.0000     0.0000     0.1050    99.5648     0.0002     4.6471   85.20937    5.63112    245.322    25.1246    25.1233    1482.39          1      73090         11  0.000e+00
  430357148     31.550     31.821   3.439665   3.439781    32.3930    32.3922     8.6964     8.6985     8.6931     8.6953     0.0000     0.0000     0.1050    99.5648     0.0002     4.6471   85.21645    5.63165    245.345    25.1243    25.1234    1482.39          1      73091         11  0.000e+00
  430357148     31.550     31.821   3.439632   3.439794    32.3929    32.3925     8.6962     8.6984     8.6929     8.6952     0.0000     0.0000     0.1050    99.5648     0.0002     4.6471   85.21340    5.63148    245.338    25.1243    25.1236    1482.39          1      73092         11  0.000e+00
