ROS/FK009A_CTD034_20130826.ros
* Sea-Bird SBE 9 Data File:
* FileName = C:\Falkor-Data-2013\FK009A\CTD\FK009A_CTD034_20130826.hex
* Software Version Seasave V 7.21f
* Temperature SN = 5483
* Conductivity SN = 3916
* Number of Bytes Per Scan = 41
* Number of Voltage Words = 4
* Number of Scans Averaged by the Deck Unit = 1
* NMEA Latitude = 48 39.37 N
* NMEA Longitude = 125 34.59 W
* NMEA UTC (Time) = Aug 26 2013 21:47:53
* NMEA baud rate = 4800
** Ship: RV Falkor
** Station: Susan01
** Operator: CP
# nquan = 27
# nvalues = 588                                   
# units = specified
# name 0 = timeQ: Time, NMEA [seconds]
# name 1 = depSM: Depth [salt water, m]
# name 2 = prDM: Pressure, Digiquartz [db]
# name 3 = c0S/m: Conductivity [S/m]
# name 4 = c1S/m: Conductivity, 2 [S/m]
# name 5 = sal00: Salinity, Practical [PSU]
# name 6 = sal11: Salinity, Practical, 2 [PSU]
# name 7 = t090C: Temperature [ITS-90, deg C]
# name 8 = t190C: Temperature, 2 [ITS-90, deg C]
# name 9 = potemp090C: Potential Temperature [ITS-90, deg C]
# name 10 = potemp190C: Potential Temperature, 2 [ITS-90, deg C]
# name 11 = v2: Voltage 2
# name 12 = v3: Voltage 3
# name 13 = v0: Voltage 0
# name 14 = CStarTr0: Beam Transmission, WET Labs C-Star [%]
# name 15 = CStarAt0: Beam Attenuation, WET Labs C-Star [1/m]
# name 16 = v5: Voltage 5
# name 17 = sbeox0PS: Oxygen, SBE 43 [% saturation]
# name 18 = sbeox0ML/L: Oxygen, SBE 43 [ml/l]
# name 19 = sbeox0Mm/Kg: Oxygen, SBE 43 [umol/Kg]
# name 20 = sigma-é00: Density [sigma-theta, Kg/m^3]
# name 21 = sigma-é11: Density, 2 [sigma-theta, Kg/m^3]
# name 22 = svCM: Sound Velocity [Chen-Millero, m/s]
# name 23 = modError: Modulo Error Count
# name 24 = scan: Scan Count
# name 25 = nbf: Bottles Fired
# name 26 = flag:  0.000e+00
# interval = seconds: 0.0416667
# start_time = Aug 26 2013 21:47:53 [NMEA time, first data scan]
# bad_flag = -9.990e-29
*END*
  430869512    192.932    194.669   3.401634   3.401378    33.7298    33.7289     6.7756     6.7737     6.7581     6.7562     0.0000     0.0000     0.0794    94.1497     0.0024     4.3944   19.02596    1.30194     56.646    26.4509    26.4504    1479.39          0      15324          1  0.000e+00
  430869512    192.864    194.599   3.401634   3.401384    33.7297    33.7287     6.7758     6.7741     6.7583     6.7566     0.0000     0.0000     0.0806    94.1497     0.0024     4.3944   19.02021    1.30154     56.629    26.4508    26.4502    1479.39          0      15325          1  0.000e+00
  430869512    192.839    194.574   3.401607   3.401417    33.7296    33.7286     6.7756     6.7745     6.7581     6.7570     0.0000     0.0000     0.0794    94.1497     0.0024     4.3944   19.01457    1.30116     56.612    26.4507    26.4501    1479.39          0      15326          1  0.000e+00
  430869512    192.770    194.505   3.401647   3.401429    33.7299    33.7291     6.7758     6.7742     6.7583     6.7567     0.0000     0.0000     0.0794    94.1497     0.0024     4.3944   19.08962    1.30629     56.835    26.4509    26.4505    1479.39          0      15327          1  0.000e+00
  430869512    192.745    194.479   3.401647   3.401429    33.7299    33.7288     6.7758     6.7745     6.7583     6.7570     0.0000     0.0000     0.0806    94.2020     0.0024     4.3968   19.04073    1.30294     56.690    26.4509    26.4502    1479.39          0      15328          1  0.000e+00
  430869512    192.720    194.454   3.401587   3.401449    33.7291    33.7288     6.7760     6.7747     6.7585     6.7572     0.0000     0.0000     0.0794    94.2281     0.0024     4.3980   19.03558    1.30259     56.675    26.4503    26.4502    1479.38          0      15329          1  0.000e+00
  430869512    192.651    194.385   3.401640   3.401481    33.7296    33.7294     6.7761     6.7745     6.7586     6.7570     0.0000     0.0000     0.0781    94.2020     0.0024     4.3968   19.09845    1.30688     56.861    26.4506    26.4507    1479.38          0      15330          1  0.000e+00
  430869512    192.632    194.366   3.401640   3.401442    33.7296    33.7287     6.7761     6.7748     6.7586     6.7573     0.0000     0.0000     0.0781    94.2020     0.0024     4.3968   19.03689    1.30267     56.678    26.4506    26.4501    1479.38          0      15331          1  0.000e+00
  430869512    192.607    194.340   3.401634   3.401449    33.7295    33.7289     6.7761     6.7747     6.7586     6.7572     0.0000     0.0000     0.0781    94.2020     0.0024     4.3968   19.09936    1.30695     56.864    26.4506    26.4503    1479.38          0      15332          1  0.000e+00
  430869512    192.564    194.296   3.401634   3.401461    33.7297    33.7292     6.7760     6.7745     6.7585     6.7570     0.0000     0.0000     0.0781    94.2020     0.0024     4.3968   19.11803    1.30823     56.920    26.4507    26.4505    1479.38          0      15333          1  0.000e+00
  430869512    192.495    194.227   3.401653   3.401461    33.7296    33.7291     6.7763     6.7747     6.7588     6.7572     0.0000     0.0000     0.0781    94.2020     0.0024     4.3968   19.06851    1.30483     56.772    26.4506    26.4504    1479.38          0      15334          1  0.000e+00
  430869512    192.420    194.151   3.401640   3.401461    33.7298    33.7293     6.7760     6.7745     6.7585     6.7571     0.0000     0.0000     0.0781    94.2020     0.0024     4.3968   19.06276    1.30444     56.755    26.4508    26.4506    1479.38          0      15335          1  0.000e+00
  430869512    192.445    194.176   3.401634   3.401410    33.7294    33.7286     6.7763     6.7747     6.7588     6.7572     0.0000     0.0000     0.0781    94.2281     0.0024     4.3980   19.05723    1.30406     56.738    26.4505    26.4500    1479.38          0      15336          1  0.000e+00
  430869512    192.376    194.107   3.401634   3.401416    33.7298    33.7288     6.7760     6.7745     6.7585     6.7571     0.0000     0.0000     0.0781    94.2020     0.0024     4.3968   19.05149    1.30367     56.722    26.4508    26.4502    1479.38          0      15337          1  0.000e+00
  430869512    192.351    194.082   3.401607   3.401429    33.7295    33.7291     6.7760     6.7744     6.7585     6.7569     0.0000     0.0000     0.0769    94.2020     0.0024     4.3968   19.04585    1.30329     56.705    26.4506    26.4505    1479.38          0      15338          1  0.000e+00
  430869512    192.282    194.012   3.401633   3.401403    33.7300    33.7290     6.7758     6.7742     6.7583     6.7568     0.0000     0.0000     0.0781    94.2020     0.0024     4.3968   19.04010    1.30290     56.688    26.4510    26.4504    1479.38          0      15339          1  0.000e+00
  430869512    192.239    193.968   3.401633   3.401416    33.7297    33.7289     6.7761     6.7745     6.7587     6.7570     0.0000     0.0000     0.0781    94.2281     0.0024     4.3980   19.03440    1.30250     56.671    26.4507    26.4503    1479.38          0      15340          1  0.000e+00
  430869512    192.214    193.943   3.401607   3.401403    33.7296    33.7287     6.7760     6.7745     6.7585     6.7571     0.0000     0.0000     0.0781    94.2281     0.0024     4.3980   19.04145    1.30299     56.692    26.4506    26.4502    1479.38          0      15341          1  0.000e+00
  430869512    192.189    193.918   3.401581   3.401397    33.7294    33.7287     6.7758     6.7745     6.7584     6.7571     0.0000     0.0000     0.0781    94.2020     0.0024     4.3968   19.04901    1.30351     56.715    26.4506    26.4501    1479.38          0      15342          1  0.000e+00
  430869512    192.120    193.848   3.401594   3.401416    33.7296    33.7289     6.7758     6.7745     6.7584     6.7571     0.0000     0.0000     0.0781    94.2281     0.0024     4.3980   19.11238    1.30785     56.903    26.4507    26.4503    1479.37          0      15343          1  0.000e+00
  430869512    192.101    193.829   3.401600   3.401429    33.7296    33.7291     6.7760     6.7745     6.7585     6.7571     0.0000     0.0000     0.0781    94.2281     0.0024     4.3980   19.05132    1.30366     56.721    26.4506    26.4504    1479.37          0      15344          1  0.000e+00
  430869512    192.032    193.760   3.401600   3.401378    33.7296    33.7284     6.7760     6.7747     6.7585     6.7572     0.0000     0.0000     0.0781    94.2020     0.0024     4.3968   19.04608    1.30330     56.706    26.4506    26.4499    1479.37          0      15345          1  0.000e+00
  430869512    192.051    193.779   3.401620   3.401410    33.7301    33.7286     6.7756     6.7748     6.7582     6.7574     0.0000     0.0000     0.0781    94.2020     0.0024     4.3968   19.04107    1.30297     56.691    26.4511    26.4500    1479.37          0      15346          1  0.000e+00
  430869513    191.964    193.691   3.401607   3.401403    33.7299    33.7287     6.7758     6.7747     6.7584     6.7573     0.0000     0.0000     0.0781    94.2020     0.0024     4.3968   19.10388    1.30726     56.878    26.4509    26.4501    1479.37          0      15347          1  0.000e+00
  430869513    191.982    193.709   3.401600   3.401397    33.7298    33.7288     6.7758     6.7745     6.7584     6.7571     0.0000     0.0000     0.0781    94.2020     0.0024     4.3968   19.12321    1.30859     56.935    26.4508    26.4502    1479.37          0      15348          1  0.000e+00
  430869513    191.914    193.640   3.401607   3.401416    33.7300    33.7289     6.7756     6.7747     6.7582     6.7573     0.0000     0.0000     0.0781    94.2020     0.0024     4.3968   19.07422    1.30524     56.790    26.4510    26.4503    1479.37          0      15349          1  0.000e+00
  430869513    191.895    193.621   3.401600   3.401378    33.7298    33.7283     6.7758     6.7748     6.7584     6.7574     0.0000     0.0000     0.0781    94.2020     0.0024     4.3968   19.13720    1.30954     56.977    26.4508    26.4498    1479.37          0      15350          1  0.000e+00
  430869513    191.870    193.596   3.401600   3.401410    33.7300    33.7288     6.7756     6.7747     6.7582     6.7573     0.0000     0.0000     0.0781    94.2020     0.0024     4.3968   19.08832    1.30620     56.832    26.4510    26.4502    1479.37          0      15351          1  0.000e+00
  430869513    191.801    193.527   3.401600   3.401378    33.7299    33.7284     6.7758     6.7748     6.7584     6.7574     0.0000     0.0000     0.0781    94.2020     0.0024     4.3968   19.08307    1.30584     56.816    26.4509    26.4498    1479.37          0      15352          1  0.000e+00
  430869513    191.820    193.545   3.401620   3.401410    33.7302    33.7289     6.7756     6.7747     6.7582     6.7573     0.0000     0.0000     0.0781    94.2020     0.0024     4.3968   19.09073    1.30636     56.839    26.4512    26.4502    1479.37          0      15353          1  0.000e+00
  430869513    191.776    193.501   3.401587   3.401403    33.7299    33.7287     6.7756     6.7748     6.7582     6.7574     0.0000     0.0000     0.0769    94.2020     0.0024     4.3968   19.08606    1.30605     56.825    26.4509    26.4501    1479.37          0      15354          1  0.000e+00
  430869513    191.751    193.476   3.401594   3.401397    33.7298    33.7286     6.7758     6.7748     6.7584     6.7574     0.0000     0.0000     0.0794    94.2020     0.0024     4.3968   19.08142    1.30573     56.811    26.4508    26.4500    1479.37          0      15355          1  0.000e+00
  430869513    191.682    193.407   3.401580   3.401397    33.7295    33.7288     6.7760     6.7747     6.7586     6.7573     0.0000     0.0000     0.0794    94.2020     0.0024     4.3968   19.07668    1.30540     56.797    26.4506    26.4502    1479.37          0      15356          1  0.000e+00
  430869513    191.707    193.432   3.401594   3.401371    33.7298    33.7283     6.7758     6.7748     6.7584     6.7574     0.0000     0.0000     0.0781    94.2020     0.0024     4.3968   19.05950    1.30423     56.746    26.4508    26.4498    1479.37          0      15357          1  0.000e+00
  430869513    191.639    193.362   3.401600   3.401365    33.7298    33.7284     6.7760     6.7747     6.7586     6.7573     0.0000     0.0000     0.0781    94.2020     0.0024     4.3968   19.05425    1.30386     56.730    26.4508    26.4499    1479.37          0      15358          1  0.000e+00
  430869513    191.682    193.407   3.401580   3.401384    33.7299    33.7289     6.7756     6.7744     6.7582     6.7570     0.0000     0.0000     0.0794    94.2020     0.0024     4.3968   19.04930    1.30353     56.716    26.4509    26.4503    1479.37          0      15359          1  0.000e+00
  430869513    191.614    193.337   3.401574   3.401371    33.7295    33.7285     6.7760     6.7747     6.7586     6.7573     0.0000     0.0000     0.0794    94.2020     0.0024     4.3968   19.04405    1.30317     56.700    26.4506    26.4500    1479.37          0      15360          1  0.000e+00
  430869513    191.589    193.312   3.401594   3.401384    33.7299    33.7290     6.7758     6.7744     6.7584     6.7570     0.0000     0.0000     0.0781    94.2020     0.0024     4.3968   18.98350    1.29902     56.519    26.4509    26.4504    1479.37          0      15361          1  0.000e+00
  430869513    191.570    193.293   3.401600   3.401352    33.7298    33.7283     6.7760     6.7747     6.7586     6.7573     0.0000     0.0000     0.0781    94.2020     0.0024     4.3968   19.03532    1.30257     56.674    26.4508    26.4498    1479.37          0      15362          1  0.000e+00
  430869513    191.589    193.312   3.401600   3.401358    33.7303    33.7286     6.7755     6.7745     6.7581     6.7571     0.0000     0.0000     0.0781    94.2020     0.0024     4.3968   19.03132    1.30230     56.662    26.4512    26.4500    1479.37          0      15363          1  0.000e+00
  430869513    191.545    193.268   3.401580   3.401345    33.7302    33.7284     6.7753     6.7745     6.7579     6.7571     0.0000     0.0000     0.0781    94.2020     0.0024     4.3968   19.02716    1.30202     56.650    26.4512    26.4499    1479.36          0      15364          1  0.000e+00
  430869513    191.520    193.243   3.401521   3.401378    33.7296    33.7286     6.7753     6.7747     6.7579     6.7573     0.0000     0.0000     0.0794    94.2020     0.0024     4.3968   19.02304    1.30175     56.638    26.4507    26.4501    1479.36          0      15365          1  0.000e+00
  430869513    191.545    193.268   3.401574   3.401397    33.7303    33.7288     6.7752     6.7747     6.7578     6.7573     0.0000     0.0000     0.0794    94.2020     0.0024     4.3968   19.01905    1.30147     56.626    26.4513    26.4502    1479.36          0      15366          1  0.000e+00
  430869513    191.520    193.243   3.401554   3.401352    33.7302    33.7287     6.7750     6.7744     6.7577     6.7570     0.0000     0.0000     0.0781    94.2020     0.0024     4.3968   19.01494    1.30119     56.614    26.4513    26.4501    1479.36          0      15367          1  0.000e+00
  430869513    191.501    193.224   3.401561   3.401378    33.7300    33.7293     6.7753     6.7741     6.7579     6.7567     0.0000     0.0000     0.0794    94.2281     0.0024     4.3980   19.02351    1.30177     56.639    26.4511    26.4506    1479.36          0      15368          1  0.000e+00
  430869513    191.520    193.243   3.401574   3.401352    33.7302    33.7288     6.7753     6.7742     6.7579     6.7568     0.0000     0.0000     0.0794    94.2543     0.0024     4.3993   19.02000    1.30153     56.629    26.4512    26.4503    1479.36          0      15369          1  0.000e+00
  430869513    191.451    193.173   3.401534   3.401339    33.7296    33.7287     6.7755     6.7742     6.7581     6.7568     0.0000     0.0000     0.0781    94.2543     0.0024     4.3993   19.01628    1.30128     56.618    26.4507    26.4502    1479.36          0      15370          1  0.000e+00
  430869514    191.501    193.224   3.401580   3.401358    33.7299    33.7288     6.7756     6.7744     6.7583     6.7570     0.0000     0.0000     0.0781    94.2543     0.0024     4.3993   19.01284    1.30104     56.607    26.4510    26.4502    1479.36          0      15371          1  0.000e+00
  430869514    191.476    193.198   3.401554   3.401365    33.7297    33.7289     6.7756     6.7743     6.7583     6.7569     0.0000     0.0000     0.0794    94.2281     0.0024     4.3980   19.00923    1.30079     56.596    26.4507    26.4503    1479.36          0      15372          1  0.000e+00
  430869621    175.431    177.002   3.401951   3.401655    33.7176    33.7179     6.8004     6.7968     6.7845     6.7809     0.0000     0.0000     0.0794    93.7573     0.0026     4.3761   19.64912    1.34392     58.473    26.4377    26.4384    1479.18          0      17939          2  0.000e+00
  430869621    175.431    177.002   3.401918   3.401623    33.7184    33.7174     6.7993     6.7969     6.7834     6.7810     0.0000     0.0000     0.0806    93.7573     0.0026     4.3761   19.57925    1.33917     58.267    26.4385    26.4380    1479.18          0      17940          2  0.000e+00
  430869621    175.387    176.958   3.401879   3.401649    33.7184    33.7175     6.7988     6.7971     6.7829     6.7812     0.0000     0.0000     0.0806    93.7573     0.0026     4.3761   19.56504    1.33821     58.225    26.4385    26.4381    1479.17          0      17941          2  0.000e+00
  430869621    175.344    176.914   3.401892   3.401687    33.7188    33.7176     6.7985     6.7975     6.7826     6.7815     0.0000     0.0000     0.0794    93.7573     0.0026     4.3761   19.56343    1.33810     58.220    26.4390    26.4381    1479.17          0      17942          2  0.000e+00
